0 0.41388888888888886 0.3993055555555556 0.41805555555555557 0.4045138888888889 0.4152777777777778 0.4201388888888889 0.40694444444444444 0.4270833333333333 0.4 0.4253472222222222 0.39861111111111114 0.421875 0.4 0.4114583333333333 0.40555555555555556 0.4045138888888889 0.4125 0.4010416666666667
0 0.6611111111111111 0.5260416666666666 0.6638888888888889 0.53125 0.6638888888888889 0.5416666666666666 0.6583333333333333 0.5486111111111112 0.6513888888888889 0.5486111111111112 0.6486111111111111 0.5451388888888888 0.6472222222222223 0.5364583333333334 0.6513888888888889 0.5260416666666666 0.6541666666666667 0.5243055555555556 0.6597222222222222 0.5260416666666666
0 0.5222222222222223 0.7795138888888888 0.5277777777777778 0.7829861111111112 0.5263888888888889 0.7934027777777778 0.5222222222222223 0.8020833333333334 0.5180555555555556 0.8055555555555556 0.5111111111111111 0.8055555555555556 0.5069444444444444 0.8003472222222222 0.5083333333333333 0.7864583333333334 0.5125 0.7829861111111112 0.5208333333333334 0.78125
0 0.2625 0.1076388888888889 0.2652777777777778 0.1111111111111111 0.26666666666666666 0.12152777777777778 0.2638888888888889 0.1267361111111111 0.25833333333333336 0.13020833333333334 0.2513888888888889 0.13020833333333334 0.24861111111111112 0.1267361111111111 0.24861111111111112 0.11631944444444445 0.25555555555555554 0.10590277777777778 0.2611111111111111 0.1076388888888889
0 0.5888888888888889 0.7934027777777778 0.5916666666666667 0.7986111111111112 0.5916666666666667 0.8090277777777778 0.5875 0.8125 0.5763888888888888 0.8107638888888888 0.5722222222222222 0.8020833333333334 0.5722222222222222 0.7951388888888888 0.575 0.7899305555555556 0.5847222222222223 0.7899305555555556 0.5875 0.7934027777777778
0 0.5847222222222223 0.4392361111111111 0.013888888888888888 0.03125
0 0.11944444444444445 0.1232638888888889 0.12361111111111112 0.1284722222222222 0.12638888888888888 0.1371527777777778 0.125 0.14756944444444445 0.12083333333333333 0.1527777777777778 0.11527777777777778 0.15104166666666666 0.1125 0.1423611111111111 0.1125 0.13020833333333334 0.11805555555555555 0.1232638888888889
0 0.6208333333333333 0.006944444444444444 0.6361111111111111 0.015625 0.6333333333333333 0.020833333333333332 0.6208333333333333 0.027777777777777776 0.6097222222222223 0.027777777777777776 0.6055555555555555 0.022569444444444444 0.6055555555555555 0.012152777777777778 0.6097222222222223 0.006944444444444444 0.6194444444444445 0.006944444444444444
0 0.8791666666666667 0.5399305555555556 0.8902777777777777 0.5538194444444444 0.8916666666666667 0.5625 0.8902777777777777 0.5711805555555556 0.8847222222222222 0.5729166666666666 0.8763888888888889 0.5625 0.8763888888888889 0.5416666666666666 0.8777777777777778 0.5416666666666666
0 0.6986111111111111 0.4375 0.7041666666666667 0.4409722222222222 0.7152777777777778 0.4427083333333333 0.7208333333333333 0.4513888888888889 0.7208333333333333 0.4600694444444444 0.7166666666666667 0.4635416666666667 0.7097222222222223 0.4618055555555556 0.6972222222222222 0.4427083333333333 0.6972222222222222 0.4392361111111111
0 0.30972222222222223 0.9270833333333334 0.3138888888888889 0.9322916666666666 0.31666666666666665 0.9409722222222222 0.31666666666666665 0.953125 0.3125 0.9583333333333334 0.3055555555555556 0.9583333333333334 0.3013888888888889 0.953125 0.30277777777777776 0.9340277777777778 0.30833333333333335 0.9288194444444444
0 0.21805555555555556 0.7517361111111112 0.22361111111111112 0.7534722222222222 0.22361111111111112 0.7604166666666666 0.2152777777777778 0.7708333333333334 0.2111111111111111 0.7725694444444444 0.20277777777777778 0.7673611111111112 0.20277777777777778 0.7586805555555556 0.20972222222222223 0.7517361111111112 0.21666666666666667 0.7517361111111112
0 0.044444444444444446 0.8836805555555556 0.05138888888888889 0.8854166666666666 0.05694444444444444 0.8923611111111112 0.06111111111111111 0.9027777777777778 0.058333333333333334 0.9131944444444444 0.05 0.9149305555555556 0.04583333333333333 0.9097222222222222 0.044444444444444446 0.9027777777777778 0.043055555555555555 0.8940972222222222 0.044444444444444446 0.8854166666666666
0 0.9388888888888889 0.13020833333333334 0.9416666666666667 0.1371527777777778 0.9416666666666667 0.1527777777777778 0.9388888888888889 0.1597222222222222 0.9361111111111111 0.16319444444444445 0.9319444444444445 0.16319444444444445 0.9291666666666667 0.1597222222222222 0.9291666666666667 0.140625 0.9319444444444445 0.13541666666666666 0.9375 0.13194444444444445
0 0.6569444444444444 0.8402777777777778 0.6597222222222222 0.84375 0.6597222222222222 0.8524305555555556 0.6555555555555556 0.859375 0.65 0.8611111111111112 0.6375 0.8559027777777778 0.6361111111111111 0.8524305555555556 0.6444444444444445 0.8420138888888888 0.65 0.8385416666666666 0.6555555555555556 0.8402777777777778
0 0.8652777777777778 0.4461805555555556 0.8722222222222222 0.4513888888888889 0.8777777777777778 0.4600694444444444 0.8777777777777778 0.46875 0.875 0.4722222222222222 0.8666666666666667 0.4722222222222222 0.8583333333333333 0.4600694444444444 0.8541666666666666 0.4461805555555556 0.8555555555555555 0.4444444444444444 0.8638888888888889 0.4461805555555556
0 0.7361111111111112 0.2152777777777778 0.7388888888888889 0.2309027777777778 0.7472222222222222 0.2482638888888889 0.7472222222222222 0.2621527777777778 0.7430555555555556 0.2673611111111111 0.7347222222222223 0.2638888888888889 0.725 0.2465277777777778 0.725 0.2309027777777778 0.7305555555555555 0.21875 0.7347222222222223 0.2152777777777778
0 0.9347222222222222 0.6805555555555556 0.9388888888888889 0.6857638888888888 0.9430555555555555 0.7065972222222222 0.9416666666666667 0.7222222222222222 0.9388888888888889 0.7291666666666666 0.9319444444444445 0.7309027777777778 0.9277777777777778 0.7222222222222222 0.9277777777777778 0.6979166666666666 0.9333333333333333 0.6822916666666666
0 0.6541666666666667 0.4895833333333333 0.6763888888888889 0.5069444444444444 0.6777777777777778 0.5173611111111112 0.6722222222222223 0.5208333333333334 0.6611111111111111 0.515625 0.6555555555555556 0.515625 0.6458333333333334 0.5069444444444444 0.6444444444444445 0.4965277777777778 0.6472222222222223 0.4913194444444444 0.6527777777777778 0.4895833333333333
0 0.8555555555555555 0.001736111111111111 0.8611111111111112 0.012152777777777778 0.8597222222222223 0.026041666666666668 0.85 0.026041666666666668 0.8472222222222222 0.022569444444444444 0.8458333333333333 0.003472222222222222 0.8486111111111111 0 0.8541666666666666 0.001736111111111111
0 0.9375 0.9409722222222222 0.9388888888888889 0.9496527777777778 0.9347222222222222 0.9600694444444444 0.9291666666666667 0.96875 0.9208333333333333 0.9722222222222222 0.9125 0.9704861111111112 0.9138888888888889 0.9583333333333334 0.925 0.9427083333333334 0.9305555555555556 0.9392361111111112 0.9361111111111111 0.9409722222222222
0 0.25 0.6041666666666666 0.2611111111111111 0.6076388888888888 0.2611111111111111 0.6128472222222222 0.25555555555555554 0.6197916666666666 0.24027777777777778 0.6302083333333334 0.23055555555555557 0.6284722222222222 0.23055555555555557 0.6180555555555556 0.2361111111111111 0.6076388888888888 0.24861111111111112 0.6041666666666666
0 0.5736111111111111 0.9357638888888888 0.5763888888888888 0.9392361111111112 0.5763888888888888 0.9479166666666666 0.5722222222222222 0.953125 0.5638888888888889 0.9513888888888888 0.5625 0.9444444444444444 0.5652777777777778 0.9357638888888888 0.5722222222222222 0.9357638888888888
0 0.8777777777777778 0.9765625 0.019444444444444445 0.03993055555555555
0 0.8847222222222222 0.8246527777777778 0.8902777777777777 0.8315972222222222 0.8916666666666667 0.8559027777777778 0.8888888888888888 0.8628472222222222 0.8819444444444444 0.8680555555555556 0.8763888888888889 0.8680555555555556 0.8680555555555556 0.8628472222222222 0.8652777777777778 0.8576388888888888 0.8652777777777778 0.8402777777777778 0.8722222222222222 0.8298611111111112 0.8791666666666667 0.8246527777777778 0.8833333333333333 0.8246527777777778
0 0.32083333333333336 0.6996527777777778 0.019444444444444445 0.013888888888888888
0 0.8513888888888889 0.05555555555555555 0.8555555555555555 0.0642361111111111 0.8555555555555555 0.0763888888888889 0.8527777777777777 0.08506944444444445 0.8486111111111111 0.09027777777777778 0.8388888888888889 0.08680555555555555 0.8333333333333334 0.0798611111111111 0.8319444444444445 0.07291666666666667 0.8333333333333334 0.0625 0.8388888888888889 0.05381944444444445 0.85 0.05555555555555555
0 0.9527777777777777 0.6440972222222222 0.9541666666666667 0.6614583333333334 0.9513888888888888 0.6649305555555556 0.9430555555555555 0.6631944444444444 0.9444444444444444 0.65625 0.9513888888888888 0.6458333333333334
0 0.6472222222222223 0.5434027777777778 0.6527777777777778 0.5503472222222222 0.6513888888888889 0.5677083333333334 0.6472222222222223 0.578125 0.6430555555555556 0.5833333333333334 0.6361111111111111 0.5833333333333334 0.6319444444444444 0.5729166666666666 0.6319444444444444 0.5642361111111112 0.6361111111111111 0.5538194444444444 0.6458333333333334 0.5451388888888888