0 0.41805555555555557 0.3993055555555556 0.41944444444444445 0.4114583333333333 0.4166666666666667 0.4184027777777778 0.4083333333333333 0.4253472222222222 0.4 0.4236111111111111 0.39861111111111114 0.4131944444444444 0.4097222222222222 0.4010416666666667 0.4166666666666667 0.3993055555555556
0 0.5222222222222223 0.7795138888888888 0.5263888888888889 0.78125 0.5277777777777778 0.7847222222222222 0.525 0.7986111111111112 0.5180555555555556 0.8055555555555556 0.5111111111111111 0.8055555555555556 0.5069444444444444 0.8003472222222222 0.5083333333333333 0.7881944444444444 0.5138888888888888 0.7829861111111112 0.5208333333333334 0.78125
0 0.25416666666666665 0.1076388888888889 0.2611111111111111 0.10590277777777778 0.26666666666666666 0.1111111111111111 0.2652777777777778 0.1267361111111111 0.25833333333333336 0.13020833333333334 0.2513888888888889 0.13020833333333334 0.24861111111111112 0.11979166666666667 0.25416666666666665 0.109375
0 0.5847222222222223 0.7899305555555556 0.5916666666666667 0.796875 0.5930555555555556 0.8020833333333334 0.5930555555555556 0.8072916666666666 0.5888888888888889 0.8125 0.5791666666666667 0.8125 0.5736111111111111 0.8055555555555556 0.5736111111111111 0.7934027777777778 0.5763888888888888 0.7899305555555556 0.5833333333333334 0.7899305555555556
0 0.12013888888888889 0.13975694444444445 0.0125 0.029513888888888888
0 0.5902777777777778 0.421875 0.5944444444444444 0.4270833333333333 0.5972222222222222 0.4357638888888889 0.5958333333333333 0.4496527777777778 0.5930555555555556 0.453125 0.5875 0.453125 0.5833333333333334 0.4444444444444444 0.5847222222222223 0.4253472222222222 0.5888888888888889 0.421875
0 0.6625 0.5260416666666666 0.6652777777777777 0.53125 0.6652777777777777 0.5399305555555556 0.6597222222222222 0.5486111111111112 0.6527777777777778 0.5486111111111112 0.6486111111111111 0.5434027777777778 0.6486111111111111 0.5364583333333334 0.65 0.5277777777777778 0.6527777777777778 0.5243055555555556 0.6611111111111111 0.5260416666666666
0 0.6208333333333333 0.006944444444444444 0.6333333333333333 0.012152777777777778 0.6388888888888888 0.017361111111111112 0.6236111111111111 0.027777777777777776 0.6111111111111112 0.027777777777777776 0.6069444444444444 0.022569444444444444 0.6083333333333333 0.010416666666666666 0.6125 0.006944444444444444 0.6194444444444445 0.006944444444444444
0 0.7027777777777777 0.4392361111111111 0.7152777777777778 0.4409722222222222 0.7222222222222222 0.4496527777777778 0.7236111111111111 0.4548611111111111 0.7208333333333333 0.4618055555555556 0.7111111111111111 0.4618055555555556 0.7055555555555556 0.4565972222222222 0.6986111111111111 0.4427083333333333 0.7013888888888888 0.4392361111111111
0 0.21805555555555556 0.7517361111111112 0.22361111111111112 0.7534722222222222 0.225 0.7586805555555556 0.21666666666666667 0.7708333333333334 0.20694444444444443 0.7708333333333334 0.20416666666666666 0.765625 0.20416666666666666 0.7586805555555556 0.20694444444444443 0.7534722222222222 0.21666666666666667 0.7517361111111112
0 0.8854166666666666 0.5572916666666666 0.015277777777777777 0.03125
0 0.043055555555555555 0.8802083333333334 0.058333333333333334 0.8958333333333334 0.06111111111111111 0.9045138888888888 0.059722222222222225 0.9131944444444444 0.05694444444444444 0.9166666666666666 0.05 0.9166666666666666 0.04583333333333333 0.9114583333333334 0.043055555555555555 0.9027777777777778 0.043055555555555555 0.8819444444444444
0 0.9388888888888889 0.13020833333333334 0.9416666666666667 0.13194444444444445 0.9444444444444444 0.140625 0.9444444444444444 0.14756944444444445 0.9402777777777778 0.16145833333333334 0.9347222222222222 0.16319444444444445 0.9319444444444445 0.16145833333333334 0.9305555555555556 0.15625 0.9305555555555556 0.140625 0.9375 0.13194444444444445
0 0.6597222222222222 0.8402777777777778 0.6611111111111111 0.8541666666666666 0.6541666666666667 0.8611111111111112 0.6444444444444445 0.859375 0.6402777777777777 0.8559027777777778 0.6333333333333333 0.8559027777777778 0.6333333333333333 0.8541666666666666 0.6486111111111111 0.8402777777777778 0.6527777777777778 0.8385416666666666 0.6583333333333333 0.8402777777777778
0 0.9347222222222222 0.7083333333333334 0.016666666666666666 0.04513888888888889
0 0.7354166666666667 0.2421875 0.02361111111111111 0.050347222222222224
0 0.8638888888888889 0.4444444444444444 0.8694444444444445 0.4479166666666667 0.8777777777777778 0.4583333333333333 0.8791666666666667 0.46875 0.8763888888888889 0.4739583333333333 0.8652777777777778 0.4722222222222222 0.8583333333333333 0.4600694444444444 0.8541666666666666 0.4461805555555556 0.8625 0.4444444444444444
0 0.6694444444444444 0.5 0.675 0.5034722222222222 0.6791666666666667 0.5104166666666666 0.6791666666666667 0.5173611111111112 0.6763888888888889 0.5208333333333334 0.6708333333333333 0.5208333333333334 0.6625 0.515625 0.6541666666666667 0.5138888888888888 0.6472222222222223 0.5069444444444444 0.6458333333333334 0.4965277777777778 0.6527777777777778 0.4895833333333333 0.6611111111111111 0.4913194444444444 0.6680555555555555 0.5
0 0.8777777777777778 0.9756944444444444 0.019444444444444445 0.03819444444444445
0 0.24027777777777778 0.6362847222222222 0.041666666666666664 0.022569444444444444
0 0.8513888888888889 0.05555555555555555 0.8555555555555555 0.0642361111111111 0.8555555555555555 0.0798611111111111 0.8513888888888889 0.09027777777777778 0.8486111111111111 0.0920138888888889 0.8402777777777778 0.08854166666666667 0.8347222222222223 0.08159722222222222 0.8333333333333334 0.06770833333333333 0.8388888888888889 0.05555555555555555 0.8416666666666667 0.05381944444444445 0.85 0.05555555555555555
0 0.9527777777777777 0.9357638888888888 0.9541666666666667 0.9375 0.9527777777777777 0.9583333333333334 0.9402777777777778 0.9548611111111112 0.9375 0.9496527777777778 0.9430555555555555 0.9409722222222222 0.9513888888888888 0.9357638888888888
0 0.8847222222222222 0.8246527777777778 0.8902777777777777 0.8298611111111112 0.8930555555555556 0.8420138888888888 0.8930555555555556 0.8559027777777778 0.8902777777777777 0.8628472222222222 0.8833333333333333 0.8697916666666666 0.8763888888888889 0.8697916666666666 0.8708333333333333 0.8663194444444444 0.8652777777777778 0.8559027777777778 0.8652777777777778 0.8420138888888888 0.8680555555555556 0.8368055555555556 0.8833333333333333 0.8246527777777778
0 0.32083333333333336 0.6996527777777778 0.019444444444444445 0.013888888888888888
0 0.5722222222222222 0.9357638888888888 0.5763888888888888 0.9409722222222222 0.5763888888888888 0.9479166666666666 0.5722222222222222 0.953125 0.5638888888888889 0.9513888888888888 0.5625 0.9461805555555556 0.5638888888888889 0.9392361111111112 0.5666666666666667 0.9357638888888888 0.5708333333333333 0.9357638888888888