0 0.47291666666666665 0.9079861111111112 0.020833333333333332 0.024305555555555556
0 0.23333333333333334 0.5972222222222222 0.24027777777777778 0.6024305555555556 0.24305555555555555 0.6111111111111112 0.24166666666666667 0.6180555555555556 0.2375 0.6215277777777778 0.22777777777777777 0.6180555555555556 0.22361111111111112 0.609375 0.225 0.6006944444444444 0.22777777777777777 0.5972222222222222 0.23194444444444445 0.5972222222222222
0 0.1597222222222222 0.5711805555555556 0.1638888888888889 0.5746527777777778 0.16666666666666666 0.5815972222222222 0.16527777777777777 0.5885416666666666 0.1597222222222222 0.59375 0.15 0.59375 0.1375 0.5850694444444444 0.13194444444444445 0.578125 0.14305555555555555 0.5711805555555556 0.15833333333333333 0.5711805555555556
0 0.9166666666666666 0.3524305555555556 0.9194444444444444 0.3576388888888889 0.9194444444444444 0.3663194444444444 0.9138888888888889 0.3715277777777778 0.9 0.3715277777777778 0.8972222222222223 0.3680555555555556 0.8972222222222223 0.3628472222222222 0.9069444444444444 0.3506944444444444 0.9152777777777777 0.3524305555555556
0 0.4875 0.9583333333333334 0.49027777777777776 0.9600694444444444 0.49166666666666664 0.9704861111111112 0.4847222222222222 0.9809027777777778 0.4791666666666667 0.984375 0.46944444444444444 0.984375 0.4666666666666667 0.9809027777777778 0.4666666666666667 0.96875 0.4791666666666667 0.9583333333333334 0.48333333333333334 0.9565972222222222 0.4861111111111111 0.9583333333333334
0 0.4486111111111111 0.7170138888888888 0.45 0.7361111111111112 0.4444444444444444 0.7430555555555556 0.4375 0.7430555555555556 0.43194444444444446 0.7395833333333334 0.42916666666666664 0.7361111111111112 0.42916666666666664 0.7291666666666666 0.44027777777777777 0.7170138888888888 0.44722222222222224 0.7170138888888888
0 0.5 0.7378472222222222 0.5027777777777778 0.7413194444444444 0.5 0.7517361111111112 0.49444444444444446 0.7586805555555556 0.4875 0.7621527777777778 0.48333333333333334 0.7604166666666666 0.48055555555555557 0.7534722222222222 0.49166666666666664 0.7395833333333334 0.4986111111111111 0.7378472222222222
0 0.45555555555555555 0.6284722222222222 0.46111111111111114 0.6388888888888888 0.46111111111111114 0.6527777777777778 0.45694444444444443 0.6614583333333334 0.4513888888888889 0.6631944444444444 0.44722222222222224 0.6579861111111112 0.4486111111111111 0.6371527777777778 0.45416666666666666 0.6302083333333334
0 0.4638888888888889 0.7048611111111112 0.4708333333333333 0.7118055555555556 0.4722222222222222 0.734375 0.46944444444444444 0.7430555555555556 0.4638888888888889 0.75 0.4597222222222222 0.7517361111111112 0.45416666666666666 0.75 0.45 0.7413194444444444 0.4513888888888889 0.7222222222222222 0.45 0.7083333333333334 0.45416666666666666 0.703125 0.4625 0.7048611111111112
0 0.2513888888888889 0.17708333333333334 0.25555555555555554 0.18229166666666666 0.25416666666666665 0.2013888888888889 0.2513888888888889 0.21006944444444445 0.24722222222222223 0.2152777777777778 0.24166666666666667 0.2152777777777778 0.2375 0.2065972222222222 0.2388888888888889 0.1909722222222222 0.25 0.17881944444444445
0 0.5875 0.4670138888888889 0.5958333333333333 0.4756944444444444 0.6013888888888889 0.4878472222222222 0.6013888888888889 0.4947916666666667 0.5875 0.4947916666666667 0.5819444444444445 0.4895833333333333 0.5777777777777777 0.4774305555555556 0.5777777777777777 0.4704861111111111 0.5805555555555556 0.4652777777777778 0.5861111111111111 0.4670138888888889
0 0.32083333333333336 0.7552083333333334 0.325 0.7604166666666666 0.3277777777777778 0.7708333333333334 0.3277777777777778 0.7829861111111112 0.325 0.7899305555555556 0.32222222222222224 0.7934027777777778 0.31527777777777777 0.7934027777777778 0.3125 0.7864583333333334 0.3138888888888889 0.7725694444444444 0.3194444444444444 0.7569444444444444
0 0.6916666666666667 0.5642361111111112 0.7041666666666667 0.5798611111111112 0.6958333333333333 0.5850694444444444 0.6819444444444445 0.5850694444444444 0.6777777777777778 0.5815972222222222 0.6777777777777778 0.5694444444444444 0.6833333333333333 0.5642361111111112 0.6902777777777778 0.5642361111111112
0 0.8527777777777777 0.2916666666666667 0.8569444444444444 0.3003472222222222 0.8569444444444444 0.3125 0.8513888888888889 0.3194444444444444 0.8472222222222222 0.3177083333333333 0.8430555555555556 0.3090277777777778 0.8444444444444444 0.2951388888888889 0.8472222222222222 0.2916666666666667 0.8513888888888889 0.2916666666666667
0 0.47638888888888886 0.625 0.48055555555555557 0.625 0.4847222222222222 0.640625 0.4847222222222222 0.6527777777777778 0.48055555555555557 0.6649305555555556 0.4722222222222222 0.6666666666666666 0.46944444444444444 0.6631944444444444 0.46944444444444444 0.6493055555555556 0.47638888888888886 0.6267361111111112
0 0.7194444444444444 0.265625 0.7208333333333333 0.2673611111111111 0.7194444444444444 0.2743055555555556 0.7041666666666667 0.2934027777777778 0.6986111111111111 0.2934027777777778 0.6944444444444444 0.2881944444444444 0.6930555555555555 0.2847222222222222 0.6944444444444444 0.2725694444444444 0.6986111111111111 0.2673611111111111 0.7069444444444445 0.2638888888888889 0.7180555555555556 0.265625
0 0.4166666666666667 0.10069444444444445 0.4236111111111111 0.109375 0.4236111111111111 0.11284722222222222 0.41805555555555557 0.11631944444444445 0.39444444444444443 0.11631944444444445 0.3902777777777778 0.1111111111111111 0.3902777777777778 0.10416666666666667 0.3972222222222222 0.09722222222222222 0.4097222222222222 0.09722222222222222 0.4152777777777778 0.10069444444444445
0 0.2388888888888889 0.4791666666666667 0.24444444444444444 0.4826388888888889 0.2513888888888889 0.4947916666666667 0.24861111111111112 0.5104166666666666 0.24583333333333332 0.5173611111111112 0.24027777777777778 0.5225694444444444 0.22916666666666666 0.5225694444444444 0.22361111111111112 0.5190972222222222 0.21944444444444444 0.5121527777777778 0.21944444444444444 0.4895833333333333 0.2222222222222222 0.484375 0.22777777777777777 0.4791666666666667 0.2375 0.4791666666666667
0 0.7166666666666667 0.8958333333333334 0.7277777777777777 0.9097222222222222 0.7277777777777777 0.9201388888888888 0.7236111111111111 0.9305555555555556 0.7097222222222223 0.9201388888888888 0.7041666666666667 0.9114583333333334 0.7041666666666667 0.8975694444444444 0.7069444444444445 0.8940972222222222 0.7152777777777778 0.8958333333333334
0 0.2548611111111111 0.13541666666666666 0.015277777777777777 0.024305555555555556
0 0.8763888888888889 0.5138888888888888 0.8833333333333333 0.5208333333333334 0.8833333333333333 0.5364583333333334 0.8638888888888889 0.5451388888888888 0.8597222222222223 0.5451388888888888 0.8555555555555555 0.5399305555555556 0.8541666666666666 0.5329861111111112 0.8555555555555555 0.5190972222222222 0.8625 0.5138888888888888 0.875 0.5138888888888888
0 0.8791666666666667 0.5381944444444444 0.8861111111111111 0.546875 0.8833333333333333 0.5555555555555556 0.8722222222222222 0.5625 0.8611111111111112 0.5625 0.8583333333333333 0.5590277777777778 0.8611111111111112 0.546875 0.8736111111111111 0.5399305555555556 0.8777777777777778 0.5399305555555556
0 0.7930555555555555 0.3680555555555556 0.7958333333333333 0.3819444444444444 0.7930555555555555 0.3940972222222222 0.7833333333333333 0.3940972222222222 0.7791666666666667 0.3888888888888889 0.7791666666666667 0.3697916666666667 0.7833333333333333 0.3663194444444444 0.7916666666666666 0.3680555555555556
0 0.7819444444444444 0.3472222222222222 0.7847222222222222 0.3524305555555556 0.7847222222222222 0.3663194444444444 0.7819444444444444 0.3697916666666667 0.775 0.3680555555555556 0.7680555555555556 0.359375 0.7680555555555556 0.3506944444444444 0.7722222222222223 0.3454861111111111 0.7805555555555556 0.3472222222222222
0 0.32916666666666666 0.5069444444444444 0.3458333333333333 0.5190972222222222 0.3472222222222222 0.53125 0.34305555555555556 0.5364583333333334 0.3333333333333333 0.5364583333333334 0.3236111111111111 0.5295138888888888 0.32083333333333336 0.5225694444444444 0.32083333333333336 0.515625 0.3277777777777778 0.5069444444444444
0 0.8194444444444444 0.8732638888888888 0.825 0.8802083333333334 0.825 0.8958333333333334 0.8208333333333333 0.9010416666666666 0.8152777777777778 0.9010416666666666 0.8111111111111111 0.8975694444444444 0.8111111111111111 0.8802083333333334 0.8138888888888889 0.875 0.8180555555555555 0.8732638888888888
0 0.5666666666666667 0.8472222222222222 0.575 0.8524305555555556 0.575 0.8611111111111112 0.5722222222222222 0.8663194444444444 0.5666666666666667 0.8680555555555556 0.5583333333333333 0.8611111111111112 0.5569444444444445 0.8559027777777778 0.5652777777777778 0.8489583333333334
0 0.8201388888888889 0.8541666666666666 0.018055555555555554 0.027777777777777776
0 0.9305555555555556 0.1076388888888889 0.9333333333333333 0.1111111111111111 0.9333333333333333 0.13541666666666666 0.9277777777777778 0.140625 0.925 0.140625 0.9208333333333333 0.13541666666666666 0.9180555555555555 0.109375 0.9208333333333333 0.10590277777777778 0.9291666666666667 0.1076388888888889
0 0.2513888888888889 0.8611111111111112 0.25416666666666665 0.8645833333333334 0.25416666666666665 0.875 0.25277777777777777 0.8836805555555556 0.24722222222222223 0.8888888888888888 0.2388888888888889 0.8888888888888888 0.23055555555555557 0.8854166666666666 0.23055555555555557 0.8732638888888888 0.2361111111111111 0.8663194444444444 0.25 0.8611111111111112
0 0.8041666666666667 0.484375 0.8069444444444445 0.4861111111111111 0.8083333333333333 0.4947916666666667 0.8027777777777778 0.5 0.7888888888888889 0.4982638888888889 0.7888888888888889 0.4947916666666667 0.7958333333333333 0.4861111111111111 0.8027777777777778 0.484375
0 0.4875 0.8472222222222222 0.49027777777777776 0.8524305555555556 0.49027777777777776 0.859375 0.4861111111111111 0.8645833333333334 0.4791666666666667 0.8628472222222222 0.48055555555555557 0.8506944444444444 0.4861111111111111 0.8472222222222222
0 0.3375 0.7326388888888888 0.33611111111111114 0.7170138888888888 0.3388888888888889 0.7118055555555556 0.3458333333333333 0.7118055555555556 0.3527777777777778 0.7239583333333334 0.35138888888888886 0.7326388888888888 0.3486111111111111 0.734375 0.3388888888888889 0.7326388888888888