0 0.29305555555555557 0.0954861111111111 0.2972222222222222 0.10243055555555555 0.2986111111111111 0.1111111111111111 0.29444444444444445 0.11805555555555555 0.2861111111111111 0.12152777777777778 0.2791666666666667 0.11805555555555555 0.2777777777777778 0.1076388888888889 0.2847222222222222 0.0954861111111111 0.2916666666666667 0.0954861111111111
0 0.23194444444444445 0.7395833333333334 0.2361111111111111 0.7413194444444444 0.2388888888888889 0.7482638888888888 0.23333333333333334 0.7569444444444444 0.22361111111111112 0.7621527777777778 0.21805555555555556 0.7604166666666666 0.21388888888888888 0.7552083333333334 0.2125 0.7465277777777778 0.21805555555555556 0.7395833333333334 0.23055555555555557 0.7395833333333334
0 0.525 0.7855902777777778 0.019444444444444445 0.026041666666666668
0 0.41805555555555557 0.4114583333333333 0.027777777777777776 0.027777777777777776
0 0.5944444444444444 0.7899305555555556 0.6013888888888889 0.8003472222222222 0.6013888888888889 0.8090277777777778 0.5972222222222222 0.8107638888888888 0.5875 0.8107638888888888 0.5833333333333334 0.8072916666666666 0.5805555555555556 0.8003472222222222 0.5819444444444445 0.7899305555555556 0.5847222222222223 0.7881944444444444 0.5930555555555556 0.7899305555555556
0 0.1388888888888889 0.125 0.016666666666666666 0.03125
0 0.675 0.5295138888888888 0.6833333333333333 0.5399305555555556 0.6833333333333333 0.5486111111111112 0.6777777777777778 0.5555555555555556 0.6694444444444444 0.5538194444444444 0.6638888888888889 0.5434027777777778 0.6666666666666666 0.5347222222222222 0.6736111111111112 0.5295138888888888
0 0.7166666666666667 0.4392361111111111 0.7236111111111111 0.4461805555555556 0.7263888888888889 0.453125 0.7263888888888889 0.4583333333333333 0.7236111111111111 0.4618055555555556 0.7138888888888889 0.4600694444444444 0.7041666666666667 0.4409722222222222 0.7069444444444445 0.4375 0.7152777777777778 0.4392361111111111
0 0.8541666666666666 0.4461805555555556 0.8666666666666667 0.4479166666666667 0.8722222222222222 0.4513888888888889 0.8777777777777778 0.4600694444444444 0.8777777777777778 0.46875 0.875 0.4722222222222222 0.8666666666666667 0.4722222222222222 0.8583333333333333 0.4600694444444444 0.8541666666666666 0.4479166666666667
0 0.9 0.5329861111111112 0.9111111111111111 0.5451388888888888 0.9125 0.5625 0.9097222222222222 0.5659722222222222 0.9041666666666667 0.5642361111111112 0.8972222222222223 0.5555555555555556 0.8958333333333334 0.5347222222222222 0.8986111111111111 0.5329861111111112
0 0.6638888888888889 0.5173611111111112 0.6708333333333333 0.5260416666666666 0.6694444444444444 0.5347222222222222 0.6638888888888889 0.5416666666666666 0.6569444444444444 0.5364583333333334 0.6541666666666667 0.5277777777777778 0.6555555555555556 0.5173611111111112 0.6569444444444444 0.515625 0.6625 0.5173611111111112
0 0.6847222222222222 0.8368055555555556 0.022222222222222223 0.020833333333333332
0 0.7333333333333333 0.22743055555555555 0.7444444444444445 0.23958333333333334 0.7472222222222222 0.2465277777777778 0.7472222222222222 0.2621527777777778 0.7430555555555556 0.2673611111111111 0.7333333333333333 0.2638888888888889 0.725 0.2517361111111111 0.7236111111111111 0.234375 0.7277777777777777 0.22743055555555555 0.7319444444444444 0.22743055555555555
0 0.7916666666666666 0.18055555555555555 0.8027777777777778 0.1840277777777778 0.8083333333333333 0.1909722222222222 0.7861111111111111 0.2048611111111111 0.775 0.2048611111111111 0.7722222222222223 0.2013888888888889 0.7722222222222223 0.19270833333333334 0.7791666666666667 0.18229166666666666 0.7902777777777777 0.18055555555555555
0 0.6888888888888889 0.4878472222222222 0.7055555555555556 0.5034722222222222 0.7069444444444445 0.515625 0.7027777777777777 0.5208333333333334 0.6930555555555555 0.5173611111111112 0.6777777777777778 0.5034722222222222 0.6763888888888889 0.4982638888888889 0.6777777777777778 0.4895833333333333 0.6819444444444445 0.4861111111111111 0.6875 0.4878472222222222
0 0.07013888888888889 0.9791666666666666 0.02638888888888889 0.027777777777777776
0 0.6333333333333333 0.010416666666666666 0.6402777777777777 0.006944444444444444 0.65 0.006944444444444444 0.6611111111111111 0.013888888888888888 0.6611111111111111 0.019097222222222224 0.6583333333333333 0.019097222222222224 0.6486111111111111 0.03125 0.6416666666666667 0.03298611111111111 0.6333333333333333 0.027777777777777776 0.6319444444444444 0.024305555555555556 0.6333333333333333 0.012152777777777778
0 0.8847222222222222 0.018229166666666668 0.025 0.036458333333333336
0 0.8868055555555555 0.96875 0.020833333333333332 0.03819444444444445
0 0.5666666666666667 0.9357638888888888 0.5722222222222222 0.9357638888888888 0.5763888888888888 0.9409722222222222 0.5763888888888888 0.9496527777777778 0.5736111111111111 0.953125 0.5666666666666667 0.953125 0.5652777777777778 0.9513888888888888 0.5666666666666667 0.9375
0 0.33194444444444443 0.6909722222222222 0.3375 0.6944444444444444 0.3388888888888889 0.7013888888888888 0.33611111111111114 0.7065972222222222 0.325 0.7100694444444444 0.3125 0.7048611111111112 0.3111111111111111 0.6996527777777778 0.31666666666666665 0.6944444444444444 0.33055555555555555 0.6909722222222222
0 0.9083333333333333 0.8194444444444444 0.9111111111111111 0.8211805555555556 0.9125 0.8263888888888888 0.9111111111111111 0.8524305555555556 0.9083333333333333 0.8611111111111112 0.9041666666666667 0.8645833333333334 0.8930555555555556 0.8645833333333334 0.8847222222222222 0.8559027777777778 0.8819444444444444 0.8489583333333334 0.8819444444444444 0.8350694444444444 0.8902777777777777 0.8263888888888888 0.8986111111111111 0.8211805555555556 0.9069444444444444 0.8194444444444444
0 0.6527777777777778 0.5416666666666666 0.6541666666666667 0.5572916666666666 0.6513888888888889 0.5711805555555556 0.6486111111111111 0.578125 0.6402777777777777 0.5850694444444444 0.6361111111111111 0.5833333333333334 0.6333333333333333 0.578125 0.6333333333333333 0.5625 0.6416666666666667 0.5451388888888888 0.6513888888888889 0.5416666666666666
0 0.8791666666666667 0.7899305555555556 0.8833333333333333 0.7916666666666666 0.8888888888888888 0.8020833333333334 0.8888888888888888 0.8072916666666666 0.8805555555555555 0.8177083333333334 0.8638888888888889 0.8177083333333334 0.8597222222222223 0.8142361111111112 0.8625 0.7986111111111112 0.8694444444444445 0.7916666666666666 0.8777777777777778 0.7899305555555556
0 0.04027777777777778 0.8663194444444444 0.043055555555555555 0.8663194444444444 0.04583333333333333 0.8715277777777778 0.04583333333333333 0.8802083333333334 0.04027777777777778 0.8836805555555556 0.04027777777777778 0.8680555555555556