0 0.41041666666666665 0.4149305555555556 0.020833333333333332 0.024305555555555556
0 0.2652777777777778 0.10416666666666667 0.2722222222222222 0.11284722222222222 0.2708333333333333 0.12152777777777778 0.2652777777777778 0.1284722222222222 0.2569444444444444 0.13368055555555555 0.25277777777777777 0.13368055555555555 0.25 0.1284722222222222 0.2513888888888889 0.11458333333333333 0.2569444444444444 0.10416666666666667 0.2611111111111111 0.10243055555555555 0.2638888888888889 0.10416666666666667
0 0.6625 0.5260416666666666 0.6666666666666666 0.53125 0.6666666666666666 0.5416666666666666 0.6597222222222222 0.5503472222222222 0.6541666666666667 0.5486111111111112 0.65 0.5434027777777778 0.65 0.5364583333333334 0.6555555555555556 0.5243055555555556 0.6611111111111111 0.5260416666666666
0 0.04583333333333333 0.8802083333333334 0.05277777777777778 0.8836805555555556 0.06111111111111111 0.8940972222222222 0.06388888888888888 0.9010416666666666 0.0625 0.9149305555555556 0.059722222222222225 0.9166666666666666 0.05138888888888889 0.9149305555555556 0.04722222222222222 0.9079861111111112 0.044444444444444446 0.8958333333333334 0.04583333333333333 0.8819444444444444
0 0.12222222222222222 0.12152777777777778 0.13055555555555556 0.13541666666666666 0.13055555555555556 0.14583333333333334 0.12638888888888888 0.15104166666666666 0.11805555555555555 0.15104166666666666 0.11527777777777778 0.14756944444444445 0.11388888888888889 0.1371527777777778 0.11527777777777778 0.1267361111111111 0.12083333333333333 0.12152777777777778
0 0.5875 0.4322916666666667 0.5930555555555556 0.4322916666666667 0.5986111111111111 0.4461805555555556 0.5986111111111111 0.4600694444444444 0.5958333333333333 0.4635416666666667 0.5902777777777778 0.4635416666666667 0.5847222222222223 0.4496527777777778 0.5847222222222223 0.4392361111111111 0.5875 0.4340277777777778
0 0.8833333333333333 0.5381944444444444 0.8944444444444445 0.5520833333333334 0.8958333333333334 0.5677083333333334 0.8930555555555556 0.5729166666666666 0.8861111111111111 0.5729166666666666 0.8791666666666667 0.5642361111111112 0.8791666666666667 0.5399305555555556 0.8819444444444444 0.5381944444444444
0 0.5263888888888889 0.78125 0.5277777777777778 0.7864583333333334 0.525 0.7986111111111112 0.5180555555555556 0.8055555555555556 0.5125 0.8055555555555556 0.5083333333333333 0.8020833333333334 0.5069444444444444 0.796875 0.5083333333333333 0.7864583333333334 0.5166666666666667 0.7795138888888888 0.525 0.78125
0 0.5875 0.7916666666666666 0.5916666666666667 0.7951388888888888 0.5930555555555556 0.8020833333333334 0.5930555555555556 0.8072916666666666 0.5888888888888889 0.8125 0.5777777777777777 0.8107638888888888 0.5736111111111111 0.8003472222222222 0.5777777777777777 0.7899305555555556 0.5861111111111111 0.7916666666666666
0 0.7097222222222223 0.4392361111111111 0.7194444444444444 0.4444444444444444 0.7222222222222222 0.4513888888888889 0.7222222222222222 0.4583333333333333 0.7180555555555556 0.4635416666666667 0.7111111111111111 0.4635416666666667 0.7055555555555556 0.4600694444444444 0.7 0.4479166666666667 0.6986111111111111 0.4427083333333333 0.7013888888888888 0.4392361111111111 0.7083333333333334 0.4392361111111111
0 0.21805555555555556 0.7465277777777778 0.225 0.75 0.2263888888888889 0.7569444444444444 0.21944444444444444 0.7673611111111112 0.2125 0.7708333333333334 0.20416666666666666 0.7638888888888888 0.20416666666666666 0.7569444444444444 0.20972222222222223 0.7482638888888888 0.21666666666666667 0.7465277777777778
0 0.6611111111111111 0.8385416666666666 0.6652777777777777 0.8506944444444444 0.6569444444444444 0.8611111111111112 0.6458333333333334 0.8576388888888888 0.6430555555555556 0.8541666666666666 0.6430555555555556 0.8489583333333334 0.65 0.8402777777777778 0.6597222222222222 0.8385416666666666
0 0.8597222222222223 0.4444444444444444 0.8708333333333333 0.4496527777777778 0.8763888888888889 0.4565972222222222 0.8777777777777778 0.4618055555555556 0.8763888888888889 0.4704861111111111 0.8680555555555556 0.4739583333333333 0.8611111111111112 0.4670138888888889 0.8555555555555555 0.4513888888888889 0.8555555555555555 0.4461805555555556 0.8583333333333333 0.4461805555555556
0 0.3527777777777778 0.9600694444444444 0.35833333333333334 0.9704861111111112 0.35833333333333334 0.9774305555555556 0.3527777777777778 0.984375 0.3472222222222222 0.9826388888888888 0.34305555555555556 0.9756944444444444 0.34444444444444444 0.9635416666666666 0.3472222222222222 0.9600694444444444 0.35138888888888886 0.9600694444444444
0 0.6236111111111111 0.006944444444444444 0.6402777777777777 0.015625 0.6388888888888888 0.020833333333333332 0.6236111111111111 0.029513888888888888 0.6138888888888889 0.029513888888888888 0.6083333333333333 0.024305555555555556 0.6083333333333333 0.012152777777777778 0.6125 0.006944444444444444 0.6222222222222222 0.006944444444444444
0 0.7263888888888889 0.22743055555555555 0.7333333333333333 0.22569444444444445 0.7444444444444445 0.24131944444444445 0.7472222222222222 0.25 0.7458333333333333 0.2638888888888889 0.7416666666666667 0.2673611111111111 0.7361111111111112 0.265625 0.725 0.25 0.7236111111111111 0.2361111111111111 0.7263888888888889 0.22916666666666666
0 0.2111111111111111 0.6336805555555556 0.025 0.03125
0 0.9388888888888889 0.6822916666666666 0.9444444444444444 0.6996527777777778 0.9444444444444444 0.7239583333333334 0.9416666666666667 0.7309027777777778 0.9375 0.7309027777777778 0.9319444444444445 0.7204861111111112 0.9319444444444445 0.6927083333333334 0.9333333333333333 0.6857638888888888 0.9375 0.6822916666666666
0 0.6611111111111111 0.4913194444444444 0.6680555555555555 0.4982638888888889 0.6777777777777778 0.5034722222222222 0.6805555555555556 0.5104166666666666 0.6805555555555556 0.5173611111111112 0.675 0.5225694444444444 0.6638888888888889 0.515625 0.6555555555555556 0.515625 0.65 0.5086805555555556 0.6472222222222223 0.5017361111111112 0.6486111111111111 0.4947916666666667 0.6541666666666667 0.4895833333333333 0.6597222222222222 0.4913194444444444
0 0.8541666666666666 0.052083333333333336 0.8597222222222223 0.06597222222222222 0.8583333333333333 0.0798611111111111 0.8541666666666666 0.09027777777777778 0.8486111111111111 0.09027777777777778 0.8402777777777778 0.08506944444444445 0.8347222222222223 0.07118055555555555 0.8388888888888889 0.059027777777777776 0.8444444444444444 0.050347222222222224 0.8527777777777777 0.052083333333333336
0 0.9409722222222222 0.14149305555555555 0.015277777777777777 0.043402777777777776
0 0.8833333333333333 0.9583333333333334 0.8861111111111111 0.9618055555555556 0.8875 0.9704861111111112 0.8861111111111111 0.9878472222222222 0.8819444444444444 0.9947916666666666 0.8722222222222222 0.9965277777777778 0.8680555555555556 0.9947916666666666 0.8694444444444445 0.9756944444444444 0.8736111111111111 0.9618055555555556 0.8791666666666667 0.9565972222222222 0.8819444444444444 0.9583333333333334
0 0.8430555555555556 0.04513888888888889 0.8458333333333333 0.046875 0.8458333333333333 0.052083333333333336 0.8347222222222223 0.07118055555555555 0.8277777777777777 0.06944444444444445 0.8263888888888888 0.05555555555555555 0.8319444444444445 0.046875 0.8416666666666667 0.04513888888888889
0 0.8902777777777777 0.828125 0.8930555555555556 0.8298611111111112 0.8958333333333334 0.8368055555555556 0.8958333333333334 0.8506944444444444 0.8916666666666667 0.8663194444444444 0.8861111111111111 0.8715277777777778 0.875 0.8697916666666666 0.8680555555555556 0.8611111111111112 0.8666666666666667 0.8506944444444444 0.8680555555555556 0.8420138888888888 0.8736111111111111 0.8333333333333334 0.8833333333333333 0.8263888888888888 0.8888888888888888 0.828125
0 0.5708333333333333 0.9435763888888888 0.011111111111111112 0.019097222222222224
0 0.6423611111111112 0.5633680555555556 0.020833333333333332 0.03993055555555555