0 0.49583333333333335 0.5763888888888888 0.5097222222222222 0.5868055555555556 0.5097222222222222 0.5920138888888888 0.5069444444444444 0.5954861111111112 0.4986111111111111 0.5989583333333334 0.49027777777777776 0.5972222222222222 0.4861111111111111 0.5902777777777778 0.4861111111111111 0.5815972222222222 0.49027777777777776 0.5763888888888888 0.49444444444444446 0.5763888888888888
0 0.7097222222222223 0.2638888888888889 0.7152777777777778 0.265625 0.7180555555555556 0.2708333333333333 0.7027777777777777 0.2864583333333333 0.6944444444444444 0.2864583333333333 0.6888888888888889 0.2760416666666667 0.6930555555555555 0.2673611111111111 0.6986111111111111 0.2638888888888889 0.7083333333333334 0.2638888888888889
0 0.7458333333333333 0.515625 0.7472222222222222 0.5225694444444444 0.7347222222222223 0.5381944444444444 0.7263888888888889 0.5381944444444444 0.7236111111111111 0.5347222222222222 0.725 0.5243055555555556 0.7347222222222223 0.515625 0.7444444444444445 0.515625
0 0.9027777777777778 0.3541666666666667 0.9097222222222222 0.3489583333333333 0.9180555555555555 0.3541666666666667 0.9180555555555555 0.3663194444444444 0.9125 0.3715277777777778 0.9013888888888889 0.3715277777777778 0.8972222222222223 0.3680555555555556 0.8972222222222223 0.3628472222222222 0.9027777777777778 0.3559027777777778
0 0.8680555555555556 0.515625 0.875 0.5208333333333334 0.8763888888888889 0.53125 0.8708333333333333 0.5399305555555556 0.8583333333333333 0.5503472222222222 0.8555555555555555 0.5503472222222222 0.8486111111111111 0.5434027777777778 0.8458333333333333 0.5295138888888888 0.8486111111111111 0.5208333333333334 0.8527777777777777 0.5173611111111112 0.8666666666666667 0.515625
0 0.48055555555555557 0.8975694444444444 0.48333333333333334 0.9010416666666666 0.48055555555555557 0.9114583333333334 0.475 0.9184027777777778 0.4708333333333333 0.9201388888888888 0.4625 0.9149305555555556 0.4625 0.90625 0.4708333333333333 0.8958333333333334 0.4791666666666667 0.8975694444444444
0 0.23055555555555557 0.6024305555555556 0.23472222222222222 0.6059027777777778 0.2375 0.6128472222222222 0.2375 0.6197916666666666 0.23472222222222222 0.6215277777777778 0.225 0.6215277777777778 0.21944444444444444 0.6145833333333334 0.21805555555555556 0.6041666666666666 0.22083333333333333 0.6006944444444444 0.22916666666666666 0.6024305555555556
0 0.14444444444444443 0.5833333333333334 0.1486111111111111 0.5885416666666666 0.1486111111111111 0.5989583333333334 0.14444444444444443 0.6041666666666666 0.12777777777777777 0.6024305555555556 0.11944444444444445 0.5972222222222222 0.11666666666666667 0.5920138888888888 0.12638888888888888 0.5850694444444444 0.14305555555555555 0.5833333333333334
0 0.3138888888888889 0.7638888888888888 0.3194444444444444 0.765625 0.3236111111111111 0.7760416666666666 0.3194444444444444 0.796875 0.3125 0.7986111111111112 0.3111111111111111 0.7743055555555556 0.3138888888888889 0.765625
0 0.8791666666666667 0.5364583333333334 0.8833333333333333 0.5381944444444444 0.8861111111111111 0.5451388888888888 0.8847222222222222 0.5520833333333334 0.8791666666666667 0.5590277777777778 0.8722222222222222 0.5625 0.8583333333333333 0.5607638888888888 0.8569444444444444 0.5520833333333334 0.8597222222222223 0.5486111111111112 0.8722222222222222 0.5381944444444444 0.8777777777777778 0.5381944444444444
0 0.4395833333333333 0.7352430555555556 0.015277777777777777 0.026041666666666668
0 0.85 0.2916666666666667 0.8555555555555555 0.3003472222222222 0.8555555555555555 0.3142361111111111 0.8527777777777777 0.3194444444444444 0.8472222222222222 0.3194444444444444 0.8430555555555556 0.3090277777777778 0.8444444444444444 0.2951388888888889 0.8486111111111111 0.2916666666666667
0 0.49166666666666664 0.7508680555555556 0.019444444444444445 0.022569444444444444
0 0.7097222222222223 0.9088541666666666 0.016666666666666666 0.026041666666666668
0 0.5875 0.46875 0.5986111111111111 0.4809027777777778 0.6013888888888889 0.4878472222222222 0.6013888888888889 0.4930555555555556 0.5958333333333333 0.4965277777777778 0.5847222222222223 0.4930555555555556 0.5791666666666667 0.4826388888888889 0.5777777777777777 0.4704861111111111 0.5805555555555556 0.4670138888888889 0.5861111111111111 0.46875
0 0.4527777777777778 0.6336805555555556 0.45555555555555555 0.6388888888888888 0.45555555555555555 0.65625 0.4486111111111111 0.6649305555555556 0.44305555555555554 0.6597222222222222 0.44166666666666665 0.6475694444444444 0.4444444444444444 0.6371527777777778 0.44722222222222224 0.6336805555555556 0.4513888888888889 0.6336805555555556
0 0.4527777777777778 0.7517361111111112 0.4486111111111111 0.7430555555555556 0.44722222222222224 0.71875 0.45694444444444443 0.7065972222222222 0.4652777777777778 0.7083333333333334 0.4708333333333333 0.7152777777777778 0.4722222222222222 0.7291666666666666 0.4708333333333333 0.7395833333333334 0.4666666666666667 0.7482638888888888 0.4597222222222222 0.7534722222222222 0.45416666666666666 0.7517361111111112
0 0.2388888888888889 0.4809027777777778 0.24722222222222223 0.4913194444444444 0.24722222222222223 0.5069444444444444 0.24444444444444444 0.515625 0.2375 0.5225694444444444 0.22361111111111112 0.5208333333333334 0.21944444444444444 0.515625 0.21666666666666667 0.5069444444444444 0.21666666666666667 0.4947916666666667 0.21944444444444444 0.4861111111111111 0.22916666666666666 0.4791666666666667 0.2375 0.4809027777777778
0 0.48055555555555557 0.9670138888888888 0.4847222222222222 0.9722222222222222 0.48333333333333334 0.9791666666666666 0.4722222222222222 0.9913194444444444 0.4625 0.9913194444444444 0.4597222222222222 0.9878472222222222 0.4597222222222222 0.9774305555555556 0.4625 0.9739583333333334 0.4791666666666667 0.96875
0 0.26944444444444443 0.1736111111111111 0.2708333333333333 0.1753472222222222 0.26944444444444443 0.18229166666666666 0.2569444444444444 0.19791666666666666 0.24861111111111112 0.19791666666666666 0.24583333333333332 0.19444444444444445 0.24722222222222223 0.1840277777777778 0.25416666666666665 0.17708333333333334 0.26805555555555555 0.1736111111111111
0 0.2569444444444444 0.1267361111111111 0.25972222222222224 0.13020833333333334 0.25972222222222224 0.140625 0.25555555555555554 0.14756944444444445 0.25 0.14756944444444445 0.24583333333333332 0.140625 0.24722222222222223 0.13020833333333334 0.25277777777777777 0.125 0.25555555555555554 0.1267361111111111
0 0.4388888888888889 0.04513888888888889 0.4527777777777778 0.06770833333333333 0.4527777777777778 0.08506944444444445 0.45 0.09027777777777778 0.44305555555555554 0.09027777777777778 0.4388888888888889 0.08506944444444445 0.4375 0.07291666666666667 0.4388888888888889 0.06597222222222222 0.43472222222222223 0.05381944444444445 0.43472222222222223 0.046875 0.4375 0.04513888888888889
0 0.33055555555555555 0.5069444444444444 0.34305555555555556 0.5208333333333334 0.34444444444444444 0.5277777777777778 0.34305555555555556 0.5329861111111112 0.3388888888888889 0.5364583333333334 0.3277777777777778 0.5364583333333334 0.32222222222222224 0.5329861111111112 0.3194444444444444 0.5260416666666666 0.31805555555555554 0.5190972222222222 0.32083333333333336 0.5104166666666666 0.325 0.5069444444444444 0.32916666666666666 0.5069444444444444
0 0.7791666666666667 0.3454861111111111 0.7847222222222222 0.3506944444444444 0.7861111111111111 0.3663194444444444 0.7833333333333333 0.3697916666666667 0.7777777777777778 0.3697916666666667 0.7736111111111111 0.3663194444444444 0.7680555555555556 0.3559027777777778 0.7680555555555556 0.3489583333333333 0.7708333333333334 0.3454861111111111 0.7777777777777778 0.3454861111111111
0 0.7902777777777777 0.3680555555555556 0.7958333333333333 0.3732638888888889 0.7944444444444444 0.375 0.7958333333333333 0.3888888888888889 0.7902777777777777 0.3940972222222222 0.7833333333333333 0.3940972222222222 0.7791666666666667 0.3888888888888889 0.7791666666666667 0.3715277777777778 0.7819444444444444 0.3680555555555556 0.7888888888888889 0.3680555555555556
0 0.4597222222222222 0.035590277777777776 0.019444444444444445 0.029513888888888888
0 0.41944444444444445 0.7291666666666666 0.4263888888888889 0.7291666666666666 0.4305555555555556 0.734375 0.4305555555555556 0.7413194444444444 0.4236111111111111 0.7447916666666666 0.41944444444444445 0.7395833333333334 0.41944444444444445 0.7309027777777778
0 0.20555555555555555 0.7482638888888888 0.20972222222222223 0.7517361111111112 0.20972222222222223 0.7586805555555556 0.20555555555555555 0.7621527777777778 0.19722222222222222 0.7604166666666666 0.19722222222222222 0.7517361111111112 0.2 0.7482638888888888 0.20416666666666666 0.7482638888888888
0 0.8125 0.8836805555555556 0.8166666666666667 0.8854166666666666 0.8208333333333333 0.8923611111111112 0.8180555555555555 0.9045138888888888 0.8138888888888889 0.9079861111111112 0.8083333333333333 0.9079861111111112 0.8041666666666667 0.9027777777777778 0.8041666666666667 0.8923611111111112 0.8083333333333333 0.8854166666666666 0.8111111111111111 0.8854166666666666
0 0.7972222222222223 0.4756944444444444 0.8 0.4791666666666667 0.7986111111111112 0.4947916666666667 0.7888888888888889 0.4947916666666667 0.7861111111111111 0.4913194444444444 0.7888888888888889 0.4809027777777778 0.7958333333333333 0.4756944444444444