0 0.4305555555555556 0.4010416666666667 0.43194444444444446 0.4097222222222222 0.42777777777777776 0.4184027777777778 0.4222222222222222 0.4236111111111111 0.4083333333333333 0.4236111111111111 0.4041666666666667 0.4166666666666667 0.4041666666666667 0.4114583333333333 0.4097222222222222 0.4045138888888889 0.42916666666666664 0.4010416666666667
0 0.2361111111111111 0.7447916666666666 0.2375 0.7465277777777778 0.2361111111111111 0.75 0.22361111111111112 0.7604166666666666 0.21805555555555556 0.7604166666666666 0.21388888888888888 0.7569444444444444 0.2125 0.7534722222222222 0.21388888888888888 0.7447916666666666 0.21666666666666667 0.7413194444444444 0.22916666666666666 0.7413194444444444 0.23472222222222222 0.7447916666666666
0 0.5319444444444444 0.7760416666666666 0.5333333333333333 0.7847222222222222 0.525 0.7986111111111112 0.5166666666666667 0.7986111111111112 0.5138888888888888 0.7934027777777778 0.5138888888888888 0.7847222222222222 0.5208333333333334 0.7760416666666666 0.525 0.7743055555555556 0.5305555555555556 0.7760416666666666
0 0.5902777777777778 0.7899305555555556 0.5972222222222222 0.7986111111111112 0.5972222222222222 0.8072916666666666 0.5944444444444444 0.8107638888888888 0.5847222222222223 0.8107638888888888 0.5805555555555556 0.8072916666666666 0.5791666666666667 0.7934027777777778 0.5819444444444445 0.7899305555555556 0.5888888888888889 0.7899305555555556
0 0.6416666666666667 0.4930555555555556 0.6472222222222223 0.4947916666666667 0.6527777777777778 0.5017361111111112 0.6527777777777778 0.5121527777777778 0.65 0.515625 0.6402777777777777 0.515625 0.6361111111111111 0.5104166666666666 0.6347222222222222 0.4947916666666667 0.6402777777777777 0.4930555555555556
0 0.1361111111111111 0.11284722222222222 0.14166666666666666 0.125 0.14166666666666666 0.13541666666666666 0.13472222222222222 0.1423611111111111 0.12916666666666668 0.140625 0.12638888888888888 0.1284722222222222 0.13055555555555556 0.11458333333333333 0.13472222222222222 0.11284722222222222
0 0.6402777777777777 0.019965277777777776 0.027777777777777776 0.022569444444444444
0 0.08055555555555556 0.9305555555555556 0.08333333333333333 0.9392361111111112 0.08333333333333333 0.9565972222222222 0.07777777777777778 0.9670138888888888 0.06944444444444445 0.9670138888888888 0.06666666666666667 0.9565972222222222 0.075 0.9340277777777778 0.07916666666666666 0.9305555555555556
0 0.7180555555555556 0.4409722222222222 0.725 0.453125 0.725 0.4583333333333333 0.7222222222222222 0.4618055555555556 0.7125 0.4600694444444444 0.7041666666666667 0.4444444444444444 0.7055555555555556 0.4392361111111111 0.7166666666666667 0.4409722222222222
0 0.2861111111111111 0.10069444444444445 0.2902777777777778 0.1076388888888889 0.2902777777777778 0.11458333333333333 0.2847222222222222 0.12152777777777778 0.275 0.12152777777777778 0.2722222222222222 0.11805555555555555 0.2722222222222222 0.1111111111111111 0.275 0.10416666666666667 0.2791666666666667 0.09895833333333333 0.2847222222222222 0.10069444444444445
0 0.7333333333333333 0.22743055555555555 0.7402777777777778 0.234375 0.7472222222222222 0.2465277777777778 0.7472222222222222 0.2604166666666667 0.7416666666666667 0.2673611111111111 0.7333333333333333 0.2638888888888889 0.7263888888888889 0.2534722222222222 0.7236111111111111 0.24479166666666666 0.725 0.22916666666666666 0.7291666666666666 0.22569444444444445 0.7319444444444444 0.22743055555555555
0 0.8305555555555556 0.1857638888888889 0.8375 0.1857638888888889 0.8444444444444444 0.19444444444444445 0.8458333333333333 0.2013888888888889 0.8416666666666667 0.2152777777777778 0.8333333333333334 0.2152777777777778 0.8305555555555556 0.21006944444444445 0.8291666666666667 0.19444444444444445 0.8305555555555556 0.1875
0 0.8930555555555556 0.5381944444444444 0.8972222222222223 0.5364583333333334 0.9027777777777778 0.5399305555555556 0.9083333333333333 0.546875 0.9097222222222222 0.5520833333333334 0.9083333333333333 0.5659722222222222 0.8986111111111111 0.5642361111111112 0.8930555555555556 0.5520833333333334 0.8930555555555556 0.5399305555555556
0 0.6736111111111112 0.5260416666666666 0.6777777777777778 0.5329861111111112 0.6777777777777778 0.5416666666666666 0.6722222222222223 0.5486111111111112 0.6652777777777777 0.5486111111111112 0.6611111111111111 0.5434027777777778 0.6625 0.5295138888888888 0.6652777777777777 0.5260416666666666 0.6722222222222223 0.5260416666666666
0 0.8611111111111112 0.4444444444444444 0.8763888888888889 0.4565972222222222 0.8777777777777778 0.46875 0.875 0.4722222222222222 0.8680555555555556 0.4722222222222222 0.8611111111111112 0.4652777777777778 0.8541666666666666 0.4496527777777778 0.8555555555555555 0.4444444444444444 0.8597222222222223 0.4444444444444444
0 0.8784722222222222 0.027777777777777776 0.02361111111111111 0.03819444444444445
0 0.04027777777777778 0.6024305555555556 0.04583333333333333 0.6024305555555556 0.05138888888888889 0.6076388888888888 0.04722222222222222 0.6163194444444444 0.04027777777777778 0.6197916666666666 0.04027777777777778 0.6041666666666666
0 0.6847222222222222 0.8298611111111112 0.6888888888888889 0.8385416666666666 0.6861111111111111 0.8472222222222222 0.6805555555555556 0.8506944444444444 0.675 0.8506944444444444 0.6694444444444444 0.8472222222222222 0.6597222222222222 0.8472222222222222 0.6555555555555556 0.8454861111111112 0.6541666666666667 0.8420138888888888 0.6569444444444444 0.8385416666666666 0.6652777777777777 0.8368055555555556 0.6722222222222223 0.8315972222222222 0.6833333333333333 0.8298611111111112
0 0.6944444444444444 0.5 0.7 0.5069444444444444 0.7013888888888888 0.5121527777777778 0.7 0.5190972222222222 0.6972222222222222 0.5208333333333334 0.6888888888888889 0.5190972222222222 0.6847222222222222 0.5138888888888888 0.6861111111111111 0.5 0.6875 0.4982638888888889 0.6930555555555555 0.5