0 0.275 0.09895833333333333 0.28194444444444444 0.10416666666666667 0.2833333333333333 0.11979166666666667 0.2791666666666667 0.125 0.2708333333333333 0.1284722222222222 0.2625 0.1267361111111111 0.2625 0.11284722222222222 0.2652777777777778 0.10590277777777778 0.27361111111111114 0.09895833333333333
0 0.6236111111111111 0.4826388888888889 0.6291666666666667 0.4895833333333333 0.6291666666666667 0.4982638888888889 0.6222222222222222 0.5069444444444444 0.6180555555555556 0.5069444444444444 0.6125 0.5017361111111112 0.6097222222222223 0.4895833333333333 0.6097222222222223 0.484375 0.6152777777777778 0.4791666666666667 0.6222222222222222 0.4826388888888889
0 0.6666666666666666 0.5243055555555556 0.6722222222222223 0.5295138888888888 0.6722222222222223 0.5434027777777778 0.6666666666666666 0.5503472222222222 0.6597222222222222 0.5503472222222222 0.6555555555555556 0.5416666666666666 0.6569444444444444 0.5295138888888888 0.6611111111111111 0.5243055555555556 0.6652777777777777 0.5243055555555556
0 0.42083333333333334 0.3993055555555556 0.42777777777777776 0.4045138888888889 0.42777777777777776 0.4114583333333333 0.425 0.4184027777777778 0.41944444444444445 0.4253472222222222 0.4152777777777778 0.4270833333333333 0.4041666666666667 0.4253472222222222 0.4013888888888889 0.4201388888888889 0.4013888888888889 0.4149305555555556 0.40694444444444444 0.4045138888888889 0.4111111111111111 0.4010416666666667 0.41944444444444445 0.3993055555555556
0 0.5875 0.7864583333333334 0.5930555555555556 0.7899305555555556 0.5986111111111111 0.8003472222222222 0.6 0.8090277777777778 0.5958333333333333 0.8125 0.5833333333333334 0.8125 0.5791666666666667 0.8090277777777778 0.5763888888888888 0.8020833333333334 0.5777777777777777 0.7899305555555556 0.5819444444444445 0.7864583333333334 0.5861111111111111 0.7864583333333334
0 0.5291666666666667 0.7760416666666666 0.5319444444444444 0.7795138888888888 0.5319444444444444 0.7881944444444444 0.5291666666666667 0.796875 0.5236111111111111 0.8020833333333334 0.5138888888888888 0.8020833333333334 0.5111111111111111 0.7986111111111112 0.5111111111111111 0.7847222222222222 0.5208333333333334 0.7760416666666666 0.5277777777777778 0.7760416666666666
0 0.2263888888888889 0.7413194444444444 0.23472222222222222 0.7482638888888888 0.23472222222222222 0.7534722222222222 0.22777777777777777 0.7638888888888888 0.22361111111111112 0.765625 0.2125 0.7638888888888888 0.20972222222222223 0.7517361111111112 0.2125 0.7430555555555556 0.21944444444444444 0.7395833333333334 0.225 0.7413194444444444
0 0.08611111111111111 0.6215277777777778 0.09166666666666666 0.6232638888888888 0.09444444444444444 0.6284722222222222 0.09166666666666666 0.6354166666666666 0.08333333333333333 0.6440972222222222 0.06805555555555555 0.6423611111111112 0.06527777777777778 0.6388888888888888 0.06527777777777778 0.6302083333333334 0.06666666666666667 0.6267361111111112 0.07222222222222222 0.6232638888888888 0.08472222222222223 0.6215277777777778
0 0.08055555555555556 0.8767361111111112 0.08472222222222223 0.8923611111111112 0.08472222222222223 0.9079861111111112 0.08333333333333333 0.9131944444444444 0.075 0.9201388888888888 0.06944444444444445 0.9201388888888888 0.06666666666666667 0.9166666666666666 0.06666666666666667 0.8993055555555556 0.075 0.8802083333333334 0.07916666666666666 0.8767361111111112
0 0.6986111111111111 0.4409722222222222 0.7013888888888888 0.4375 0.7083333333333334 0.4375 0.7180555555555556 0.4427083333333333 0.7222222222222222 0.4479166666666667 0.725 0.4565972222222222 0.7222222222222222 0.4635416666666667 0.7111111111111111 0.4618055555555556 0.7041666666666667 0.453125 0.7 0.4427083333333333
0 0.13333333333333333 0.11458333333333333 0.14027777777777778 0.1267361111111111 0.14027777777777778 0.1371527777777778 0.1375 0.1440972222222222 0.13333333333333333 0.14756944444444445 0.12777777777777777 0.14756944444444445 0.125 0.1440972222222222 0.12222222222222222 0.13194444444444445 0.12361111111111112 0.11805555555555555 0.12916666666666668 0.11284722222222222 0.13194444444444445 0.11458333333333333
0 0.9486111111111111 0.6701388888888888 0.9541666666666667 0.6770833333333334 0.9527777777777777 0.7083333333333334 0.9486111111111111 0.7065972222222222 0.9444444444444444 0.6944444444444444 0.9444444444444444 0.6736111111111112 0.9472222222222222 0.671875
0 0.7319444444444444 0.22569444444444445 0.7416666666666667 0.2361111111111111 0.7472222222222222 0.2482638888888889 0.7472222222222222 0.2621527777777778 0.7416666666666667 0.2673611111111111 0.7333333333333333 0.2638888888888889 0.7263888888888889 0.2534722222222222 0.7236111111111111 0.24305555555555555 0.7236111111111111 0.2326388888888889 0.7263888888888889 0.22743055555555555 0.7305555555555555 0.22569444444444445
0 0.8930555555555556 0.5381944444444444 0.9013888888888889 0.546875 0.9041666666666667 0.5538194444444444 0.9055555555555556 0.5659722222222222 0.9013888888888889 0.5694444444444444 0.8944444444444445 0.5677083333333334 0.8888888888888888 0.5590277777777778 0.8875 0.5416666666666666 0.8916666666666667 0.5381944444444444
0 0.9493055555555555 0.14930555555555555 0.009722222222222222 0.034722222222222224
0 0.8763888888888889 0.022569444444444444 0.8819444444444444 0.03125 0.8819444444444444 0.04513888888888889 0.8736111111111111 0.057291666666666664 0.8680555555555556 0.06076388888888889 0.8611111111111112 0.05381944444444445 0.8583333333333333 0.046875 0.8583333333333333 0.03298611111111111 0.8652777777777778 0.022569444444444444 0.875 0.022569444444444444
0 0.6763888888888889 0.8333333333333334 0.6791666666666667 0.8368055555555556 0.6791666666666667 0.8472222222222222 0.6736111111111112 0.8559027777777778 0.6597222222222222 0.8559027777777778 0.6472222222222223 0.8524305555555556 0.6430555555555556 0.8454861111111112 0.6486111111111111 0.8402777777777778 0.6541666666666667 0.8402777777777778 0.6569444444444444 0.8368055555555556 0.6694444444444444 0.8315972222222222 0.675 0.8333333333333334
0 0.6361111111111111 0.006944444444444444 0.6513888888888889 0.012152777777777778 0.6527777777777778 0.017361111111111112 0.6333333333333333 0.029513888888888888 0.6236111111111111 0.029513888888888888 0.6194444444444445 0.020833333333333332 0.6236111111111111 0.006944444444444444 0.6263888888888889 0.005208333333333333 0.6347222222222222 0.006944444444444444
0 0.6861111111111111 0.5 0.6930555555555555 0.5086805555555556 0.6930555555555555 0.5173611111111112 0.6902777777777778 0.5208333333333334 0.6805555555555556 0.5190972222222222 0.675 0.5104166666666666 0.6791666666666667 0.4982638888888889 0.6847222222222222 0.5
0 0.8513888888888889 0.4375 0.8694444444444445 0.4479166666666667 0.8777777777777778 0.4583333333333333 0.8791666666666667 0.46875 0.8763888888888889 0.4739583333333333 0.8680555555555556 0.4739583333333333 0.8625 0.46875 0.85 0.4461805555555556 0.8472222222222222 0.4392361111111111 0.85 0.4375
0 0.8881944444444444 0.8454861111111112 0.029166666666666667 0.04513888888888889
0 0.8791666666666667 0.9565972222222222 0.8875 0.9583333333333334 0.8888888888888888 0.9739583333333334 0.8861111111111111 0.9913194444444444 0.8819444444444444 0.9930555555555556 0.8708333333333333 0.9913194444444444 0.8708333333333333 0.9774305555555556 0.8791666666666667 0.9583333333333334
0 0.8541666666666666 0.125 0.8569444444444444 0.1232638888888889 0.8666666666666667 0.125 0.8763888888888889 0.1371527777777778 0.875 0.14583333333333334 0.8597222222222223 0.1545138888888889 0.8541666666666666 0.14756944444444445 0.8527777777777777 0.1371527777777778 0.8541666666666666 0.1267361111111111
0 0.6472222222222223 0.5416666666666666 0.6527777777777778 0.5451388888888888 0.6527777777777778 0.5625 0.65 0.5763888888888888 0.6416666666666667 0.5833333333333334 0.6375 0.5833333333333334 0.6347222222222222 0.5815972222222222 0.6319444444444444 0.5711805555555556 0.6347222222222222 0.5555555555555556 0.6430555555555556 0.5434027777777778 0.6458333333333334 0.5434027777777778
0 0.8722222222222222 0.796875 0.8763888888888889 0.8020833333333334 0.8777777777777778 0.8107638888888888 0.8666666666666667 0.8246527777777778 0.8513888888888889 0.8229166666666666 0.85 0.8090277777777778 0.8513888888888889 0.8055555555555556 0.8652777777777778 0.7951388888888888 0.8708333333333333 0.796875
0 0.5666666666666667 0.9357638888888888 0.5736111111111111 0.9357638888888888 0.5763888888888888 0.9409722222222222 0.575 0.953125 0.5666666666666667 0.953125 0.5652777777777778 0.9513888888888888 0.5666666666666667 0.9375
0 0.32083333333333336 0.6996527777777778 0.019444444444444445 0.017361111111111112