0 0.48055555555555557 0.8975694444444444 0.48333333333333334 0.9010416666666666 0.48333333333333334 0.90625 0.48055555555555557 0.9131944444444444 0.4722222222222222 0.9201388888888888 0.4652777777777778 0.9184027777777778 0.4625 0.9149305555555556 0.4625 0.9079861111111112 0.46805555555555556 0.8975694444444444 0.4708333333333333 0.8958333333333334 0.4791666666666667 0.8975694444444444
0 0.46805555555555556 0.7083333333333334 0.4722222222222222 0.7152777777777778 0.4722222222222222 0.7361111111111112 0.4708333333333333 0.7413194444444444 0.4625 0.75 0.4527777777777778 0.7482638888888888 0.45 0.7413194444444444 0.45 0.7256944444444444 0.4513888888888889 0.7135416666666666 0.45555555555555555 0.7065972222222222 0.4666666666666667 0.7083333333333334
0 0.4395833333333333 0.7282986111111112 0.020833333333333332 0.026041666666666668
0 0.49444444444444446 0.7491319444444444 0.022222222222222223 0.022569444444444444
0 0.49166666666666664 0.9652777777777778 0.025 0.024305555555555556
0 0.7180555555555556 0.8940972222222222 0.7236111111111111 0.9010416666666666 0.725 0.90625 0.7263888888888889 0.9166666666666666 0.7236111111111111 0.921875 0.7166666666666667 0.921875 0.7111111111111111 0.9184027777777778 0.7069444444444445 0.9097222222222222 0.7069444444444445 0.8993055555555556 0.7125 0.8940972222222222 0.7166666666666667 0.8940972222222222
0 0.4583333333333333 0.6267361111111112 0.4625 0.6302083333333334 0.4638888888888889 0.6475694444444444 0.46111111111111114 0.6545138888888888 0.4527777777777778 0.6614583333333334 0.4486111111111111 0.65625 0.44722222222222224 0.6423611111111112 0.4486111111111111 0.6336805555555556 0.45694444444444443 0.6267361111111112
0 0.7097222222222223 0.2170138888888889 0.7166666666666667 0.22395833333333334 0.7180555555555556 0.22916666666666666 0.7166666666666667 0.25 0.7138888888888889 0.2586805555555556 0.7097222222222223 0.2621527777777778 0.7013888888888888 0.24479166666666666 0.7013888888888888 0.2222222222222222 0.7041666666666667 0.2170138888888889 0.7083333333333334 0.2170138888888889
0 0.6743055555555556 0.5182291666666666 0.015277777777777777 0.03298611111111111
0 0.3236111111111111 0.7482638888888888 0.3263888888888889 0.75 0.33055555555555555 0.765625 0.33055555555555555 0.78125 0.3277777777777778 0.7881944444444444 0.32222222222222224 0.7899305555555556 0.3194444444444444 0.7864583333333334 0.3194444444444444 0.7673611111111112 0.3236111111111111 0.75
0 0.9138888888888889 0.3506944444444444 0.9194444444444444 0.3576388888888889 0.9194444444444444 0.3680555555555556 0.9152777777777777 0.3732638888888889 0.9013888888888889 0.3732638888888889 0.8986111111111111 0.3680555555555556 0.9 0.3611111111111111 0.9069444444444444 0.3524305555555556 0.9125 0.3506944444444444
0 0.5861111111111111 0.4652777777777778 0.5944444444444444 0.4704861111111111 0.5972222222222222 0.4756944444444444 0.6013888888888889 0.4861111111111111 0.6 0.4947916666666667 0.5916666666666667 0.4947916666666667 0.5819444444444445 0.4861111111111111 0.5791666666666667 0.4774305555555556 0.5791666666666667 0.4670138888888889 0.5847222222222223 0.4652777777777778
0 0.24027777777777778 0.5989583333333334 0.24861111111111112 0.6059027777777778 0.2513888888888889 0.6145833333333334 0.25 0.6197916666666666 0.24444444444444444 0.6232638888888888 0.2375 0.6215277777777778 0.23333333333333334 0.6145833333333334 0.23194444444444445 0.6024305555555556 0.23472222222222222 0.5989583333333334 0.2388888888888889 0.5989583333333334
0 0.1638888888888889 0.5677083333333334 0.18472222222222223 0.5763888888888888 0.1875 0.5833333333333334 0.18888888888888888 0.59375 0.1875 0.5972222222222222 0.1763888888888889 0.5989583333333334 0.1597222222222222 0.5763888888888888 0.15833333333333333 0.5729166666666666 0.1597222222222222 0.5694444444444444 0.1625 0.5694444444444444