0 0.42083333333333334 0.40625 0.4236111111111111 0.4131944444444444 0.4222222222222222 0.4236111111111111 0.41805555555555557 0.4305555555555556 0.41388888888888886 0.4322916666666667 0.4027777777777778 0.4253472222222222 0.4027777777777778 0.4166666666666667 0.4097222222222222 0.4079861111111111 0.4166666666666667 0.4045138888888889 0.41944444444444445 0.40625
0 0.2722222222222222 0.10243055555555555 0.2763888888888889 0.1076388888888889 0.2777777777777778 0.12152777777777778 0.275 0.1267361111111111 0.2625 0.13541666666666666 0.2569444444444444 0.13541666666666666 0.25555555555555554 0.11979166666666667 0.25833333333333336 0.109375 0.2638888888888889 0.10243055555555555 0.2708333333333333 0.10243055555555555
0 0.6638888888888889 0.5243055555555556 0.6694444444444444 0.5295138888888888 0.6708333333333333 0.5381944444444444 0.6680555555555555 0.546875 0.6611111111111111 0.5520833333333334 0.6569444444444444 0.5503472222222222 0.6541666666666667 0.5451388888888888 0.6541666666666667 0.5329861111111112 0.6569444444444444 0.5260416666666666 0.6625 0.5243055555555556
0 0.12916666666666668 0.11979166666666667 0.13333333333333333 0.1284722222222222 0.13333333333333333 0.1423611111111111 0.12916666666666668 0.14930555555555555 0.12222222222222222 0.14756944444444445 0.11944444444444445 0.140625 0.11944444444444445 0.1267361111111111 0.125 0.11805555555555555 0.12777777777777777 0.11979166666666667
0 0.5972222222222222 0.4618055555555556 0.6055555555555555 0.4756944444444444 0.6055555555555555 0.4895833333333333 0.6 0.4965277777777778 0.5930555555555556 0.4947916666666667 0.5902777777777778 0.4895833333333333 0.5902777777777778 0.4704861111111111 0.5916666666666667 0.4652777777777778 0.5958333333333333 0.4618055555555556
0 0.7027777777777777 0.4357638888888889 0.7180555555555556 0.4409722222222222 0.7263888888888889 0.453125 0.725 0.4618055555555556 0.7222222222222222 0.4635416666666667 0.7111111111111111 0.4618055555555556 0.6986111111111111 0.4427083333333333 0.6986111111111111 0.4392361111111111 0.7013888888888888 0.4375
0 0.5888888888888889 0.7881944444444444 0.5944444444444444 0.7951388888888888 0.5958333333333333 0.8020833333333334 0.5944444444444444 0.8072916666666666 0.5888888888888889 0.8125 0.5819444444444445 0.8125 0.575 0.8038194444444444 0.5763888888888888 0.7899305555555556 0.5875 0.7881944444444444
0 0.5097222222222222 0.7916666666666666 0.5111111111111111 0.7847222222222222 0.5152777777777777 0.7795138888888888 0.5263888888888889 0.7760416666666666 0.5305555555555556 0.7829861111111112 0.525 0.8003472222222222 0.5180555555555556 0.8038194444444444 0.5138888888888888 0.8020833333333334 0.5111111111111111 0.7986111111111112 0.5111111111111111 0.7934027777777778
0 0.7333333333333333 0.22743055555555555 0.7416666666666667 0.2361111111111111 0.7472222222222222 0.2482638888888889 0.7472222222222222 0.2621527777777778 0.7430555555555556 0.2673611111111111 0.7361111111111112 0.265625 0.7263888888888889 0.2534722222222222 0.725 0.234375 0.7291666666666666 0.22569444444444445 0.7319444444444444 0.22743055555555555
0 0.6402777777777777 0.008680555555555556 0.6472222222222223 0.012152777777777778 0.65 0.019097222222222224 0.6319444444444444 0.029513888888888888 0.6208333333333333 0.029513888888888888 0.6166666666666667 0.024305555555555556 0.6166666666666667 0.010416666666666666 0.6194444444444445 0.006944444444444444 0.6388888888888888 0.008680555555555556
0 0.8694444444444445 0.4496527777777778 0.8763888888888889 0.4548611111111111 0.8777777777777778 0.4600694444444444 0.8777777777777778 0.4670138888888889 0.8736111111111111 0.4739583333333333 0.8680555555555556 0.4739583333333333 0.8611111111111112 0.4652777777777778 0.8555555555555555 0.4513888888888889 0.8583333333333333 0.4461805555555556 0.8680555555555556 0.4496527777777778
0 0.06944444444444445 0.8871527777777778 0.07361111111111111 0.8975694444444444 0.07361111111111111 0.9045138888888888 0.06805555555555555 0.9114583333333334 0.059722222222222225 0.9114583333333334 0.05555555555555555 0.9010416666666666 0.05694444444444444 0.8854166666666666 0.06805555555555555 0.8871527777777778
0 0.12638888888888888 0.6354166666666666 0.13333333333333333 0.6319444444444444 0.15416666666666667 0.6319444444444444 0.15694444444444444 0.6354166666666666 0.15138888888888888 0.6475694444444444 0.14166666666666666 0.6545138888888888 0.13194444444444445 0.6545138888888888 0.12638888888888888 0.6510416666666666 0.12361111111111112 0.6475694444444444 0.12361111111111112 0.6423611111111112 0.12638888888888888 0.6371527777777778
0 0.9444444444444444 0.13541666666666666 0.9486111111111111 0.13368055555555555 0.9527777777777777 0.1388888888888889 0.9513888888888888 0.16319444444444445 0.9472222222222222 0.1684027777777778 0.9416666666666667 0.1684027777777778 0.9388888888888889 0.16145833333333334 0.9388888888888889 0.14583333333333334 0.9444444444444444 0.1371527777777778
0 0.6631944444444444 0.8480902777777778 0.020833333333333332 0.022569444444444444
0 0.8888888888888888 0.5381944444444444 0.9 0.5503472222222222 0.9027777777777778 0.5625 0.9013888888888889 0.5694444444444444 0.8944444444444445 0.5711805555555556 0.8888888888888888 0.5659722222222222 0.8847222222222222 0.5538194444444444 0.8847222222222222 0.5416666666666666 0.8875 0.5399305555555556
0 0.9458333333333333 0.6822916666666666 0.9527777777777777 0.6961805555555556 0.9527777777777777 0.7222222222222222 0.9513888888888888 0.7239583333333334 0.9444444444444444 0.71875 0.9388888888888889 0.7013888888888888 0.9388888888888889 0.6840277777777778 0.9444444444444444 0.6822916666666666
0 0.20972222222222223 0.7638888888888888 0.20833333333333334 0.7517361111111112 0.2111111111111111 0.7465277777777778 0.21666666666666667 0.7430555555555556 0.23055555555555557 0.7447916666666666 0.23333333333333334 0.7482638888888888 0.23333333333333334 0.7552083333333334 0.22083333333333333 0.765625 0.2111111111111111 0.7638888888888888
0 0.6666666666666666 0.4895833333333333 0.6861111111111111 0.5034722222222222 0.6875 0.5069444444444444 0.6861111111111111 0.5208333333333334 0.6777777777777778 0.5208333333333334 0.6708333333333333 0.515625 0.6597222222222222 0.5121527777777778 0.6555555555555556 0.5017361111111112 0.6555555555555556 0.4947916666666667 0.6652777777777777 0.4895833333333333
0 0.875 0.029513888888888888 0.8791666666666667 0.034722222222222224 0.8805555555555555 0.043402777777777776 0.8805555555555555 0.0625 0.8763888888888889 0.06597222222222222 0.8638888888888889 0.0642361111111111 0.8583333333333333 0.06076388888888889 0.8555555555555555 0.052083333333333336 0.8555555555555555 0.03993055555555555 0.8583333333333333 0.03298611111111111 0.8652777777777778 0.027777777777777776 0.8736111111111111 0.029513888888888888
0 0.8625 0.109375 0.8611111111111112 0.09027777777777778 0.8680555555555556 0.0798611111111111 0.8722222222222222 0.0798611111111111 0.8736111111111111 0.08333333333333333 0.8736111111111111 0.08854166666666667 0.8763888888888889 0.09375 0.8763888888888889 0.1076388888888889 0.8722222222222222 0.11284722222222222 0.8638888888888889 0.109375
0 0.8763888888888889 0.9565972222222222 0.8833333333333333 0.9548611111111112 0.8875 0.9600694444444444 0.8861111111111111 0.9895833333333334 0.8819444444444444 0.9947916666666666 0.8694444444444445 0.9947916666666666 0.8680555555555556 0.9809027777777778 0.8763888888888889 0.9583333333333334
0 0.3902777777777778 0.9791666666666666 0.39861111111111114 0.9861111111111112 0.4 0.9930555555555556 0.39861111111111114 0.9982638888888888 0.37916666666666665 0.9982638888888888 0.375 0.9878472222222222 0.375 0.9826388888888888 0.37916666666666665 0.9791666666666666 0.3888888888888889 0.9791666666666666
0 0.8944444444444445 0.8246527777777778 0.8986111111111111 0.8315972222222222 0.8986111111111111 0.8559027777777778 0.8972222222222223 0.8628472222222222 0.8902777777777777 0.8697916666666666 0.8819444444444444 0.8697916666666666 0.8763888888888889 0.8663194444444444 0.8708333333333333 0.8576388888888888 0.8708333333333333 0.8472222222222222 0.8722222222222222 0.8402777777777778 0.8791666666666667 0.8298611111111112 0.8861111111111111 0.8246527777777778 0.8930555555555556 0.8246527777777778
0 0.06944444444444445 0.8524305555555556 0.075 0.8611111111111112 0.075 0.8767361111111112 0.06944444444444445 0.8888888888888888 0.05416666666666667 0.8836805555555556 0.05555555555555555 0.8680555555555556 0.059722222222222225 0.859375 0.06805555555555555 0.8524305555555556
0 0.5708333333333333 0.9435763888888888 0.011111111111111112 0.019097222222222224
0 0.6423611111111112 0.5633680555555556 0.020833333333333332 0.03993055555555555
0 0.6541666666666667 0.4739583333333333 0.6569444444444444 0.4791666666666667 0.6569444444444444 0.4878472222222222 0.6541666666666667 0.4913194444444444 0.6486111111111111 0.4895833333333333 0.6458333333333334 0.484375 0.6472222222222223 0.4756944444444444 0.65 0.4722222222222222 0.6527777777777778 0.4739583333333333
0 0.3277777777777778 0.6927083333333334 0.33055555555555555 0.6944444444444444 0.33055555555555555 0.7048611111111112 0.3236111111111111 0.7083333333333334 0.3125 0.7083333333333334 0.3111111111111111 0.6996527777777778 0.3138888888888889 0.6961805555555556 0.3263888888888889 0.6927083333333334
0 0.8652777777777778 0.1111111111111111 0.8722222222222222 0.11284722222222222 0.8722222222222222 0.1284722222222222 0.8819444444444444 0.140625 0.8819444444444444 0.14583333333333334 0.8777777777777778 0.14930555555555555 0.8722222222222222 0.14930555555555555 0.8666666666666667 0.1440972222222222 0.8652777777777778 0.13368055555555555 0.8680555555555556 0.11979166666666667 0.8652777777777778 0.11284722222222222
0 0.8652777777777778 0.7986111111111112 0.8736111111111111 0.8055555555555556 0.8736111111111111 0.8142361111111112 0.8611111111111112 0.8298611111111112 0.8486111111111111 0.828125 0.8458333333333333 0.8246527777777778 0.8458333333333333 0.8159722222222222 0.8527777777777777 0.8038194444444444 0.8597222222222223 0.7986111111111112 0.8638888888888889 0.7986111111111112