0 0.4666666666666667 0.7083333333333334 0.4708333333333333 0.7135416666666666 0.4722222222222222 0.7361111111111112 0.4708333333333333 0.7413194444444444 0.4638888888888889 0.75 0.4527777777777778 0.7482638888888888 0.45 0.734375 0.4513888888888889 0.7135416666666666 0.4583333333333333 0.7083333333333334 0.4652777777777778 0.7083333333333334
0 0.4777777777777778 0.8958333333333334 0.48333333333333334 0.9010416666666666 0.48333333333333334 0.90625 0.47638888888888886 0.9184027777777778 0.4652777777777778 0.9184027777777778 0.4625 0.9149305555555556 0.4625 0.90625 0.4652777777777778 0.9010416666666666 0.46944444444444444 0.8958333333333334 0.47638888888888886 0.8958333333333334
0 0.4395833333333333 0.7291666666666666 0.020833333333333332 0.027777777777777776
0 0.24166666666666667 0.5989583333333334 0.24722222222222223 0.6041666666666666 0.24861111111111112 0.6111111111111112 0.24722222222222223 0.6180555555555556 0.24305555555555555 0.6215277777777778 0.23333333333333334 0.6180555555555556 0.23055555555555557 0.609375 0.23194444444444445 0.5972222222222222 0.24027777777777778 0.5989583333333334
0 0.5013888888888889 0.7395833333333334 0.5027777777777778 0.7482638888888888 0.5 0.7552083333333334 0.49444444444444446 0.7604166666666666 0.4861111111111111 0.7604166666666666 0.48333333333333334 0.7534722222222222 0.4888888888888889 0.7430555555555556 0.49722222222222223 0.7378472222222222 0.5 0.7395833333333334
0 0.9138888888888889 0.3506944444444444 0.9194444444444444 0.3559027777777778 0.9208333333333333 0.3611111111111111 0.9194444444444444 0.3697916666666667 0.9152777777777777 0.3732638888888889 0.9027777777777778 0.3732638888888889 0.8986111111111111 0.3697916666666667 0.9013888888888889 0.3576388888888889 0.9125 0.3506944444444444
0 0.3236111111111111 0.7569444444444444 0.33055555555555555 0.7725694444444444 0.3277777777777778 0.7881944444444444 0.325 0.7916666666666666 0.3194444444444444 0.7916666666666666 0.31666666666666665 0.7881944444444444 0.31666666666666665 0.7690972222222222 0.3194444444444444 0.7604166666666666 0.32222222222222224 0.7586805555555556
0 0.49722222222222223 0.9600694444444444 0.4986111111111111 0.9704861111111112 0.4930555555555556 0.9774305555555556 0.4847222222222222 0.9826388888888888 0.47638888888888886 0.9809027777777778 0.475 0.9756944444444444 0.47638888888888886 0.9635416666666666 0.48055555555555557 0.9600694444444444 0.49583333333333335 0.9600694444444444
0 0.8527777777777777 0.2916666666666667 0.8611111111111112 0.3020833333333333 0.8597222222222223 0.3159722222222222 0.8541666666666666 0.3211805555555556 0.8486111111111111 0.3194444444444444 0.8444444444444444 0.3125 0.8444444444444444 0.2986111111111111 0.8472222222222222 0.2934027777777778 0.8513888888888889 0.2916666666666667
0 0.25277777777777777 0.1987847222222222 0.016666666666666666 0.036458333333333336
0 0.45555555555555555 0.6284722222222222 0.4597222222222222 0.6336805555555556 0.4625 0.6458333333333334 0.4583333333333333 0.6579861111111112 0.45416666666666666 0.6614583333333334 0.45 0.6614583333333334 0.44583333333333336 0.6475694444444444 0.4486111111111111 0.6336805555555556 0.45416666666666666 0.6302083333333334
0 0.24305555555555555 0.4774305555555556 0.2513888888888889 0.4861111111111111 0.25277777777777777 0.5034722222222222 0.24861111111111112 0.515625 0.24027777777777778 0.5225694444444444 0.23055555555555557 0.5208333333333334 0.22361111111111112 0.5138888888888888 0.2222222222222222 0.4878472222222222 0.22916666666666666 0.4774305555555556 0.23333333333333334 0.4756944444444444 0.24166666666666667 0.4774305555555556
0 0.5805555555555556 0.4652777777777778 0.5902777777777778 0.46875 0.5958333333333333 0.4756944444444444 0.6027777777777777 0.4913194444444444 0.5986111111111111 0.4965277777777778 0.5861111111111111 0.4930555555555556 0.5805555555555556 0.4861111111111111 0.5791666666666667 0.4756944444444444 0.5805555555555556 0.4670138888888889
0 0.39444444444444443 0.1440972222222222 0.3972222222222222 0.14583333333333334 0.4 0.15625 0.39861111111111114 0.1701388888888889 0.3902777777777778 0.1736111111111111 0.38333333333333336 0.1684027777777778 0.3861111111111111 0.1579861111111111 0.39305555555555555 0.14583333333333334
0 0.6722222222222223 0.5138888888888888 0.6777777777777778 0.5190972222222222 0.6791666666666667 0.5243055555555556 0.6791666666666667 0.5399305555555556 0.6763888888888889 0.5434027777777778 0.6708333333333333 0.5416666666666666 0.6638888888888889 0.53125 0.6638888888888889 0.5173611111111112 0.6666666666666666 0.5138888888888888 0.6708333333333333 0.5138888888888888
0 0.25 0.125 0.25972222222222224 0.1232638888888889 0.2638888888888889 0.13194444444444445 0.2611111111111111 0.1440972222222222 0.2513888888888889 0.14756944444444445 0.24722222222222223 0.1423611111111111 0.24722222222222223 0.13020833333333334 0.25 0.1267361111111111
0 0.7166666666666667 0.9088541666666666 0.019444444444444445 0.029513888888888888
0 0.15694444444444444 0.5607638888888888 0.175 0.5711805555555556 0.17916666666666667 0.5763888888888888 0.18055555555555555 0.5920138888888888 0.17777777777777778 0.5954861111111112 0.17083333333333334 0.5954861111111112 0.16527777777777777 0.5920138888888888 0.15 0.5729166666666666 0.1486111111111111 0.5694444444444444 0.15 0.5625 0.15555555555555556 0.5607638888888888
0 0.4583333333333333 0.6614583333333334 0.4638888888888889 0.6649305555555556 0.4652777777777778 0.671875 0.4652777777777778 0.6840277777777778 0.4625 0.6961805555555556 0.45555555555555555 0.6996527777777778 0.4513888888888889 0.6927083333333334 0.4513888888888889 0.6649305555555556 0.45694444444444443 0.6631944444444444
0 0.8777777777777778 0.5121527777777778 0.8875 0.5208333333333334 0.8888888888888888 0.5329861111111112 0.8861111111111111 0.5520833333333334 0.8708333333333333 0.5642361111111112 0.8625 0.5642361111111112 0.8583333333333333 0.5572916666666666 0.8583333333333333 0.5225694444444444 0.8666666666666667 0.5121527777777778 0.8763888888888889 0.5121527777777778
0 0.6986111111111111 0.2552083333333333 0.7055555555555556 0.2604166666666667 0.7152777777777778 0.28125 0.7069444444444445 0.2864583333333333 0.6986111111111111 0.2864583333333333 0.6902777777777778 0.2795138888888889 0.6847222222222222 0.2673611111111111 0.6847222222222222 0.2604166666666667 0.6875 0.2569444444444444 0.6972222222222222 0.2552083333333333
0 0.7833333333333333 0.3420138888888889 0.7861111111111111 0.34375 0.7875 0.3489583333333333 0.7875 0.3663194444444444 0.7833333333333333 0.3697916666666667 0.7777777777777778 0.3697916666666667 0.7708333333333334 0.359375 0.7722222222222223 0.3420138888888889 0.7736111111111111 0.3402777777777778 0.7819444444444444 0.3420138888888889
0 0.7888888888888889 0.3663194444444444 0.7944444444444444 0.3697916666666667 0.7944444444444444 0.3767361111111111 0.7972222222222223 0.3836805555555556 0.7958333333333333 0.3888888888888889 0.7902777777777777 0.3940972222222222 0.7833333333333333 0.3940972222222222 0.7791666666666667 0.3888888888888889 0.7791666666666667 0.375 0.7819444444444444 0.3697916666666667 0.7875 0.3680555555555556
0 0.2125 0.9913194444444444 0.23055555555555557 0.9895833333333334 0.2388888888888889 0.9913194444444444 0.24166666666666667 0.9947916666666666 0.24166666666666667 0.9982638888888888 0.2111111111111111 0.9982638888888888 0.2125 0.9930555555555556
0 0.5736111111111111 0.8489583333333334 0.5777777777777777 0.8541666666666666 0.5777777777777777 0.8628472222222222 0.575 0.8663194444444444 0.5666666666666667 0.8663194444444444 0.5611111111111111 0.8611111111111112 0.5625 0.8506944444444444 0.5666666666666667 0.8472222222222222 0.5722222222222222 0.8489583333333334
0 0.34305555555555556 0.5069444444444444 0.35138888888888886 0.5173611111111112 0.35138888888888886 0.5277777777777778 0.3458333333333333 0.5347222222222222 0.33611111111111114 0.5329861111111112 0.325 0.5243055555555556 0.325 0.515625 0.3277777777777778 0.5086805555555556 0.3333333333333333 0.5052083333333334 0.3416666666666667 0.5069444444444444
0 0.48333333333333334 0.020833333333333332 0.4875 0.024305555555555556 0.49027777777777776 0.03125 0.4888888888888889 0.043402777777777776 0.48333333333333334 0.050347222222222224 0.47638888888888886 0.050347222222222224 0.46944444444444444 0.041666666666666664 0.46944444444444444 0.027777777777777776 0.475 0.020833333333333332 0.48194444444444445 0.020833333333333332