0 0.2263888888888889 0.5989583333333334 0.2375 0.6059027777777778 0.2388888888888889 0.6197916666666666 0.23472222222222222 0.6232638888888888 0.2263888888888889 0.6215277777777778 0.2222222222222222 0.6163194444444444 0.21944444444444444 0.609375 0.21944444444444444 0.6024305555555556 0.225 0.5989583333333334
0 0.14444444444444443 0.5798611111111112 0.15138888888888888 0.5902777777777778 0.15138888888888888 0.6024305555555556 0.14305555555555555 0.6076388888888888 0.13472222222222222 0.6059027777777778 0.13194444444444445 0.5989583333333334 0.12222222222222222 0.5885416666666666 0.12083333333333333 0.5815972222222222 0.12777777777777777 0.5763888888888888 0.1375 0.5763888888888888 0.14305555555555555 0.5798611111111112
0 0.7152777777777778 0.5503472222222222 0.7180555555555556 0.5590277777777778 0.7180555555555556 0.5694444444444444 0.7152777777777778 0.5798611111111112 0.7097222222222223 0.5833333333333334 0.7027777777777777 0.5815972222222222 0.7013888888888888 0.5625 0.7097222222222223 0.5503472222222222 0.7138888888888889 0.5503472222222222
0 0.9166666666666666 0.3506944444444444 0.9180555555555555 0.3663194444444444 0.9111111111111111 0.3715277777777778 0.9013888888888889 0.3715277777777778 0.8972222222222223 0.3680555555555556 0.8972222222222223 0.3628472222222222 0.9069444444444444 0.3506944444444444 0.9097222222222222 0.3489583333333333 0.9152777777777777 0.3506944444444444
0 0.4847222222222222 0.9652777777777778 0.4861111111111111 0.96875 0.4847222222222222 0.9774305555555556 0.46944444444444444 0.9895833333333334 0.4625 0.9878472222222222 0.4597222222222222 0.9809027777777778 0.46111111111111114 0.9704861111111112 0.4666666666666667 0.9652777777777778 0.475 0.9635416666666666 0.48333333333333334 0.9652777777777778
0 0.49722222222222223 0.6111111111111112 0.5013888888888889 0.6145833333333334 0.5013888888888889 0.6232638888888888 0.4986111111111111 0.6302083333333334 0.49166666666666664 0.6371527777777778 0.48055555555555557 0.6371527777777778 0.475 0.6284722222222222 0.475 0.6180555555555556 0.48055555555555557 0.6128472222222222 0.49583333333333335 0.6111111111111112
0 0.44583333333333336 0.71875 0.4486111111111111 0.7239583333333334 0.4486111111111111 0.734375 0.44722222222222224 0.7413194444444444 0.44305555555555554 0.7447916666666666 0.4361111111111111 0.7447916666666666 0.4305555555555556 0.7378472222222222 0.4305555555555556 0.7291666666666666 0.43472222222222223 0.7222222222222222 0.4444444444444444 0.71875
0 0.4777777777777778 0.8958333333333334 0.48333333333333334 0.8993055555555556 0.48333333333333334 0.90625 0.48055555555555557 0.9131944444444444 0.475 0.9184027777777778 0.4638888888888889 0.9184027777777778 0.4625 0.90625 0.46944444444444444 0.8958333333333334 0.47638888888888886 0.8958333333333334
0 0.85 0.3046875 0.013888888888888888 0.026041666666666668
0 0.46111111111111114 0.7065972222222222 0.4652777777777778 0.7083333333333334 0.4708333333333333 0.7170138888888888 0.4708333333333333 0.7361111111111112 0.4666666666666667 0.7465277777777778 0.4597222222222222 0.7517361111111112 0.45555555555555555 0.7517361111111112 0.4513888888888889 0.7482638888888888 0.4486111111111111 0.7413194444444444 0.44722222222222224 0.7204861111111112 0.4527777777777778 0.7065972222222222 0.4597222222222222 0.7065972222222222
0 0.5 0.7395833333333334 0.5013888888888889 0.7465277777777778 0.4986111111111111 0.7534722222222222 0.49444444444444446 0.7586805555555556 0.4875 0.7621527777777778 0.48333333333333334 0.7621527777777778 0.48055555555555557 0.7586805555555556 0.48055555555555557 0.7517361111111112 0.49166666666666664 0.7395833333333334 0.4986111111111111 0.7395833333333334
0 0.31666666666666665 0.7552083333333334 0.32222222222222224 0.7673611111111112 0.32083333333333336 0.7916666666666666 0.31527777777777777 0.796875 0.3111111111111111 0.7934027777777778 0.3111111111111111 0.7725694444444444 0.3125 0.7604166666666666 0.31527777777777777 0.7569444444444444
0 0.44305555555555554 0.6493055555555556 0.44583333333333336 0.6336805555555556 0.4486111111111111 0.6302083333333334 0.4527777777777778 0.6302083333333334 0.45694444444444443 0.6371527777777778 0.45555555555555555 0.65625 0.4513888888888889 0.6614583333333334 0.44583333333333336 0.6614583333333334 0.4444444444444444 0.6510416666666666
0 0.7111111111111111 0.8940972222222222 0.7152777777777778 0.8975694444444444 0.7194444444444444 0.9079861111111112 0.7194444444444444 0.9184027777777778 0.7152777777777778 0.9236111111111112 0.7069444444444445 0.9201388888888888 0.7027777777777777 0.9149305555555556 0.7027777777777777 0.8975694444444444 0.7055555555555556 0.8940972222222222 0.7097222222222223 0.8940972222222222
0 0.2465277777777778 0.1970486111111111 0.018055555555555554 0.036458333333333336
0 0.7111111111111111 0.2638888888888889 0.7152777777777778 0.265625 0.7166666666666667 0.2725694444444444 0.7055555555555556 0.2864583333333333 0.6986111111111111 0.2899305555555556 0.6916666666666667 0.2829861111111111 0.6902777777777778 0.2777777777777778 0.6916666666666667 0.2690972222222222 0.6986111111111111 0.2621527777777778 0.7097222222222223 0.2638888888888889
0 0.23333333333333334 0.4774305555555556 0.24166666666666667 0.4809027777777778 0.24722222222222223 0.4878472222222222 0.24861111111111112 0.5017361111111112 0.24444444444444444 0.5173611111111112 0.23333333333333334 0.5243055555555556 0.2263888888888889 0.5225694444444444 0.21944444444444444 0.515625 0.21805555555555556 0.5104166666666666 0.21944444444444444 0.4861111111111111 0.2263888888888889 0.4791666666666667 0.23194444444444445 0.4791666666666667
0 0.5861111111111111 0.4670138888888889 0.5972222222222222 0.4791666666666667 0.6013888888888889 0.4895833333333333 0.6 0.4947916666666667 0.5972222222222222 0.4965277777777778 0.5875 0.4947916666666667 0.5805555555555556 0.4878472222222222 0.5777777777777777 0.4722222222222222 0.5805555555555556 0.4670138888888889 0.5847222222222223 0.4670138888888889
0 0.8694444444444445 0.5121527777777778 0.875 0.5138888888888888 0.8819444444444444 0.5225694444444444 0.8833333333333333 0.5381944444444444 0.875 0.5399305555555556 0.8638888888888889 0.546875 0.8583333333333333 0.546875 0.8541666666666666 0.5416666666666666 0.8513888888888889 0.5347222222222222 0.8513888888888889 0.5225694444444444 0.8555555555555555 0.515625 0.8680555555555556 0.5121527777777778
0 0.4 0.0763888888888889 0.4041666666666667 0.0763888888888889 0.4097222222222222 0.11284722222222222 0.40694444444444444 0.12152777777777778 0.3972222222222222 0.1232638888888889 0.39305555555555555 0.11979166666666667 0.39166666666666666 0.10590277777777778 0.39305555555555555 0.09027777777777778 0.4 0.078125
0 0.25 0.125 0.25555555555555554 0.1232638888888889 0.2625 0.13194444444444445 0.2611111111111111 0.140625 0.25555555555555554 0.14756944444444445 0.2513888888888889 0.14930555555555555 0.24722222222222223 0.14756944444444445 0.24583333333333332 0.1423611111111111 0.24722222222222223 0.13020833333333334 0.25 0.1267361111111111
0 0.7833333333333333 0.3645833333333333 0.7930555555555555 0.3680555555555556 0.7958333333333333 0.3715277777777778 0.7958333333333333 0.3888888888888889 0.7930555555555555 0.3940972222222222 0.7833333333333333 0.3940972222222222 0.7791666666666667 0.3888888888888889 0.7791666666666667 0.3680555555555556 0.7819444444444444 0.3663194444444444
0 0.8715277777777778 0.5529513888888888 0.029166666666666667 0.026041666666666668
0 0.7763888888888889 0.34375 0.7819444444444444 0.3472222222222222 0.7833333333333333 0.3506944444444444 0.7833333333333333 0.3628472222222222 0.7791666666666667 0.3680555555555556 0.7680555555555556 0.3611111111111111 0.7680555555555556 0.3472222222222222 0.7708333333333334 0.34375 0.775 0.34375
0 0.4708333333333333 0.03819444444444445 0.022222222222222223 0.03125
0 0.3347222222222222 0.5034722222222222 0.3375 0.5052083333333334 0.34444444444444444 0.5208333333333334 0.34444444444444444 0.53125 0.3388888888888889 0.5364583333333334 0.33055555555555555 0.5364583333333334 0.325 0.5329861111111112 0.3194444444444444 0.5225694444444444 0.3194444444444444 0.515625 0.3236111111111111 0.5069444444444444 0.33055555555555555 0.5017361111111112 0.3333333333333333 0.5034722222222222
0 0.5666666666666667 0.8472222222222222 0.5763888888888888 0.8524305555555556 0.5777777777777777 0.8559027777777778 0.5763888888888888 0.8611111111111112 0.5680555555555555 0.8697916666666666 0.5625 0.8697916666666666 0.5569444444444445 0.8663194444444444 0.5527777777777778 0.859375 0.5541666666666667 0.8559027777777778 0.5652777777777778 0.8489583333333334
0 0.42916666666666664 0.7256944444444444 0.43194444444444446 0.7274305555555556 0.43194444444444446 0.7413194444444444 0.4236111111111111 0.7413194444444444 0.41944444444444445 0.7361111111111112 0.41944444444444445 0.7274305555555556 0.42777777777777776 0.7256944444444444
0 0.47638888888888886 0.8524305555555556 0.48333333333333334 0.8472222222222222 0.4875 0.8506944444444444 0.4875 0.859375 0.48333333333333334 0.8680555555555556 0.47638888888888886 0.8663194444444444 0.475 0.8628472222222222 0.47638888888888886 0.8541666666666666