0 0.41805555555555557 0.4123263888888889 0.027777777777777776 0.022569444444444444
0 0.5236111111111111 0.7864583333333334 0.019444444444444445 0.024305555555555556
0 0.2361111111111111 0.7447916666666666 0.2375 0.7482638888888888 0.23194444444444445 0.7552083333333334 0.22361111111111112 0.7604166666666666 0.21805555555555556 0.7604166666666666 0.21388888888888888 0.7569444444444444 0.2125 0.7534722222222222 0.21388888888888888 0.7447916666666666 0.21666666666666667 0.7413194444444444 0.2263888888888889 0.7413194444444444 0.23472222222222222 0.7447916666666666
0 0.2847222222222222 0.09895833333333333 0.2902777777777778 0.10590277777777778 0.2902777777777778 0.11631944444444445 0.2861111111111111 0.12152777777777778 0.2763888888888889 0.1267361111111111 0.2708333333333333 0.1267361111111111 0.2708333333333333 0.11284722222222222 0.2722222222222222 0.1076388888888889 0.2791666666666667 0.09895833333333333 0.2833333333333333 0.09895833333333333
0 0.5902777777777778 0.7899305555555556 0.5972222222222222 0.7986111111111112 0.5972222222222222 0.8072916666666666 0.5944444444444444 0.8107638888888888 0.5847222222222223 0.8107638888888888 0.5805555555555556 0.8072916666666666 0.5791666666666667 0.7934027777777778 0.5819444444444445 0.7899305555555556 0.5888888888888889 0.7899305555555556
0 0.6347222222222222 0.4930555555555556 0.6472222222222223 0.4947916666666667 0.6527777777777778 0.5017361111111112 0.6527777777777778 0.5121527777777778 0.65 0.515625 0.6402777777777777 0.515625 0.6361111111111111 0.5104166666666666 0.6333333333333333 0.4982638888888889 0.6347222222222222 0.4947916666666667
0 0.12916666666666668 0.140625 0.12638888888888888 0.1267361111111111 0.13194444444444445 0.11284722222222222 0.1361111111111111 0.11284722222222222 0.14027777777777778 0.11805555555555555 0.14166666666666666 0.13368055555555555 0.1361111111111111 0.1423611111111111 0.13055555555555556 0.140625
0 0.7333333333333333 0.22743055555555555 0.7472222222222222 0.24479166666666666 0.7472222222222222 0.2604166666666667 0.7402777777777778 0.2673611111111111 0.7361111111111112 0.265625 0.7263888888888889 0.2534722222222222 0.7236111111111111 0.24479166666666666 0.725 0.22916666666666666 0.7291666666666666 0.22569444444444445 0.7319444444444444 0.22743055555555555
0 0.6430555555555556 0.008680555555555556 0.6513888888888889 0.012152777777777778 0.6541666666666667 0.017361111111111112 0.6458333333333334 0.026041666666666668 0.6361111111111111 0.03125 0.6305555555555555 0.029513888888888888 0.6263888888888889 0.024305555555555556 0.6263888888888889 0.015625 0.6319444444444444 0.008680555555555556 0.6416666666666667 0.008680555555555556
0 0.0763888888888889 0.9322916666666666 0.08194444444444444 0.9340277777777778 0.08472222222222223 0.9479166666666666 0.08194444444444444 0.9618055555555556 0.07777777777777778 0.9670138888888888 0.07083333333333333 0.9670138888888888 0.06805555555555555 0.9635416666666666 0.06944444444444445 0.9479166666666666 0.0763888888888889 0.9340277777777778
0 0.8347222222222223 0.1840277777777778 0.8416666666666667 0.1892361111111111 0.8444444444444444 0.19444444444444445 0.8458333333333333 0.2048611111111111 0.8416666666666667 0.2152777777777778 0.8333333333333334 0.2152777777777778 0.8305555555555556 0.21006944444444445 0.8291666666666667 0.1875 0.8333333333333334 0.1840277777777778
0 0.7027777777777777 0.4375 0.7166666666666667 0.4392361111111111 0.725 0.4513888888888889 0.7236111111111111 0.4618055555555556 0.7152777777777778 0.4618055555555556 0.7083333333333334 0.4548611111111111 0.7013888888888888 0.4409722222222222 0.7027777777777777 0.4392361111111111
0 0.8930555555555556 0.5381944444444444 0.8972222222222223 0.5364583333333334 0.9027777777777778 0.5399305555555556 0.9083333333333333 0.546875 0.9097222222222222 0.5520833333333334 0.9083333333333333 0.5659722222222222 0.8986111111111111 0.5642361111111112 0.8930555555555556 0.5520833333333334 0.8930555555555556 0.5399305555555556
0 0.6736111111111112 0.5260416666666666 0.6777777777777778 0.5329861111111112 0.6777777777777778 0.5416666666666666 0.6722222222222223 0.5486111111111112 0.6652777777777777 0.5486111111111112 0.6611111111111111 0.5434027777777778 0.6625 0.5295138888888888 0.6652777777777777 0.5260416666666666 0.6722222222222223 0.5260416666666666
0 0.8583333333333333 0.4427083333333333 0.8722222222222222 0.4513888888888889 0.8763888888888889 0.4565972222222222 0.8777777777777778 0.4704861111111111 0.8722222222222222 0.4739583333333333 0.8652777777777778 0.4704861111111111 0.8555555555555555 0.4548611111111111 0.8527777777777777 0.4444444444444444 0.8569444444444444 0.4427083333333333
0 0.8847222222222222 0.010416666666666666 0.8888888888888888 0.015625 0.8902777777777777 0.027777777777777776 0.8833333333333333 0.04513888888888889 0.8763888888888889 0.043402777777777776 0.8666666666666667 0.03125 0.8666666666666667 0.022569444444444444 0.8694444444444445 0.013888888888888888 0.875 0.008680555555555556 0.8833333333333333 0.010416666666666666
0 0.6847222222222222 0.8298611111111112 0.6875 0.8333333333333334 0.6875 0.84375 0.6861111111111111 0.8472222222222222 0.6805555555555556 0.8506944444444444 0.6694444444444444 0.8472222222222222 0.6569444444444444 0.8472222222222222 0.6527777777777778 0.8420138888888888 0.6569444444444444 0.8385416666666666 0.6666666666666666 0.8368055555555556 0.6763888888888889 0.8298611111111112 0.6833333333333333 0.8298611111111112
0 0.04583333333333333 0.6024305555555556 0.05 0.6059027777777778 0.05 0.6111111111111112 0.043055555555555555 0.6197916666666666 0.04027777777777778 0.6197916666666666 0.04027777777777778 0.6024305555555556 0.041666666666666664 0.6006944444444444 0.044444444444444446 0.6024305555555556
0 0.6888888888888889 0.4947916666666667 0.6986111111111111 0.5034722222222222 0.7013888888888888 0.5104166666666666 0.7 0.5190972222222222 0.6958333333333333 0.5208333333333334 0.6888888888888889 0.5190972222222222 0.6805555555555556 0.5121527777777778 0.6763888888888889 0.5121527777777778 0.6708333333333333 0.5052083333333334 0.6694444444444444 0.4965277777777778 0.6722222222222223 0.4895833333333333 0.6791666666666667 0.4878472222222222 0.6875 0.4947916666666667
0 0.32916666666666666 0.6909722222222222 0.3347222222222222 0.6961805555555556 0.3347222222222222 0.6996527777777778 0.3333333333333333 0.7048611111111112 0.3263888888888889 0.7100694444444444 0.3138888888888889 0.7048611111111112 0.3125 0.6996527777777778 0.3277777777777778 0.6909722222222222
0 0.9527777777777777 0.6545138888888888 0.9541666666666667 0.65625 0.9527777777777777 0.6857638888888888 0.9486111111111111 0.6770833333333334 0.9486111111111111 0.6631944444444444 0.9513888888888888 0.65625