0 0.24722222222222223 0.11284722222222222 0.2513888888888889 0.12152777777777778 0.2513888888888889 0.13194444444444445 0.24722222222222223 0.1371527777777778 0.2361111111111111 0.1423611111111111 0.23055555555555557 0.140625 0.22916666666666666 0.13541666666666666 0.23055555555555557 0.125 0.23472222222222222 0.11458333333333333 0.24027777777777778 0.1111111111111111 0.24583333333333332 0.11284722222222222
0 0.5875 0.4079861111111111 0.6 0.40625 0.6041666666666666 0.4097222222222222 0.6041666666666666 0.4149305555555556 0.6 0.4253472222222222 0.5958333333333333 0.4288194444444444 0.5861111111111111 0.4270833333333333 0.5847222222222223 0.4131944444444444 0.5875 0.4097222222222222
0 0.39861111111111114 0.4071180555555556 0.016666666666666666 0.029513888888888888
0 0.5847222222222223 0.7881944444444444 0.5875 0.8038194444444444 0.5819444444444445 0.8090277777777778 0.5736111111111111 0.8090277777777778 0.5708333333333333 0.8055555555555556 0.5680555555555555 0.7986111111111112 0.5680555555555555 0.7899305555555556 0.5708333333333333 0.7847222222222222 0.5805555555555556 0.7847222222222222 0.5833333333333334 0.7881944444444444
0 0.10833333333333334 0.1284722222222222 0.1125 0.13194444444444445 0.11666666666666667 0.1423611111111111 0.11666666666666667 0.1527777777777778 0.10833333333333334 0.16145833333333334 0.10416666666666667 0.1597222222222222 0.1 0.14756944444444445 0.10138888888888889 0.13194444444444445 0.10694444444444444 0.1284722222222222
0 0.9180555555555555 0.5520833333333334 0.9222222222222223 0.5555555555555556 0.925 0.5642361111111112 0.925 0.5729166666666666 0.9222222222222223 0.5815972222222222 0.9180555555555555 0.5833333333333334 0.9125 0.5815972222222222 0.9097222222222222 0.5746527777777778 0.9111111111111111 0.5590277777777778 0.9166666666666666 0.5538194444444444
0 0.9194444444444444 0.1371527777777778 0.9222222222222223 0.1423611111111111 0.9222222222222223 0.1597222222222222 0.9166666666666666 0.1701388888888889 0.9111111111111111 0.1684027777777778 0.9097222222222222 0.14930555555555555 0.9111111111111111 0.1423611111111111 0.9180555555555555 0.1371527777777778
0 0.6472222222222223 0.5364583333333334 0.016666666666666666 0.024305555555555556
0 0.6097222222222223 0.006944444444444444 0.6152777777777778 0.010416666666666666 0.6194444444444445 0.017361111111111112 0.6069444444444444 0.026041666666666668 0.5930555555555556 0.024305555555555556 0.5902777777777778 0.019097222222222224 0.5902777777777778 0.008680555555555556 0.5930555555555556 0.003472222222222222 0.6027777777777777 0.003472222222222222 0.6083333333333333 0.006944444444444444
0 0.9277777777777778 0.7152777777777778 0.9319444444444445 0.7274305555555556 0.9319444444444445 0.7395833333333334 0.9277777777777778 0.7534722222222222 0.9194444444444444 0.7621527777777778 0.9152777777777777 0.7604166666666666 0.9111111111111111 0.7517361111111112 0.9111111111111111 0.7222222222222222 0.9166666666666666 0.7152777777777778 0.9208333333333333 0.7135416666666666 0.9263888888888889 0.7152777777777778
0 0.8708333333333333 0.5451388888888888 0.8763888888888889 0.5538194444444444 0.8777777777777778 0.5659722222222222 0.8763888888888889 0.5746527777777778 0.8722222222222222 0.578125 0.8666666666666667 0.5746527777777778 0.8611111111111112 0.5590277777777778 0.8625 0.5451388888888888 0.8638888888888889 0.5434027777777778 0.8694444444444445 0.5451388888888888
0 0.2111111111111111 0.7604166666666666 0.2152777777777778 0.7638888888888888 0.2152777777777778 0.7690972222222222 0.20555555555555555 0.78125 0.2013888888888889 0.78125 0.1986111111111111 0.7777777777777778 0.19722222222222222 0.7690972222222222 0.2 0.7621527777777778 0.20972222222222223 0.7604166666666666
0 0.4152777777777778 0.6388888888888888 0.42083333333333334 0.6458333333333334 0.4222222222222222 0.6510416666666666 0.42083333333333334 0.6631944444444444 0.40694444444444444 0.6614583333333334 0.4 0.6493055555555556 0.39861111111111114 0.640625 0.4013888888888889 0.6354166666666666 0.4083333333333333 0.6354166666666666 0.41388888888888886 0.6388888888888888
0 0.058333333333333334 0.8107638888888888 0.016666666666666666 0.034722222222222224
0 0.5125 0.7934027777777778 0.019444444444444445 0.027777777777777776
0 0.7069444444444445 0.4409722222222222 0.7138888888888889 0.4513888888888889 0.7138888888888889 0.4600694444444444 0.7097222222222223 0.4635416666666667 0.7013888888888888 0.4618055555555556 0.6958333333333333 0.4513888888888889 0.6958333333333333 0.4444444444444444 0.6986111111111111 0.4409722222222222 0.7055555555555556 0.4409722222222222
0 0.6333333333333333 0.84375 0.6361111111111111 0.8489583333333334 0.6361111111111111 0.8576388888888888 0.6305555555555555 0.8645833333333334 0.6208333333333333 0.8645833333333334 0.6152777777777778 0.859375 0.6152777777777778 0.8559027777777778 0.6222222222222222 0.84375 0.6263888888888889 0.8420138888888888 0.6319444444444444 0.84375
0 0.8666666666666667 0.4479166666666667 0.8763888888888889 0.4548611111111111 0.8763888888888889 0.46875 0.8736111111111111 0.4722222222222222 0.8638888888888889 0.4704861111111111 0.8555555555555555 0.4565972222222222 0.8541666666666666 0.4513888888888889 0.8555555555555555 0.4444444444444444 0.8625 0.4444444444444444 0.8652777777777778 0.4479166666666667
0 0.2513888888888889 0.8142361111111112 0.2569444444444444 0.8211805555555556 0.25833333333333336 0.8420138888888888 0.25555555555555554 0.8454861111111112 0.25 0.8454861111111112 0.24583333333333332 0.8402777777777778 0.24444444444444444 0.8263888888888888 0.24722222222222223 0.8159722222222222 0.25 0.8159722222222222
0 0.7583333333333333 0 0.7722222222222223 0 0.7722222222222223 0.010416666666666666 0.7652777777777777 0.015625 0.7583333333333333 0.010416666666666666 0.7569444444444444 0.005208333333333333 0.7583333333333333 0.001736111111111111
0 0.8763888888888889 0.828125 0.8805555555555555 0.8368055555555556 0.8819444444444444 0.8541666666666666 0.8791666666666667 0.8645833333333334 0.8722222222222222 0.8697916666666666 0.8666666666666667 0.8697916666666666 0.8583333333333333 0.8645833333333334 0.8555555555555555 0.859375 0.8541666666666666 0.8454861111111112 0.8569444444444444 0.8350694444444444 0.8625 0.828125 0.8680555555555556 0.8246527777777778 0.8722222222222222 0.8246527777777778 0.875 0.828125
0 0.7333333333333333 0.22569444444444445 0.7444444444444445 0.23958333333333334 0.7472222222222222 0.2465277777777778 0.7472222222222222 0.2621527777777778 0.7416666666666667 0.2673611111111111 0.7347222222222223 0.2638888888888889 0.7291666666666666 0.2569444444444444 0.7236111111111111 0.24131944444444445 0.7236111111111111 0.22743055555555555 0.7319444444444444 0.22569444444444445
0 0.6430555555555556 0.5017361111111112 0.65 0.5017361111111112 0.6611111111111111 0.5121527777777778 0.6611111111111111 0.5190972222222222 0.6583333333333333 0.5225694444444444 0.6527777777777778 0.5243055555555556 0.6458333333333334 0.5225694444444444 0.6430555555555556 0.5190972222222222 0.6430555555555556 0.5034722222222222
0 0.8694444444444445 0.9583333333333334 0.8763888888888889 0.96875 0.8777777777777778 0.9756944444444444 0.8763888888888889 0.9913194444444444 0.8694444444444445 0.9965277777777778 0.8652777777777778 0.9965277777777778 0.8597222222222223 0.9913194444444444 0.8569444444444444 0.9670138888888888 0.8583333333333333 0.9600694444444444 0.8652777777777778 0.9565972222222222 0.8680555555555556 0.9583333333333334
0 0.8208333333333333 0.0625 0.825 0.0642361111111111 0.8305555555555556 0.07291666666666667 0.8319444444444445 0.08680555555555555 0.8291666666666667 0.09895833333333333 0.8208333333333333 0.10416666666666667 0.8125 0.09895833333333333 0.8083333333333333 0.0920138888888889 0.8069444444444445 0.08159722222222222 0.8097222222222222 0.06944444444444445 0.8125 0.06597222222222222 0.8194444444444444 0.0642361111111111
0 0.6916666666666667 0.4201388888888889 0.6930555555555555 0.4340277777777778 0.6902777777777778 0.4392361111111111 0.6819444444444445 0.4375 0.6777777777777778 0.4305555555555556 0.6777777777777778 0.4236111111111111 0.6819444444444445 0.4184027777777778 0.6902777777777778 0.4201388888888889