0 0.5916666666666667 0.7899305555555556 0.5972222222222222 0.7951388888888888 0.5986111111111111 0.8003472222222222 0.5986111111111111 0.8055555555555556 0.5944444444444444 0.8107638888888888 0.5847222222222223 0.8107638888888888 0.5819444444444445 0.8090277777777778 0.5791666666666667 0.8020833333333334 0.5805555555555556 0.7916666666666666 0.5902777777777778 0.7899305555555556
0 0.40694444444444444 0.4079861111111111 0.4236111111111111 0.3993055555555556 0.43194444444444446 0.4010416666666667 0.43194444444444446 0.4114583333333333 0.425 0.421875 0.42083333333333334 0.4236111111111111 0.40694444444444444 0.421875 0.40555555555555556 0.4184027777777778 0.40694444444444444 0.4097222222222222
0 0.5305555555555556 0.7708333333333334 0.5347222222222222 0.7743055555555556 0.5347222222222222 0.78125 0.5291666666666667 0.7951388888888888 0.525 0.7986111111111112 0.5194444444444445 0.7986111111111112 0.5152777777777777 0.7934027777777778 0.5152777777777777 0.78125 0.5208333333333334 0.7743055555555556 0.5291666666666667 0.7708333333333334
0 0.1375 0.1111111111111111 0.14444444444444443 0.12152777777777778 0.14444444444444443 0.13541666666666666 0.13472222222222222 0.1440972222222222 0.13055555555555556 0.1423611111111111 0.12916666666666668 0.1388888888888889 0.12777777777777777 0.12152777777777778 0.13055555555555556 0.11458333333333333 0.1361111111111111 0.1111111111111111
0 0.7041666666666667 0.4409722222222222 0.7166666666666667 0.4392361111111111 0.7208333333333333 0.4427083333333333 0.725 0.4513888888888889 0.725 0.4583333333333333 0.7222222222222222 0.4618055555555556 0.7166666666666667 0.4618055555555556 0.7069444444444445 0.4513888888888889 0.7041666666666667 0.4427083333333333
0 0.2777777777777778 0.09895833333333333 0.2875 0.09722222222222222 0.29305555555555557 0.10416666666666667 0.29305555555555557 0.11458333333333333 0.2902777777777778 0.11979166666666667 0.2833333333333333 0.1232638888888889 0.275 0.1232638888888889 0.27361111111111114 0.109375 0.2777777777777778 0.10069444444444445
0 0.22430555555555556 0.75 0.02361111111111111 0.020833333333333332
0 0.6708333333333333 0.5390625 0.016666666666666666 0.022569444444444444
0 0.7347222222222223 0.22743055555555555 0.7472222222222222 0.2465277777777778 0.7472222222222222 0.2604166666666667 0.7416666666666667 0.2673611111111111 0.7347222222222223 0.265625 0.7291666666666666 0.2586805555555556 0.7236111111111111 0.24479166666666666 0.7236111111111111 0.2309027777777778 0.7277777777777777 0.22569444444444445 0.7333333333333333 0.22743055555555555
0 0.6486111111111111 0.5052083333333334 0.6569444444444444 0.5121527777777778 0.6569444444444444 0.5225694444444444 0.6541666666666667 0.5260416666666666 0.6458333333333334 0.5260416666666666 0.6402777777777777 0.5173611111111112 0.6402777777777777 0.5086805555555556 0.6430555555555556 0.5052083333333334 0.6472222222222223 0.5052083333333334
0 0.6444444444444445 0.008680555555555556 0.6541666666666667 0.012152777777777778 0.6569444444444444 0.017361111111111112 0.6458333333333334 0.029513888888888888 0.6375 0.03298611111111111 0.6277777777777778 0.026041666666666668 0.6263888888888889 0.017361111111111112 0.6333333333333333 0.008680555555555556 0.6430555555555556 0.008680555555555556
0 0.8972222222222223 0.5347222222222222 0.9013888888888889 0.5364583333333334 0.9097222222222222 0.546875 0.9111111111111111 0.5625 0.9083333333333333 0.5659722222222222 0.9027777777777778 0.5659722222222222 0.8972222222222223 0.5607638888888888 0.8944444444444445 0.5503472222222222 0.8958333333333334 0.5364583333333334
0 0.8722222222222222 0.003472222222222222 0.8763888888888889 0 0.8861111111111111 0 0.8902777777777777 0.005208333333333333 0.8930555555555556 0.015625 0.8902777777777777 0.027777777777777776 0.8819444444444444 0.03819444444444445 0.875 0.03298611111111111 0.8694444444444445 0.024305555555555556 0.8694444444444445 0.008680555555555556 0.8722222222222222 0.005208333333333333
0 0.8708333333333333 0.4496527777777778 0.8763888888888889 0.4565972222222222 0.875 0.4722222222222222 0.8652777777777778 0.4704861111111111 0.8583333333333333 0.4600694444444444 0.8555555555555555 0.4513888888888889 0.8569444444444444 0.4461805555555556 0.8638888888888889 0.4461805555555556 0.8694444444444445 0.4496527777777778
0 0.8305555555555556 0.19791666666666666 0.8333333333333334 0.2065972222222222 0.8305555555555556 0.21875 0.8263888888888888 0.22569444444444445 0.8166666666666667 0.22395833333333334 0.8138888888888889 0.2204861111111111 0.8125 0.21180555555555555 0.8180555555555555 0.19791666666666666 0.8208333333333333 0.19618055555555555 0.8291666666666667 0.19791666666666666
0 0.6798611111111111 0.8385416666666666 0.020833333333333332 0.020833333333333332