0 0.7166666666666667 0.2725694444444444 0.7222222222222222 0.2760416666666667 0.7208333333333333 0.2829861111111111 0.7138888888888889 0.2916666666666667 0.7041666666666667 0.2986111111111111 0.6944444444444444 0.296875 0.6916666666666667 0.2899305555555556 0.6930555555555555 0.28125 0.7 0.2743055555555556 0.7152777777777778 0.2725694444444444
0 0.25416666666666665 0.18055555555555555 0.25833333333333336 0.1840277777777778 0.25833333333333336 0.2013888888888889 0.25416666666666665 0.2152777777777778 0.24722222222222223 0.2170138888888889 0.24305555555555555 0.20833333333333334 0.24444444444444444 0.19618055555555555 0.24861111111111112 0.1857638888888889 0.25277777777777777 0.18229166666666666
0 0.9180555555555555 0.3524305555555556 0.9208333333333333 0.3628472222222222 0.9180555555555555 0.3697916666666667 0.9138888888888889 0.3732638888888889 0.9 0.3715277777777778 0.8986111111111111 0.3628472222222222 0.9083333333333333 0.3506944444444444 0.9166666666666666 0.3524305555555556
0 0.4777777777777778 0.8958333333333334 0.48333333333333334 0.9010416666666666 0.48333333333333334 0.90625 0.47638888888888886 0.9184027777777778 0.4708333333333333 0.9201388888888888 0.4666666666666667 0.9201388888888888 0.4625 0.9166666666666666 0.4625 0.90625 0.46944444444444444 0.8958333333333334 0.47638888888888886 0.8958333333333334
0 0.5861111111111111 0.4652777777777778 0.5930555555555556 0.4704861111111111 0.5972222222222222 0.4774305555555556 0.6013888888888889 0.4878472222222222 0.6013888888888889 0.4947916666666667 0.5888888888888889 0.4947916666666667 0.5805555555555556 0.4878472222222222 0.5777777777777777 0.4809027777777778 0.5777777777777777 0.4704861111111111 0.5805555555555556 0.4652777777777778 0.5847222222222223 0.4652777777777778
0 0.46111111111111114 0.6284722222222222 0.4638888888888889 0.6319444444444444 0.4638888888888889 0.6440972222222222 0.46111111111111114 0.6510416666666666 0.45416666666666666 0.6579861111111112 0.44027777777777777 0.6510416666666666 0.4375 0.6423611111111112 0.44027777777777777 0.6336805555555556 0.4513888888888889 0.6267361111111112 0.4597222222222222 0.6284722222222222
0 0.49444444444444446 0.9583333333333334 0.49722222222222223 0.9618055555555556 0.49583333333333335 0.9722222222222222 0.4847222222222222 0.9826388888888888 0.4736111111111111 0.9826388888888888 0.4708333333333333 0.9774305555555556 0.4722222222222222 0.9670138888888888 0.4791666666666667 0.9600694444444444 0.4930555555555556 0.9583333333333334
0 0.49236111111111114 0.75 0.020833333333333332 0.024305555555555556
0 0.3236111111111111 0.7734375 0.013888888888888888 0.036458333333333336
0 0.24027777777777778 0.5989583333333334 0.24444444444444444 0.6041666666666666 0.24444444444444444 0.6197916666666666 0.24166666666666667 0.6215277777777778 0.23055555555555557 0.6180555555555556 0.2263888888888889 0.6076388888888888 0.22777777777777777 0.5972222222222222 0.2388888888888889 0.5989583333333334
0 0.15416666666666667 0.5659722222222222 0.1638888888888889 0.5729166666666666 0.16944444444444445 0.5815972222222222 0.16944444444444445 0.59375 0.16527777777777777 0.5972222222222222 0.15555555555555556 0.5972222222222222 0.1361111111111111 0.5746527777777778 0.13472222222222222 0.5711805555555556 0.1361111111111111 0.5642361111111112 0.15 0.5625 0.1527777777777778 0.5659722222222222
0 0.4597222222222222 0.7013888888888888 0.46805555555555556 0.7065972222222222 0.4708333333333333 0.7118055555555556 0.4736111111111111 0.7274305555555556 0.4708333333333333 0.7395833333333334 0.4638888888888889 0.7482638888888888 0.45416666666666666 0.7482638888888888 0.4513888888888889 0.7465277777777778 0.4486111111111111 0.7395833333333334 0.45 0.7256944444444444 0.4486111111111111 0.7100694444444444 0.4513888888888889 0.703125 0.4583333333333333 0.7013888888888888
0 0.40555555555555556 0.1467013888888889 0.013888888888888888 0.03298611111111111
0 0.4388888888888889 0.7265625 0.022222222222222223 0.029513888888888888
0 0.8527777777777777 0.2916666666666667 0.8583333333333333 0.3020833333333333 0.8583333333333333 0.3142361111111111 0.8527777777777777 0.3211805555555556 0.8444444444444444 0.3142361111111111 0.8430555555555556 0.3072916666666667 0.8444444444444444 0.2951388888888889 0.8472222222222222 0.2916666666666667 0.8513888888888889 0.2916666666666667
0 0.6736111111111112 0.5347222222222222 0.6847222222222222 0.5364583333333334 0.6888888888888889 0.5416666666666666 0.6916666666666667 0.5520833333333334 0.6902777777777778 0.5625 0.6791666666666667 0.5607638888888888 0.6736111111111112 0.5520833333333334 0.6722222222222223 0.5451388888888888 0.6736111111111112 0.5364583333333334
0 0.7180555555555556 0.8958333333333334 0.7236111111111111 0.9027777777777778 0.7263888888888889 0.9114583333333334 0.7263888888888889 0.9184027777777778 0.7236111111111111 0.9236111111111112 0.7125 0.9201388888888888 0.7069444444444445 0.9114583333333334 0.7069444444444445 0.8993055555555556 0.7138888888888889 0.8940972222222222 0.7166666666666667 0.8958333333333334
0 0.8763888888888889 0.5121527777777778 0.8833333333333333 0.5190972222222222 0.8847222222222222 0.53125 0.8819444444444444 0.5364583333333334 0.8777777777777778 0.5364583333333334 0.8694444444444445 0.5416666666666666 0.8611111111111112 0.5416666666666666 0.8569444444444444 0.5364583333333334 0.8555555555555555 0.5225694444444444 0.8625 0.5121527777777778 0.875 0.5121527777777778
0 0.2548611111111111 0.13541666666666666 0.015277777777777777 0.024305555555555556
0 0.2361111111111111 0.4991319444444444 0.03333333333333333 0.046875
0 0.8833333333333333 0.5381944444444444 0.8861111111111111 0.5434027777777778 0.8861111111111111 0.5520833333333334 0.8805555555555555 0.5590277777777778 0.8694444444444445 0.5642361111111112 0.8625 0.5642361111111112 0.8597222222222223 0.5607638888888888 0.8583333333333333 0.5451388888888888 0.8666666666666667 0.5434027777777778 0.875 0.5381944444444444 0.8819444444444444 0.5381944444444444
0 0.7916666666666666 0.3663194444444444 0.7958333333333333 0.3715277777777778 0.7958333333333333 0.3888888888888889 0.7930555555555555 0.3940972222222222 0.7833333333333333 0.3940972222222222 0.7777777777777778 0.3871527777777778 0.7805555555555556 0.3680555555555556 0.7847222222222222 0.3645833333333333 0.7902777777777777 0.3663194444444444
0 0.7770833333333333 0.3567708333333333 0.018055555555555554 0.026041666666666668
0 0.33611111111111114 0.5069444444444444 0.34444444444444444 0.5121527777777778 0.35 0.5225694444444444 0.35 0.53125 0.3458333333333333 0.5364583333333334 0.3347222222222222 0.5364583333333334 0.3277777777777778 0.53125 0.32222222222222224 0.5225694444444444 0.3236111111111111 0.5121527777777778 0.33055555555555555 0.5069444444444444 0.3347222222222222 0.5069444444444444
0 0.8229166666666666 0.8897569444444444 0.015277777777777777 0.022569444444444444
0 0.2125 0.9895833333333334 0.22777777777777777 0.9878472222222222 0.23472222222222222 0.9930555555555556 0.2361111111111111 0.9982638888888888 0.20972222222222223 0.9982638888888888 0.2125 0.9913194444444444
0 0.5736111111111111 0.8489583333333334 0.5763888888888888 0.8576388888888888 0.575 0.8628472222222222 0.5694444444444444 0.8680555555555556 0.5666666666666667 0.8680555555555556 0.5597222222222222 0.8611111111111112 0.5597222222222222 0.8541666666666666 0.5652777777777778 0.8489583333333334 0.5722222222222222 0.8489583333333334
0 0.8152777777777778 0.8472222222222222 0.8263888888888888 0.8368055555555556 0.8319444444444445 0.84375 0.8319444444444445 0.8576388888888888 0.8222222222222222 0.8645833333333334 0.8208333333333333 0.8715277777777778 0.8194444444444444 0.8663194444444444 0.8138888888888889 0.859375 0.8152777777777778 0.8489583333333334