0 0.24027777777777778 0.11805555555555555 0.24305555555555555 0.1232638888888889 0.24305555555555555 0.13368055555555555 0.23194444444444445 0.140625 0.225 0.140625 0.22361111111111112 0.1371527777777778 0.225 0.125 0.23055555555555557 0.11631944444444445 0.2388888888888889 0.11805555555555555
0 0.5180555555555556 0.78125 0.5222222222222223 0.7847222222222222 0.5180555555555556 0.8003472222222222 0.5111111111111111 0.8072916666666666 0.5041666666666667 0.8055555555555556 0.5013888888888889 0.8003472222222222 0.5013888888888889 0.7934027777777778 0.5069444444444444 0.7847222222222222 0.5166666666666667 0.7829861111111112
0 0.3958333333333333 0.3828125 0.016666666666666666 0.022569444444444444
0 0.6194444444444445 0.390625 0.625 0.3958333333333333 0.625 0.4010416666666667 0.6180555555555556 0.4079861111111111 0.6097222222222223 0.4079861111111111 0.6055555555555555 0.4027777777777778 0.6055555555555555 0.3940972222222222 0.6083333333333333 0.390625 0.6180555555555556 0.390625
0 0.10416666666666667 0.13194444444444445 0.10833333333333334 0.13541666666666666 0.1111111111111111 0.1423611111111111 0.10972222222222222 0.1579861111111111 0.10694444444444444 0.16145833333333334 0.10138888888888889 0.16145833333333334 0.09861111111111111 0.1545138888888889 0.09722222222222222 0.1423611111111111 0.09861111111111111 0.1371527777777778 0.10277777777777777 0.13368055555555555
0 0.22083333333333333 0.7638888888888888 0.22361111111111112 0.7743055555555556 0.22361111111111112 0.7881944444444444 0.21666666666666667 0.7934027777777778 0.20833333333333334 0.7899305555555556 0.20416666666666666 0.7847222222222222 0.20277777777777778 0.7725694444444444 0.20833333333333334 0.7638888888888888 0.21388888888888888 0.7621527777777778 0.21944444444444444 0.7638888888888888
0 0.5791666666666667 0.7847222222222222 0.5847222222222223 0.7916666666666666 0.5861111111111111 0.796875 0.5861111111111111 0.8020833333333334 0.5819444444444445 0.8072916666666666 0.5736111111111111 0.8072916666666666 0.5666666666666667 0.7986111111111112 0.5666666666666667 0.7881944444444444 0.5708333333333333 0.7847222222222222 0.5777777777777777 0.7847222222222222
0 0.6875 0.4409722222222222 0.7027777777777777 0.4409722222222222 0.7097222222222223 0.4479166666666667 0.7097222222222223 0.4600694444444444 0.6986111111111111 0.4618055555555556 0.6888888888888889 0.4513888888888889 0.6875 0.4427083333333333
0 0.6472222222222223 0.5277777777777778 0.6527777777777778 0.5347222222222222 0.6527777777777778 0.5434027777777778 0.6486111111111111 0.5503472222222222 0.6388888888888888 0.5503472222222222 0.6347222222222222 0.5399305555555556 0.6361111111111111 0.53125 0.6388888888888888 0.5277777777777778 0.6458333333333334 0.5277777777777778
0 0.9111111111111111 0.5416666666666666 0.9152777777777777 0.5451388888888888 0.9138888888888889 0.5659722222222222 0.9069444444444444 0.5711805555555556 0.9 0.5625 0.9013888888888889 0.5503472222222222 0.9069444444444444 0.5434027777777778 0.9097222222222222 0.5434027777777778
0 0.5986111111111111 0.001736111111111111 0.6125 0.015625 0.6097222222222223 0.020833333333333332 0.5986111111111111 0.026041666666666668 0.5930555555555556 0.026041666666666668 0.5875 0.022569444444444444 0.5861111111111111 0.017361111111111112 0.5888888888888889 0.003472222222222222 0.5916666666666667 0 0.5972222222222222 0.001736111111111111
0 0.08194444444444444 0.765625 0.08611111111111111 0.7690972222222222 0.09027777777777778 0.7829861111111112 0.08888888888888889 0.8038194444444444 0.08333333333333333 0.8090277777777778 0.07916666666666666 0.8090277777777778 0.0763888888888889 0.8055555555555556 0.0763888888888889 0.7881944444444444 0.08055555555555556 0.7673611111111112
0 0.9208333333333333 0.71875 0.9277777777777778 0.7274305555555556 0.9277777777777778 0.7430555555555556 0.925 0.7482638888888888 0.9194444444444444 0.7517361111111112 0.9097222222222222 0.7482638888888888 0.9083333333333333 0.7361111111111112 0.9111111111111111 0.7222222222222222 0.9194444444444444 0.71875
0 0.8611111111111112 0.5451388888888888 0.8680555555555556 0.5520833333333334 0.8722222222222222 0.5625 0.8722222222222222 0.5729166666666666 0.8694444444444445 0.578125 0.8638888888888889 0.578125 0.8569444444444444 0.5677083333333334 0.8555555555555555 0.5538194444444444 0.8569444444444444 0.546875 0.8597222222222223 0.5451388888888888
0 0.6236111111111111 0.8454861111111112 0.6291666666666667 0.8506944444444444 0.6291666666666667 0.859375 0.6236111111111111 0.8663194444444444 0.6138888888888889 0.8663194444444444 0.6083333333333333 0.8611111111111112 0.6083333333333333 0.8559027777777778 0.6152777777777778 0.8472222222222222 0.6222222222222222 0.8454861111111112
0 0.9069444444444444 0.13541666666666666 0.9111111111111111 0.1388888888888889 0.9125 0.1440972222222222 0.9125 0.15625 0.9083333333333333 0.1684027777777778 0.9013888888888889 0.1701388888888889 0.8972222222222223 0.16319444444444445 0.8986111111111111 0.14930555555555555 0.9055555555555556 0.1371527777777778
0 0.4583333333333333 0.6354166666666666 0.4722222222222222 0.6423611111111112 0.47638888888888886 0.6475694444444444 0.4791666666666667 0.6579861111111112 0.4722222222222222 0.6631944444444444 0.4625 0.6631944444444444 0.45555555555555555 0.6579861111111112 0.4527777777777778 0.6493055555555556 0.4527777777777778 0.640625 0.45694444444444443 0.6354166666666666
0 0.8625 0.4444444444444444 0.8722222222222222 0.4513888888888889 0.8777777777777778 0.4600694444444444 0.8777777777777778 0.46875 0.8722222222222222 0.4739583333333333 0.8666666666666667 0.4722222222222222 0.8583333333333333 0.4618055555555556 0.85 0.4461805555555556 0.8513888888888889 0.4409722222222222 0.8611111111111112 0.4444444444444444
0 0.9291666666666667 0.059027777777777776 0.9361111111111111 0.06944444444444445 0.9319444444444445 0.07465277777777778 0.9166666666666666 0.07291666666666667 0.9111111111111111 0.0642361111111111 0.9125 0.05555555555555555 0.925 0.05555555555555555 0.9277777777777778 0.059027777777777776
0 0.8652777777777778 0.8246527777777778 0.8694444444444445 0.8263888888888888 0.8763888888888889 0.8385416666666666 0.8777777777777778 0.84375 0.8763888888888889 0.8611111111111112 0.8694444444444445 0.8680555555555556 0.8611111111111112 0.8680555555555556 0.8569444444444444 0.8663194444444444 0.8513888888888889 0.8576388888888888 0.8513888888888889 0.8420138888888888 0.8555555555555555 0.8315972222222222 0.8638888888888889 0.8263888888888888
0 0.7333333333333333 0.22569444444444445 0.7402777777777778 0.234375 0.7472222222222222 0.25 0.7472222222222222 0.2604166666666667 0.7444444444444445 0.265625 0.7347222222222223 0.2638888888888889 0.725 0.2482638888888889 0.7236111111111111 0.2326388888888889 0.7277777777777777 0.22569444444444445 0.7319444444444444 0.22569444444444445
0 0.6791666666666667 0.421875 0.6833333333333333 0.4236111111111111 0.6861111111111111 0.4288194444444444 0.6888888888888889 0.4392361111111111 0.6861111111111111 0.4444444444444444 0.675 0.4392361111111111 0.6708333333333333 0.4322916666666667 0.6722222222222223 0.4236111111111111 0.6777777777777778 0.421875
0 0.6333333333333333 0.4982638888888889 0.6513888888888889 0.5138888888888888 0.6527777777777778 0.5225694444444444 0.65 0.5260416666666666 0.6291666666666667 0.5225694444444444 0.6222222222222222 0.515625 0.6194444444444445 0.5086805555555556 0.6194444444444445 0.5017361111111112 0.6236111111111111 0.4965277777777778 0.6319444444444444 0.4982638888888889
0 0.75 0 0.7638888888888888 0.001736111111111111 0.7625 0.015625 0.7569444444444444 0.019097222222222224 0.75 0.015625 0.7486111111111111 0.012152777777777778 0.75 0.001736111111111111