0 0.22777777777777777 0.5989583333333334 0.23194444444444445 0.6059027777777778 0.23194444444444445 0.6163194444444444 0.22777777777777777 0.6197916666666666 0.21805555555555556 0.6197916666666666 0.2125 0.6128472222222222 0.21388888888888888 0.5989583333333334 0.2263888888888889 0.5989583333333334
0 0.125 0.5902777777777778 0.13194444444444445 0.5954861111111112 0.13194444444444445 0.6059027777777778 0.12777777777777777 0.6128472222222222 0.12361111111111112 0.6145833333333334 0.10277777777777777 0.6128472222222222 0.09444444444444444 0.6076388888888888 0.09444444444444444 0.6041666666666666 0.10138888888888889 0.5972222222222222 0.12361111111111112 0.5902777777777778
0 0.05138888888888889 0.7517361111111112 0.05416666666666667 0.7552083333333334 0.05416666666666667 0.7690972222222222 0.05 0.7760416666666666 0.04583333333333333 0.7777777777777778 0.04027777777777778 0.7760416666666666 0.03888888888888889 0.765625 0.04027777777777778 0.7569444444444444 0.04583333333333333 0.7517361111111112 0.05 0.7517361111111112
0 0.4791666666666667 0.8958333333333334 0.48333333333333334 0.8993055555555556 0.48333333333333334 0.90625 0.47638888888888886 0.9184027777777778 0.4708333333333333 0.9201388888888888 0.4625 0.9166666666666666 0.4625 0.90625 0.46805555555555556 0.8975694444444444 0.4777777777777778 0.8958333333333334
0 0.7013888888888888 0.8975694444444444 0.7083333333333334 0.8975694444444444 0.7138888888888889 0.90625 0.7152777777777778 0.9149305555555556 0.7125 0.9253472222222222 0.7055555555555556 0.9236111111111112 0.7 0.9166666666666666 0.6986111111111111 0.9114583333333334 0.6986111111111111 0.9045138888888888 0.7013888888888888 0.8993055555555556
0 0.9125 0.3506944444444444 0.9166666666666666 0.3559027777777778 0.9166666666666666 0.3645833333333333 0.9083333333333333 0.3715277777777778 0.9013888888888889 0.3715277777777778 0.8958333333333334 0.3645833333333333 0.9027777777777778 0.3541666666666667 0.9069444444444444 0.3506944444444444 0.9111111111111111 0.3506944444444444
0 0.5902777777777778 0.4739583333333333 0.6 0.484375 0.6 0.4947916666666667 0.5958333333333333 0.4982638888888889 0.5847222222222223 0.4965277777777778 0.5777777777777777 0.4861111111111111 0.5763888888888888 0.4774305555555556 0.5791666666666667 0.4704861111111111 0.5888888888888889 0.4739583333333333
0 0.7284722222222222 0.2960069444444444 0.020833333333333332 0.029513888888888888
0 0.2902777777777778 0.14756944444444445 0.30277777777777776 0.1545138888888889 0.3 0.16145833333333334 0.2902777777777778 0.16666666666666666 0.275 0.16493055555555555 0.275 0.1527777777777778 0.2791666666666667 0.14756944444444445 0.28888888888888886 0.14756944444444445
0 0.4736111111111111 0.9739583333333334 0.47638888888888886 0.9774305555555556 0.47638888888888886 0.984375 0.4652777777777778 0.9982638888888888 0.45555555555555555 0.9982638888888888 0.4527777777777778 0.9947916666666666 0.4527777777777778 0.9826388888888888 0.4597222222222222 0.9756944444444444 0.4722222222222222 0.9739583333333334
0 0.5381944444444444 0.5590277777777778 0.018055555555555554 0.03125
0 0.2569444444444444 0.125 0.2611111111111111 0.1284722222222222 0.2625 0.13368055555555555 0.25833333333333336 0.1440972222222222 0.2513888888888889 0.14930555555555555 0.24722222222222223 0.14756944444444445 0.24583333333333332 0.1440972222222222 0.24583333333333332 0.13194444444444445 0.24861111111111112 0.1267361111111111 0.25555555555555554 0.125
0 0.8472222222222222 0.5190972222222222 0.8513888888888889 0.5208333333333334 0.8569444444444444 0.53125 0.8569444444444444 0.5538194444444444 0.8527777777777777 0.5590277777777778 0.8486111111111111 0.5590277777777778 0.8430555555555556 0.5538194444444444 0.8319444444444445 0.5503472222222222 0.8277777777777777 0.5416666666666666 0.8305555555555556 0.5277777777777778 0.8388888888888889 0.5208333333333334 0.8458333333333333 0.5190972222222222
0 0.3055555555555556 0.8003472222222222 0.30277777777777776 0.7934027777777778 0.30277777777777776 0.7829861111111112 0.3055555555555556 0.7690972222222222 0.30972222222222223 0.7604166666666666 0.31666666666666665 0.7690972222222222 0.3194444444444444 0.7795138888888888 0.3194444444444444 0.7916666666666666 0.31666666666666665 0.7986111111111112 0.3111111111111111 0.8020833333333334 0.30694444444444446 0.8003472222222222
0 0.4409722222222222 0.7378472222222222 0.018055555555555554 0.027777777777777776
0 0.8486111111111111 0.2916666666666667 0.8541666666666666 0.3020833333333333 0.8541666666666666 0.3159722222222222 0.8513888888888889 0.3211805555555556 0.8444444444444444 0.3194444444444444 0.8416666666666667 0.3125 0.8416666666666667 0.3020833333333333 0.8444444444444444 0.2934027777777778 0.8472222222222222 0.2916666666666667
0 0.4152777777777778 0 0.43333333333333335 0 0.43472222222222223 0.001736111111111111 0.43333333333333335 0.012152777777777778 0.4263888888888889 0.019097222222222224 0.4152777777777778 0.017361111111111112 0.41388888888888886 0.013888888888888888 0.4152777777777778 0.001736111111111111
0 0.8722222222222222 0.5477430555555556 0.025 0.022569444444444444
0 0.4486111111111111 0.640625 0.4527777777777778 0.6458333333333334 0.4527777777777778 0.6579861111111112 0.4486111111111111 0.6666666666666666 0.44166666666666665 0.6701388888888888 0.4375 0.6666666666666666 0.4361111111111111 0.6597222222222222 0.4375 0.6458333333333334 0.4444444444444444 0.6388888888888888 0.44722222222222224 0.640625
0 0.4625 0.7100694444444444 0.46944444444444444 0.7152777777777778 0.4722222222222222 0.7309027777777778 0.4708333333333333 0.7413194444444444 0.4652777777777778 0.7534722222222222 0.4597222222222222 0.7569444444444444 0.45416666666666666 0.7552083333333334 0.4486111111111111 0.7447916666666666 0.44722222222222224 0.7239583333333334 0.45 0.7152777777777778 0.45416666666666666 0.7100694444444444 0.46111111111111114 0.7100694444444444
0 0.7930555555555555 0.5104166666666666 0.7972222222222223 0.515625 0.7986111111111112 0.5260416666666666 0.7958333333333333 0.5347222222222222 0.7833333333333333 0.5329861111111112 0.7777777777777778 0.5277777777777778 0.775 0.5208333333333334 0.7791666666666667 0.5104166666666666 0.7916666666666666 0.5104166666666666
0 0.2361111111111111 0.4809027777777778 0.24444444444444444 0.4878472222222222 0.24722222222222223 0.5034722222222222 0.24305555555555555 0.5173611111111112 0.23472222222222222 0.5243055555555556 0.2222222222222222 0.5225694444444444 0.21805555555555556 0.5173611111111112 0.2152777777777778 0.5086805555555556 0.2152777777777778 0.4965277777777778 0.21805555555555556 0.4861111111111111 0.225 0.4809027777777778 0.23472222222222222 0.4809027777777778
0 0.4791666666666667 0.7604166666666666 0.4791666666666667 0.7534722222222222 0.4888888888888889 0.7430555555555556 0.49583333333333335 0.7430555555555556 0.49722222222222223 0.7534722222222222 0.4875 0.7621527777777778 0.48055555555555557 0.7604166666666666
0 0.3277777777777778 0.5034722222222222 0.33055555555555555 0.5121527777777778 0.3416666666666667 0.5260416666666666 0.3416666666666667 0.5364583333333334 0.3375 0.5399305555555556 0.3236111111111111 0.5364583333333334 0.31805555555555554 0.53125 0.31666666666666665 0.5260416666666666 0.31805555555555554 0.5138888888888888 0.3263888888888889 0.5034722222222222
0 0.775 0.3454861111111111 0.7805555555555556 0.3472222222222222 0.7833333333333333 0.3524305555555556 0.7819444444444444 0.3628472222222222 0.7791666666666667 0.3663194444444444 0.7736111111111111 0.3663194444444444 0.7680555555555556 0.3611111111111111 0.7680555555555556 0.3489583333333333 0.7736111111111111 0.3454861111111111
0 0.8055555555555556 0.8871527777777778 0.8111111111111111 0.8923611111111112 0.8125 0.8993055555555556 0.8111111111111111 0.9045138888888888 0.8041666666666667 0.9097222222222222 0.7986111111111112 0.9079861111111112 0.7958333333333333 0.9010416666666666 0.7972222222222223 0.8923611111111112 0.8041666666666667 0.8871527777777778
0 0.7944444444444444 0.3697916666666667 0.7972222222222223 0.3732638888888889 0.7972222222222223 0.3854166666666667 0.7944444444444444 0.3923611111111111 0.7888888888888889 0.3958333333333333 0.7819444444444444 0.3940972222222222 0.7791666666666667 0.3888888888888889 0.7805555555555556 0.3784722222222222 0.7791666666666667 0.3715277777777778 0.7819444444444444 0.3680555555555556 0.7930555555555555 0.3697916666666667