0 0.2777777777777778 0.09895833333333333 0.2847222222222222 0.10590277777777778 0.2861111111111111 0.11805555555555555 0.2777777777777778 0.1267361111111111 0.26805555555555555 0.13020833333333334 0.2638888888888889 0.1267361111111111 0.2638888888888889 0.11458333333333333 0.26805555555555555 0.10243055555555555 0.2722222222222222 0.09895833333333333 0.2763888888888889 0.09895833333333333
0 0.6694444444444444 0.5260416666666666 0.675 0.5329861111111112 0.675 0.5416666666666666 0.6722222222222223 0.5486111111111112 0.6638888888888889 0.5520833333333334 0.6597222222222222 0.5503472222222222 0.6569444444444444 0.5381944444444444 0.6611111111111111 0.5260416666666666 0.6680555555555555 0.5260416666666666
0 0.6194444444444445 0.4826388888888889 0.6263888888888889 0.4826388888888889 0.6333333333333333 0.4947916666666667 0.6319444444444444 0.5069444444444444 0.6291666666666667 0.5104166666666666 0.6222222222222222 0.5086805555555556 0.6194444444444445 0.5034722222222222 0.6194444444444445 0.484375
0 0.42083333333333334 0.4010416666666667 0.425 0.4045138888888889 0.425 0.4166666666666667 0.4222222222222222 0.4236111111111111 0.4152777777777778 0.4288194444444444 0.40694444444444444 0.4270833333333333 0.4027777777777778 0.4201388888888889 0.4027777777777778 0.4131944444444444 0.40694444444444444 0.40625 0.41944444444444445 0.4010416666666667
0 0.6986111111111111 0.4357638888888889 0.7152777777777778 0.4392361111111111 0.7236111111111111 0.4496527777777778 0.7236111111111111 0.4600694444444444 0.7194444444444444 0.4635416666666667 0.7152777777777778 0.4635416666666667 0.7055555555555556 0.4548611111111111 0.6986111111111111 0.4427083333333333 0.6986111111111111 0.4375
0 0.5215277777777778 0.7881944444444444 0.020833333333333332 0.027777777777777776
0 0.5888888888888889 0.7881944444444444 0.5958333333333333 0.7951388888888888 0.5972222222222222 0.8003472222222222 0.5958333333333333 0.8090277777777778 0.5916666666666667 0.8125 0.5847222222222223 0.8125 0.5777777777777777 0.8038194444444444 0.5777777777777777 0.7916666666666666 0.5805555555555556 0.7881944444444444 0.5875 0.7881944444444444
0 0.8652777777777778 0.05381944444444445 0.8583333333333333 0.041666666666666664 0.8569444444444444 0.03125 0.8583333333333333 0.022569444444444444 0.8666666666666667 0.013888888888888888 0.8736111111111111 0.013888888888888888 0.8805555555555555 0.022569444444444444 0.8819444444444444 0.03298611111111111 0.8763888888888889 0.04861111111111111 0.8708333333333333 0.05555555555555555 0.8666666666666667 0.05381944444444445
0 0.13333333333333333 0.11284722222222222 0.14027777777777778 0.1267361111111111 0.14027777777777778 0.1388888888888889 0.1375 0.1440972222222222 0.13194444444444445 0.14756944444444445 0.12777777777777777 0.14756944444444445 0.12361111111111112 0.1388888888888889 0.12361111111111112 0.11979166666666667 0.12777777777777777 0.11284722222222222 0.13194444444444445 0.11284722222222222
0 0.22361111111111112 0.7413194444444444 0.23194444444444445 0.7465277777777778 0.23194444444444445 0.7552083333333334 0.22777777777777777 0.7621527777777778 0.22083333333333333 0.765625 0.2125 0.7621527777777778 0.2111111111111111 0.7482638888888888 0.2125 0.7447916666666666 0.2222222222222222 0.7413194444444444
0 0.7354166666666667 0.2465277777777778 0.02361111111111111 0.041666666666666664
0 0.07083333333333333 0.5902777777777778 0.0763888888888889 0.59375 0.08055555555555556 0.6006944444444444 0.08472222222222223 0.6128472222222222 0.08333333333333333 0.6232638888888888 0.07083333333333333 0.6197916666666666 0.059722222222222225 0.6024305555555556 0.06111111111111111 0.5920138888888888 0.06388888888888888 0.5885416666666666 0.06944444444444445 0.5902777777777778
0 0.8555555555555555 0.4427083333333333 0.875 0.453125 0.8777777777777778 0.4583333333333333 0.8777777777777778 0.4704861111111111 0.8736111111111111 0.4739583333333333 0.8638888888888889 0.4704861111111111 0.8541666666666666 0.4513888888888889 0.8527777777777777 0.4461805555555556 0.8541666666666666 0.4444444444444444
0 0.8583333333333333 0.1440972222222222 0.8638888888888889 0.14930555555555555 0.8666666666666667 0.1597222222222222 0.8652777777777778 0.1753472222222222 0.8625 0.17881944444444445 0.8569444444444444 0.17881944444444445 0.8541666666666666 0.1753472222222222 0.8541666666666666 0.15625 0.8583333333333333 0.14583333333333334
0 0.95 0.1501736111111111 0.008333333333333333 0.029513888888888888
0 0.6416666666666667 0.008680555555555556 0.6527777777777778 0.015625 0.6375 0.03125 0.625 0.029513888888888888 0.6222222222222222 0.024305555555555556 0.6222222222222222 0.012152777777777778 0.6263888888888889 0.006944444444444444 0.6402777777777777 0.008680555555555556
0 0.8930555555555556 0.5381944444444444 0.9 0.5451388888888888 0.9041666666666667 0.5555555555555556 0.9041666666666667 0.5677083333333334 0.9013888888888889 0.5694444444444444 0.8944444444444445 0.5677083333333334 0.8888888888888888 0.5590277777777778 0.8875 0.5451388888888888 0.8888888888888888 0.5399305555555556 0.8916666666666667 0.5381944444444444
0 0.9506944444444444 0.6892361111111112 0.006944444444444444 0.041666666666666664
0 0.8791666666666667 0.8298611111111112 0.8958333333333334 0.8211805555555556 0.9027777777777778 0.8298611111111112 0.9027777777777778 0.8541666666666666 0.8972222222222223 0.8663194444444444 0.8847222222222222 0.8663194444444444 0.8763888888888889 0.8576388888888888 0.875 0.8402777777777778 0.8791666666666667 0.8315972222222222
0 0.8875 0.9565972222222222 0.8902777777777777 0.9618055555555556 0.8902777777777777 0.9861111111111112 0.8833333333333333 0.9930555555555556 0.8722222222222222 0.9930555555555556 0.8694444444444445 0.9895833333333334 0.8694444444444445 0.9791666666666666 0.8777777777777778 0.9600694444444444 0.8819444444444444 0.9565972222222222 0.8861111111111111 0.9565972222222222
0 0.6763888888888889 0.4913194444444444 0.6930555555555555 0.5069444444444444 0.6944444444444444 0.5190972222222222 0.6916666666666667 0.5208333333333334 0.6805555555555556 0.5190972222222222 0.6736111111111112 0.5121527777777778 0.6666666666666666 0.5104166666666666 0.6638888888888889 0.5069444444444444 0.6625 0.4947916666666667 0.6652777777777777 0.4913194444444444 0.675 0.4913194444444444
0 0.06666666666666667 0.890625 0.075 0.9097222222222222 0.075 0.9184027777777778 0.07222222222222222 0.9270833333333334 0.06388888888888888 0.9357638888888888 0.059722222222222225 0.9357638888888888 0.058333333333333334 0.9322916666666666 0.059722222222222225 0.8975694444444444 0.0625 0.8923611111111112 0.06527777777777778 0.8923611111111112
0 0.6430555555555556 0.8420138888888888 0.6527777777777778 0.8402777777777778 0.6680555555555555 0.8315972222222222 0.6777777777777778 0.8315972222222222 0.6819444444444445 0.8385416666666666 0.6819444444444445 0.8472222222222222 0.675 0.8559027777777778 0.6680555555555555 0.8559027777777778 0.6583333333333333 0.8506944444444444 0.6472222222222223 0.8506944444444444 0.6430555555555556 0.8472222222222222 0.6430555555555556 0.84375
0 0.65 0.5416666666666666 0.6541666666666667 0.5486111111111112 0.6513888888888889 0.5729166666666666 0.6430555555555556 0.5833333333333334 0.6347222222222222 0.5815972222222222 0.6319444444444444 0.5677083333333334 0.6388888888888888 0.5486111111111112 0.6486111111111111 0.5416666666666666
0 0.5666666666666667 0.9357638888888888 0.5708333333333333 0.9340277777777778 0.5763888888888888 0.9392361111111112 0.5763888888888888 0.9496527777777778 0.5736111111111111 0.953125 0.5666666666666667 0.953125 0.5652777777777778 0.9496527777777778 0.5666666666666667 0.9375
0 0.3215277777777778 0.7013888888888888 0.020833333333333332 0.017361111111111112
0 0.8722222222222222 0.796875 0.8777777777777778 0.8038194444444444 0.8777777777777778 0.8125 0.8666666666666667 0.8246527777777778 0.8527777777777777 0.8229166666666666 0.85 0.8194444444444444 0.85 0.8125 0.8513888888888889 0.8072916666666666 0.8625 0.796875 0.8652777777777778 0.7951388888888888 0.8708333333333333 0.796875
0 0.8694444444444445 0.10416666666666667 0.8722222222222222 0.1076388888888889 0.8708333333333333 0.12152777777777778 0.8722222222222222 0.1371527777777778 0.8708333333333333 0.1388888888888889 0.8652777777777778 0.13541666666666666 0.8569444444444444 0.125 0.8569444444444444 0.109375 0.8611111111111112 0.10416666666666667 0.8680555555555556 0.10416666666666667
0 0.7347222222222223 0.4114583333333333 0.7375 0.4166666666666667 0.7375 0.421875 0.7333333333333333 0.4305555555555556 0.7277777777777777 0.4305555555555556 0.7236111111111111 0.4236111111111111 0.725 0.4149305555555556 0.7291666666666666 0.4114583333333333 0.7333333333333333 0.4114583333333333
0 0.6361111111111111 0.8246527777777778 0.6388888888888888 0.828125 0.6388888888888888 0.8402777777777778 0.6361111111111111 0.84375 0.6305555555555555 0.84375 0.6263888888888889 0.8333333333333334 0.6305555555555555 0.8246527777777778 0.6347222222222222 0.8246527777777778
0 0.8833333333333333 0.4861111111111111 0.8847222222222222 0.4965277777777778 0.8819444444444444 0.5017361111111112 0.8777777777777778 0.5017361111111112 0.8722222222222222 0.4913194444444444 0.8763888888888889 0.484375 0.8819444444444444 0.4861111111111111
0 0.65 0.4722222222222222 0.6555555555555556 0.4756944444444444 0.6583333333333333 0.4913194444444444 0.6527777777777778 0.4930555555555556 0.6458333333333334 0.4878472222222222 0.6444444444444445 0.4809027777777778 0.6458333333333334 0.4756944444444444 0.6486111111111111 0.4739583333333333
0 0.12430555555555556 0.5234375 0.0125 0.019097222222222224
0 0.35555555555555557 0.9079861111111112 0.3597222222222222 0.9114583333333334 0.36527777777777776 0.9322916666666666 0.36527777777777776 0.9357638888888888 0.35833333333333334 0.9427083333333334 0.3527777777777778 0.9427083333333334 0.3472222222222222 0.9357638888888888 0.3472222222222222 0.9114583333333334 0.35 0.9079861111111112 0.3541666666666667 0.9079861111111112