0 0.7027777777777777 0.2638888888888889 0.7097222222222223 0.2673611111111111 0.7166666666666667 0.2777777777777778 0.7152777777777778 0.2829861111111111 0.7027777777777777 0.2881944444444444 0.6944444444444444 0.2864583333333333 0.6902777777777778 0.2795138888888889 0.6902777777777778 0.2708333333333333 0.7013888888888888 0.2638888888888889
0 0.9138888888888889 0.3506944444444444 0.9194444444444444 0.3541666666666667 0.9208333333333333 0.3663194444444444 0.9125 0.3732638888888889 0.9041666666666667 0.3732638888888889 0.8986111111111111 0.3697916666666667 0.8986111111111111 0.3628472222222222 0.9069444444444444 0.3524305555555556 0.9125 0.3506944444444444
0 0.39444444444444443 0.14930555555555555 0.3958333333333333 0.1684027777777778 0.39305555555555555 0.1736111111111111 0.3888888888888889 0.1753472222222222 0.3819444444444444 0.1736111111111111 0.37916666666666665 0.1701388888888889 0.37916666666666665 0.16319444444444445 0.38472222222222224 0.1527777777777778 0.3888888888888889 0.14930555555555555 0.39305555555555555 0.14930555555555555
0 0.4777777777777778 0.8958333333333334 0.48333333333333334 0.9010416666666666 0.48333333333333334 0.9079861111111112 0.47638888888888886 0.9184027777777778 0.4652777777777778 0.9184027777777778 0.4625 0.9149305555555556 0.4638888888888889 0.9027777777777778 0.46944444444444444 0.8958333333333334 0.47638888888888886 0.8958333333333334
0 0.2375 0.5972222222222222 0.24166666666666667 0.5989583333333334 0.24722222222222223 0.6059027777777778 0.24861111111111112 0.6111111111111112 0.24722222222222223 0.6180555555555556 0.24305555555555555 0.6215277777777778 0.23472222222222222 0.6197916666666666 0.23055555555555557 0.6111111111111112 0.23055555555555557 0.6024305555555556 0.23194444444444445 0.5989583333333334 0.2361111111111111 0.5972222222222222
0 0.4625 0.7065972222222222 0.4708333333333333 0.7135416666666666 0.4722222222222222 0.7239583333333334 0.4722222222222222 0.7361111111111112 0.46944444444444444 0.7430555555555556 0.4625 0.75 0.4527777777777778 0.7482638888888888 0.4486111111111111 0.7378472222222222 0.45 0.7135416666666666 0.4527777777777778 0.7083333333333334 0.46111111111111114 0.7065972222222222
0 0.2569444444444444 0.18055555555555555 0.25972222222222224 0.1857638888888889 0.25972222222222224 0.1996527777777778 0.2569444444444444 0.21354166666666666 0.25416666666666665 0.2170138888888889 0.24583333333333332 0.2170138888888889 0.24305555555555555 0.2065972222222222 0.24861111111111112 0.1875 0.25555555555555554 0.18055555555555555
0 0.5 0.7378472222222222 0.5041666666666667 0.7430555555555556 0.5027777777777778 0.7482638888888888 0.5 0.7552083333333334 0.49166666666666664 0.7621527777777778 0.4847222222222222 0.7604166666666666 0.48194444444444445 0.7552083333333334 0.49166666666666664 0.7413194444444444 0.4986111111111111 0.7378472222222222
0 0.8513888888888889 0.2916666666666667 0.8597222222222223 0.3020833333333333 0.8583333333333333 0.3159722222222222 0.8555555555555555 0.3194444444444444 0.85 0.3194444444444444 0.8458333333333333 0.3142361111111111 0.8444444444444444 0.3003472222222222 0.85 0.2934027777777778
0 0.3236111111111111 0.7569444444444444 0.32916666666666666 0.7673611111111112 0.32916666666666666 0.7829861111111112 0.3236111111111111 0.7934027777777778 0.3194444444444444 0.7934027777777778 0.31527777777777777 0.7881944444444444 0.31666666666666665 0.765625 0.3194444444444444 0.7586805555555556 0.32222222222222224 0.7569444444444444
0 0.49583333333333335 0.9600694444444444 0.49722222222222223 0.9618055555555556 0.49583333333333335 0.9739583333333334 0.4847222222222222 0.9826388888888888 0.47638888888888886 0.9826388888888888 0.4736111111111111 0.9791666666666666 0.4722222222222222 0.9756944444444444 0.4736111111111111 0.9652777777777778 0.4791666666666667 0.9600694444444444 0.49444444444444446 0.9600694444444444
0 0.43472222222222223 0.7204861111111112 0.4388888888888889 0.7170138888888888 0.4486111111111111 0.7170138888888888 0.45 0.7204861111111112 0.4486111111111111 0.7361111111111112 0.44305555555555554 0.7430555555555556 0.43472222222222223 0.7413194444444444 0.42916666666666664 0.7361111111111112 0.42777777777777776 0.7309027777777778 0.43472222222222223 0.7222222222222222
0 0.7166666666666667 0.8940972222222222 0.7208333333333333 0.8975694444444444 0.7263888888888889 0.9079861111111112 0.7263888888888889 0.9149305555555556 0.7222222222222222 0.921875 0.7125 0.9201388888888888 0.7069444444444445 0.9097222222222222 0.7069444444444445 0.8993055555555556 0.7152777777777778 0.8940972222222222
0 0.6736111111111112 0.515625 0.6777777777777778 0.5190972222222222 0.6805555555555556 0.5260416666666666 0.6805555555555556 0.5399305555555556 0.6791666666666667 0.5434027777777778 0.675 0.5451388888888888 0.6708333333333333 0.5434027777777778 0.6638888888888889 0.5277777777777778 0.6638888888888889 0.5225694444444444 0.6722222222222223 0.515625
0 0.5805555555555556 0.4652777777777778 0.5902777777777778 0.46875 0.6013888888888889 0.4878472222222222 0.6013888888888889 0.4947916666666667 0.5847222222222223 0.4930555555555556 0.5805555555555556 0.4878472222222222 0.5777777777777777 0.4774305555555556 0.5805555555555556 0.4670138888888889
0 0.46111111111111114 0.65625 0.4638888888888889 0.6597222222222222 0.4638888888888889 0.6822916666666666 0.4597222222222222 0.6892361111111112 0.4513888888888889 0.6875 0.4486111111111111 0.6788194444444444 0.4513888888888889 0.6597222222222222 0.45555555555555555 0.65625 0.4597222222222222 0.65625
0 0.25833333333333336 0.1232638888888889 0.2625 0.1267361111111111 0.2625 0.1388888888888889 0.25833333333333336 0.14583333333333334 0.25416666666666665 0.14756944444444445 0.24722222222222223 0.1423611111111111 0.24722222222222223 0.13020833333333334 0.25 0.125 0.2569444444444444 0.1232638888888889
0 0.15833333333333333 0.5625 0.17777777777777778 0.5729166666666666 0.18194444444444444 0.578125 0.18333333333333332 0.5920138888888888 0.17916666666666667 0.5954861111111112 0.17083333333333334 0.5954861111111112 0.16527777777777777 0.5920138888888888 0.15694444444444444 0.5815972222222222 0.15138888888888888 0.5729166666666666 0.15138888888888888 0.5659722222222222 0.15694444444444444 0.5625
0 0.4597222222222222 0.6302083333333334 0.4625 0.6388888888888888 0.4625 0.6493055555555556 0.46111111111111114 0.6545138888888888 0.4527777777777778 0.6597222222222222 0.44722222222222224 0.6527777777777778 0.44722222222222224 0.6371527777777778 0.4527777777777778 0.6284722222222222 0.4583333333333333 0.6302083333333334
0 0.24305555555555555 0.4774305555555556 0.25277777777777777 0.4895833333333333 0.25277777777777777 0.5034722222222222 0.24861111111111112 0.515625 0.24166666666666667 0.5225694444444444 0.23333333333333334 0.5225694444444444 0.22777777777777777 0.5190972222222222 0.2222222222222222 0.5104166666666666 0.22361111111111112 0.484375 0.22916666666666666 0.4774305555555556 0.2361111111111111 0.4756944444444444 0.24166666666666667 0.4774305555555556
0 0.8861111111111111 0.5173611111111112 0.8888888888888888 0.5225694444444444 0.8861111111111111 0.5520833333333334 0.8833333333333333 0.5572916666666666 0.8722222222222222 0.5642361111111112 0.8625 0.5642361111111112 0.8583333333333333 0.5555555555555556 0.8569444444444444 0.5243055555555556 0.8583333333333333 0.5190972222222222 0.8652777777777778 0.5121527777777778 0.8777777777777778 0.5121527777777778 0.8847222222222222 0.5173611111111112
0 0.7805555555555556 0.3454861111111111 0.7833333333333333 0.3472222222222222 0.7861111111111111 0.359375 0.7861111111111111 0.3663194444444444 0.7819444444444444 0.3697916666666667 0.7777777777777778 0.3697916666666667 0.7736111111111111 0.3663194444444444 0.7680555555555556 0.3559027777777778 0.7722222222222223 0.3454861111111111 0.7791666666666667 0.3454861111111111
0 0.7861111111111111 0.3645833333333333 0.7944444444444444 0.3697916666666667 0.7958333333333333 0.390625 0.7930555555555555 0.3940972222222222 0.7833333333333333 0.3940972222222222 0.7791666666666667 0.390625 0.7777777777777778 0.3871527777777778 0.7791666666666667 0.3697916666666667 0.7847222222222222 0.3663194444444444
0 0.24027777777777778 0.9913194444444444 0.24166666666666667 0.9982638888888888 0.2111111111111111 0.9982638888888888 0.2111111111111111 0.9930555555555556 0.21666666666666667 0.9895833333333334 0.2388888888888889 0.9913194444444444
0 0.5694444444444444 0.8567708333333334 0.016666666666666666 0.019097222222222224
0 0.8305555555555556 0.8402777777777778 0.8319444444444445 0.8576388888888888 0.825 0.8628472222222222 0.8152777777777778 0.859375 0.8152777777777778 0.8489583333333334 0.8291666666666667 0.8420138888888888
0 0.8305555555555556 0.8802083333333334 0.8333333333333334 0.890625 0.8277777777777777 0.9010416666666666 0.8236111111111111 0.9010416666666666 0.8180555555555555 0.8958333333333334 0.8180555555555555 0.8854166666666666 0.8236111111111111 0.8784722222222222 0.8291666666666667 0.8802083333333334
0 0.3388888888888889 0.5069444444444444 0.35 0.5173611111111112 0.35138888888888886 0.5260416666666666 0.3486111111111111 0.5329861111111112 0.3458333333333333 0.5347222222222222 0.3388888888888889 0.5347222222222222 0.3236111111111111 0.5225694444444444 0.3236111111111111 0.5121527777777778 0.3277777777777778 0.5069444444444444 0.3375 0.5069444444444444
0 0.8277777777777777 0.984375 0.8305555555555556 0.9861111111111112 0.8305555555555556 0.9982638888888888 0.8166666666666667 0.9982638888888888 0.8166666666666667 0.9930555555555556 0.8222222222222222 0.9861111111111112 0.8263888888888888 0.984375
0 0.23472222222222222 0 0.24027777777777778 0 0.24166666666666667 0.006944444444444444 0.24027777777777778 0.03125 0.2375 0.036458333333333336 0.23333333333333334 0.03819444444444445 0.22916666666666666 0.036458333333333336 0.22777777777777777 0.020833333333333332 0.23472222222222222 0.001736111111111111
0 0.4861111111111111 0.022569444444444444 0.4888888888888889 0.036458333333333336 0.4875 0.04513888888888889 0.48194444444444445 0.050347222222222224 0.47638888888888886 0.050347222222222224 0.46944444444444444 0.043402777777777776 0.46944444444444444 0.027777777777777776 0.4736111111111111 0.020833333333333332 0.4847222222222222 0.022569444444444444
0 0.6652777777777777 0.25 0.6680555555555555 0.2534722222222222 0.6680555555555555 0.2638888888888889 0.6597222222222222 0.2743055555555556 0.6541666666666667 0.2725694444444444 0.65 0.2673611111111111 0.6486111111111111 0.2569444444444444 0.6541666666666667 0.2517361111111111 0.6638888888888889 0.25