0 0.15555555555555556 0.5798611111111112 0.1597222222222222 0.5885416666666666 0.1597222222222222 0.5972222222222222 0.15416666666666667 0.6024305555555556 0.14444444444444443 0.6024305555555556 0.12916666666666668 0.5902777777777778 0.12638888888888888 0.5850694444444444 0.12638888888888888 0.5815972222222222 0.13333333333333333 0.5763888888888888 0.1486111111111111 0.5763888888888888 0.15416666666666667 0.5798611111111112
0 0.23333333333333334 0.6006944444444444 0.2375 0.6041666666666666 0.24027777777777778 0.6111111111111112 0.24027777777777778 0.6197916666666666 0.2361111111111111 0.6232638888888888 0.225 0.6197916666666666 0.21944444444444444 0.6059027777777778 0.22361111111111112 0.5989583333333334 0.23194444444444445 0.6006944444444444
0 0.4875 0.6163194444444444 0.4888888888888889 0.6180555555555556 0.4875 0.6284722222222222 0.4736111111111111 0.6388888888888888 0.46944444444444444 0.6388888888888888 0.4666666666666667 0.6354166666666666 0.4652777777777778 0.6319444444444444 0.4666666666666667 0.6215277777777778 0.4736111111111111 0.6163194444444444 0.4861111111111111 0.6163194444444444
0 0.9166666666666666 0.3506944444444444 0.9194444444444444 0.3576388888888889 0.9180555555555555 0.3645833333333333 0.9097222222222222 0.3715277777777778 0.8986111111111111 0.3697916666666667 0.8972222222222223 0.3628472222222222 0.9069444444444444 0.3506944444444444 0.9097222222222222 0.3489583333333333 0.9152777777777777 0.3506944444444444
0 0.4777777777777778 0.8958333333333334 0.48333333333333334 0.9010416666666666 0.48333333333333334 0.90625 0.48055555555555557 0.9131944444444444 0.475 0.9184027777777778 0.4652777777777778 0.9184027777777778 0.4625 0.9149305555555556 0.4625 0.90625 0.46944444444444444 0.8958333333333334 0.47638888888888886 0.8958333333333334
0 0.31805555555555554 0.7552083333333334 0.32222222222222224 0.765625 0.32222222222222224 0.7829861111111112 0.32083333333333336 0.7916666666666666 0.31666666666666665 0.796875 0.3138888888888889 0.796875 0.30972222222222223 0.7881944444444444 0.3125 0.7604166666666666 0.31666666666666665 0.7552083333333334
0 0.44722222222222224 0.71875 0.4486111111111111 0.7361111111111112 0.44722222222222224 0.7413194444444444 0.44305555555555554 0.7447916666666666 0.43472222222222223 0.7430555555555556 0.4305555555555556 0.7378472222222222 0.42916666666666664 0.7309027777777778 0.4361111111111111 0.7204861111111112 0.44583333333333336 0.71875
0 0.4909722222222222 0.7508680555555556 0.020833333333333332 0.022569444444444444
0 0.25277777777777777 0.18229166666666666 0.25416666666666665 0.203125 0.2513888888888889 0.21180555555555555 0.24722222222222223 0.2170138888888889 0.24166666666666667 0.2170138888888889 0.2375 0.21354166666666666 0.2375 0.1996527777777778 0.24305555555555555 0.1857638888888889 0.24722222222222223 0.18229166666666666 0.2513888888888889 0.18229166666666666
0 0.7097222222222223 0.5677083333333334 0.7111111111111111 0.578125 0.7069444444444445 0.5902777777777778 0.7027777777777777 0.59375 0.6916666666666667 0.59375 0.6888888888888889 0.5885416666666666 0.6888888888888889 0.5763888888888888 0.6944444444444444 0.5694444444444444 0.7083333333333334 0.5677083333333334
0 0.85 0.3046875 0.013888888888888888 0.026041666666666668
0 0.45555555555555555 0.6319444444444444 0.45694444444444443 0.6527777777777778 0.45 0.6614583333333334 0.44583333333333336 0.6597222222222222 0.4444444444444444 0.65625 0.4444444444444444 0.6371527777777778 0.4486111111111111 0.6302083333333334 0.45416666666666666 0.6319444444444444
0 0.7111111111111111 0.8940972222222222 0.7166666666666667 0.8993055555555556 0.7208333333333333 0.9079861111111112 0.7208333333333333 0.9184027777777778 0.7180555555555556 0.9236111111111112 0.7097222222222223 0.921875 0.7027777777777777 0.9131944444444444 0.7027777777777777 0.8993055555555556 0.7055555555555556 0.8940972222222222 0.7097222222222223 0.8940972222222222
0 0.4513888888888889 0.7065972222222222 0.45416666666666666 0.7048611111111112 0.4625 0.7065972222222222 0.4708333333333333 0.7152777777777778 0.46944444444444444 0.7413194444444444 0.4638888888888889 0.75 0.45416666666666666 0.75 0.4486111111111111 0.7395833333333334 0.4486111111111111 0.7135416666666666 0.4513888888888889 0.7083333333333334
0 0.7180555555555556 0.2673611111111111 0.7194444444444444 0.2690972222222222 0.7180555555555556 0.2760416666666667 0.7027777777777777 0.2899305555555556 0.6944444444444444 0.2899305555555556 0.6902777777777778 0.2847222222222222 0.6916666666666667 0.2725694444444444 0.7 0.265625 0.7166666666666667 0.2673611111111111
0 0.475 0.9756944444444444 0.025 0.024305555555555556
0 0.5875 0.4670138888888889 0.5972222222222222 0.4774305555555556 0.6027777777777777 0.4913194444444444 0.6013888888888889 0.4947916666666667 0.5888888888888889 0.4947916666666667 0.5805555555555556 0.4861111111111111 0.5777777777777777 0.4791666666666667 0.5777777777777777 0.4704861111111111 0.5805555555555556 0.4652777777777778 0.5861111111111111 0.4670138888888889
0 0.8736111111111111 0.5138888888888888 0.8805555555555555 0.5208333333333334 0.8833333333333333 0.5347222222222222 0.8819444444444444 0.5381944444444444 0.8638888888888889 0.546875 0.8569444444444444 0.546875 0.8527777777777777 0.5416666666666666 0.8513888888888889 0.5225694444444444 0.8541666666666666 0.5173611111111112 0.8597222222222223 0.5138888888888888 0.8722222222222222 0.5138888888888888
0 0.23333333333333334 0.4774305555555556 0.24166666666666667 0.4809027777777778 0.24861111111111112 0.4913194444444444 0.24861111111111112 0.5034722222222222 0.24583333333333332 0.515625 0.2375 0.5243055555555556 0.2263888888888889 0.5225694444444444 0.21805555555555556 0.5121527777777778 0.21944444444444444 0.4861111111111111 0.22361111111111112 0.4809027777777778 0.23194444444444445 0.4774305555555556
0 0.4222222222222222 0.0954861111111111 0.42916666666666664 0.109375 0.42916666666666664 0.12152777777777778 0.425 0.1267361111111111 0.41805555555555557 0.1267361111111111 0.4125 0.11631944444444445 0.41388888888888886 0.0954861111111111 0.4152777777777778 0.09375 0.42083333333333334 0.0954861111111111
0 0.2569444444444444 0.125 0.2611111111111111 0.13020833333333334 0.2611111111111111 0.1388888888888889 0.25555555555555554 0.14756944444444445 0.24861111111111112 0.14756944444444445 0.24583333333333332 0.1423611111111111 0.24722222222222223 0.13020833333333334 0.2513888888888889 0.125 0.25555555555555554 0.125
0 0.8833333333333333 0.5416666666666666 0.8861111111111111 0.5486111111111112 0.8847222222222222 0.5538194444444444 0.8777777777777778 0.5607638888888888 0.8652777777777778 0.5642361111111112 0.8583333333333333 0.5625 0.8583333333333333 0.5520833333333334 0.8722222222222222 0.5416666666666666 0.8763888888888889 0.5399305555555556 0.8819444444444444 0.5416666666666666
0 0.7916666666666666 0.3680555555555556 0.7958333333333333 0.3715277777777778 0.7958333333333333 0.3871527777777778 0.7930555555555555 0.3940972222222222 0.7833333333333333 0.3940972222222222 0.7791666666666667 0.3888888888888889 0.7791666666666667 0.3697916666666667 0.7847222222222222 0.3663194444444444 0.7902777777777777 0.3680555555555556
0 0.33055555555555555 0.5052083333333334 0.3416666666666667 0.515625 0.34444444444444444 0.5225694444444444 0.34444444444444444 0.5329861111111112 0.3416666666666667 0.5364583333333334 0.33055555555555555 0.5364583333333334 0.3236111111111111 0.53125 0.3194444444444444 0.5173611111111112 0.3236111111111111 0.5086805555555556 0.32916666666666666 0.5069444444444444
0 0.7805555555555556 0.3454861111111111 0.7847222222222222 0.3489583333333333 0.7847222222222222 0.3663194444444444 0.7791666666666667 0.3697916666666667 0.7722222222222223 0.3663194444444444 0.7680555555555556 0.3611111111111111 0.7680555555555556 0.3472222222222222 0.7708333333333334 0.34375 0.7791666666666667 0.3454861111111111
0 0.8166666666666667 0.8697916666666666 0.8208333333333333 0.875 0.8222222222222222 0.8819444444444444 0.8222222222222222 0.8975694444444444 0.8194444444444444 0.9010416666666666 0.8097222222222222 0.9010416666666666 0.8069444444444445 0.8958333333333334 0.8097222222222222 0.8767361111111112 0.8152777777777778 0.8697916666666666
0 0.4263888888888889 0.7335069444444444 0.013888888888888888 0.015625
0 0.575 0.8506944444444444 0.5777777777777777 0.8541666666666666 0.5777777777777777 0.859375 0.5680555555555555 0.8697916666666666 0.5625 0.8697916666666666 0.5583333333333333 0.8663194444444444 0.5555555555555556 0.8611111111111112 0.5555555555555556 0.8559027777777778 0.5611111111111111 0.8506944444444444 0.5736111111111111 0.8506944444444444
0 0.2513888888888889 0.8611111111111112 0.25555555555555554 0.8784722222222222 0.2513888888888889 0.890625 0.24722222222222223 0.8923611111111112 0.24027777777777778 0.8888888888888888 0.23055555555555557 0.8888888888888888 0.22777777777777777 0.8836805555555556 0.22777777777777777 0.875 0.23055555555555557 0.8697916666666666 0.24166666666666667 0.8628472222222222 0.25 0.8611111111111112
0 0.4791666666666667 0.024305555555555556 0.48194444444444445 0.029513888888888888 0.48194444444444445 0.041666666666666664 0.47638888888888886 0.050347222222222224 0.4666666666666667 0.050347222222222224 0.4625 0.043402777777777776 0.46111111111111114 0.03125 0.4666666666666667 0.022569444444444444 0.4777777777777778 0.024305555555555556