0 0.7180555555555556 0.2638888888888889 0.7236111111111111 0.265625 0.725 0.2690972222222222 0.7027777777777777 0.2864583333333333 0.6916666666666667 0.2847222222222222 0.6888888888888889 0.2777777777777778 0.6902777777777778 0.2708333333333333 0.6958333333333333 0.2638888888888889 0.7 0.2621527777777778 0.7166666666666667 0.2638888888888889
0 0.7319444444444444 0.5269097222222222 0.025 0.022569444444444444
0 0.4986111111111111 0.5746527777777778 0.5041666666666667 0.578125 0.5083333333333333 0.5833333333333334 0.5083333333333333 0.5868055555555556 0.5055555555555555 0.5902777777777778 0.49444444444444446 0.59375 0.48194444444444445 0.5920138888888888 0.4791666666666667 0.5885416666666666 0.4791666666666667 0.5815972222222222 0.4847222222222222 0.5746527777777778 0.49722222222222223 0.5746527777777778
0 0.9125 0.3489583333333333 0.9180555555555555 0.3524305555555556 0.9194444444444444 0.3628472222222222 0.9111111111111111 0.3715277777777778 0.9013888888888889 0.3715277777777778 0.8972222222222223 0.3663194444444444 0.8972222222222223 0.3628472222222222 0.9027777777777778 0.3541666666666667 0.9111111111111111 0.3489583333333333
0 0.22777777777777777 0.6006944444444444 0.23194444444444445 0.6024305555555556 0.2375 0.6128472222222222 0.2375 0.6197916666666666 0.23333333333333334 0.6232638888888888 0.2222222222222222 0.6197916666666666 0.21805555555555556 0.6128472222222222 0.21666666666666667 0.6041666666666666 0.21944444444444444 0.6006944444444444 0.2263888888888889 0.6006944444444444
0 0.48055555555555557 0.8975694444444444 0.4847222222222222 0.9027777777777778 0.48194444444444445 0.9097222222222222 0.475 0.9184027777777778 0.4708333333333333 0.9201388888888888 0.4638888888888889 0.9184027777777778 0.4625 0.90625 0.4708333333333333 0.8958333333333334 0.4791666666666667 0.8975694444444444
0 0.1125 0.5885416666666666 0.12222222222222222 0.5815972222222222 0.14444444444444443 0.5833333333333334 0.1486111111111111 0.5902777777777778 0.1486111111111111 0.5989583333333334 0.14583333333333334 0.6041666666666666 0.13333333333333333 0.6041666666666666 0.11388888888888889 0.5902777777777778
0 0.8715277777777778 0.5503472222222222 0.029166666666666667 0.027777777777777776
0 0.4395833333333333 0.7352430555555556 0.018055555555555554 0.026041666666666668
0 0.4625 0.9878472222222222 0.46111111111111114 0.984375 0.4625 0.9722222222222222 0.48055555555555557 0.9618055555555556 0.4847222222222222 0.9652777777777778 0.4847222222222222 0.9756944444444444 0.4736111111111111 0.9895833333333334 0.46805555555555556 0.9913194444444444 0.4638888888888889 0.9878472222222222
0 0.8666666666666667 0.515625 0.8708333333333333 0.5173611111111112 0.8763888888888889 0.5243055555555556 0.8763888888888889 0.53125 0.8708333333333333 0.5399305555555556 0.8583333333333333 0.5520833333333334 0.8555555555555555 0.5520833333333334 0.8486111111111111 0.5434027777777778 0.8458333333333333 0.5295138888888888 0.8513888888888889 0.5190972222222222 0.8583333333333333 0.515625 0.8652777777777778 0.515625
0 0.4909722222222222 0.7508680555555556 0.020833333333333332 0.022569444444444444
0 0.46111111111111114 0.7065972222222222 0.4652777777777778 0.7083333333333334 0.4708333333333333 0.7152777777777778 0.4722222222222222 0.7256944444444444 0.4708333333333333 0.7395833333333334 0.4666666666666667 0.7482638888888888 0.46111111111111114 0.7534722222222222 0.4527777777777778 0.7517361111111112 0.4486111111111111 0.7430555555555556 0.44722222222222224 0.7326388888888888 0.4486111111111111 0.7135416666666666 0.4527777777777778 0.7083333333333334 0.4597222222222222 0.7065972222222222
0 0.8513888888888889 0.2916666666666667 0.8555555555555555 0.3003472222222222 0.8555555555555555 0.3142361111111111 0.8513888888888889 0.3194444444444444 0.8472222222222222 0.3177083333333333 0.8430555555555556 0.3090277777777778 0.8444444444444444 0.2934027777777778 0.85 0.2916666666666667
0 0.4527777777777778 0.6336805555555556 0.45555555555555555 0.6371527777777778 0.45555555555555555 0.6579861111111112 0.45 0.6649305555555556 0.4444444444444444 0.6631944444444444 0.44166666666666665 0.6545138888888888 0.44166666666666665 0.6458333333333334 0.4444444444444444 0.6371527777777778 0.4486111111111111 0.6319444444444444 0.4513888888888889 0.6336805555555556
0 0.7097222222222223 0.8940972222222222 0.7152777777777778 0.8993055555555556 0.7180555555555556 0.90625 0.7166666666666667 0.9236111111111112 0.7055555555555556 0.9201388888888888 0.7013888888888888 0.9131944444444444 0.7013888888888888 0.8975694444444444 0.7041666666666667 0.8940972222222222 0.7083333333333334 0.8940972222222222
0 0.3111111111111111 0.796875 0.30972222222222223 0.7743055555555556 0.3138888888888889 0.7621527777777778 0.3194444444444444 0.7673611111111112 0.32222222222222224 0.78125 0.3194444444444444 0.7951388888888888 0.31527777777777777 0.7986111111111112 0.3125 0.796875
0 0.2590277777777778 0.1857638888888889 0.02361111111111111 0.027777777777777776
0 0.5875 0.4670138888888889 0.5972222222222222 0.4774305555555556 0.6013888888888889 0.4861111111111111 0.6013888888888889 0.4930555555555556 0.5944444444444444 0.4965277777777778 0.5805555555555556 0.4913194444444444 0.5777777777777777 0.4809027777777778 0.5777777777777777 0.46875 0.5805555555555556 0.4652777777777778 0.5861111111111111 0.4670138888888889
0 0.2361111111111111 0.4791666666666667 0.24583333333333332 0.4878472222222222 0.24861111111111112 0.5 0.24583333333333332 0.5138888888888888 0.2388888888888889 0.5225694444444444 0.23333333333333334 0.5243055555555556 0.225 0.5225694444444444 0.21944444444444444 0.5173611111111112 0.21666666666666667 0.4982638888888889 0.21805555555555556 0.4895833333333333 0.2222222222222222 0.4826388888888889 0.22777777777777777 0.4791666666666667 0.23472222222222222 0.4791666666666667
0 0.7694444444444445 0.3472222222222222 0.7763888888888889 0.3454861111111111 0.7861111111111111 0.3506944444444444 0.7861111111111111 0.3663194444444444 0.7819444444444444 0.3697916666666667 0.7777777777777778 0.3697916666666667 0.7694444444444445 0.3628472222222222 0.7680555555555556 0.359375 0.7694444444444445 0.3489583333333333
0 0.2569444444444444 0.125 0.25972222222222224 0.13020833333333334 0.25972222222222224 0.140625 0.25555555555555554 0.14756944444444445 0.25 0.14756944444444445 0.24583333333333332 0.140625 0.24722222222222223 0.1284722222222222 0.2513888888888889 0.125 0.25555555555555554 0.125
0 0.33055555555555555 0.5190972222222222 0.025 0.034722222222222224
0 0.44305555555555554 0.0763888888888889 0.4513888888888889 0.08333333333333333 0.45 0.10069444444444445 0.44305555555555554 0.109375 0.4388888888888889 0.109375 0.43333333333333335 0.10416666666666667 0.43472222222222223 0.08333333333333333 0.44166666666666665 0.0763888888888889
0 0.7902777777777777 0.3663194444444444 0.7944444444444444 0.3715277777777778 0.7958333333333333 0.3819444444444444 0.7958333333333333 0.3888888888888889 0.7930555555555555 0.3940972222222222 0.7833333333333333 0.3940972222222222 0.7791666666666667 0.3888888888888889 0.7791666666666667 0.3697916666666667 0.7888888888888889 0.3663194444444444
0 0.4652777777777778 0.020833333333333332 0.4708333333333333 0.03125 0.46944444444444444 0.04513888888888889 0.4652777777777778 0.050347222222222224 0.45555555555555555 0.050347222222222224 0.4513888888888889 0.04513888888888889 0.45 0.03819444444444445 0.4527777777777778 0.024305555555555556 0.45694444444444443 0.020833333333333332 0.4638888888888889 0.020833333333333332
0 0.41805555555555557 0.7274305555555556 0.425 0.7256944444444444 0.4305555555555556 0.7309027777777778 0.4305555555555556 0.7395833333333334 0.4263888888888889 0.7447916666666666 0.4236111111111111 0.7447916666666666 0.42083333333333334 0.7430555555555556 0.41805555555555557 0.7361111111111112 0.41805555555555557 0.7291666666666666
0 0.34444444444444444 0.7152777777777778 0.3472222222222222 0.7256944444444444 0.3416666666666667 0.7378472222222222 0.33611111111111114 0.7378472222222222 0.3333333333333333 0.734375 0.33194444444444443 0.7256944444444444 0.3347222222222222 0.7135416666666666 0.34305555555555556 0.7152777777777778
0 0.08611111111111111 0.7447916666666666 0.09027777777777778 0.75 0.09027777777777778 0.7569444444444444 0.08472222222222223 0.7638888888888888 0.07777777777777778 0.7621527777777778 0.07361111111111111 0.7534722222222222 0.07777777777777778 0.7465277777777778 0.08472222222222223 0.7447916666666666
0 0.48333333333333334 0.8524305555555556 0.4861111111111111 0.8576388888888888 0.4847222222222222 0.8663194444444444 0.4791666666666667 0.8715277777777778 0.4736111111111111 0.8697916666666666 0.4722222222222222 0.8628472222222222 0.47638888888888886 0.8559027777777778 0.48194444444444445 0.8524305555555556