0 0.22777777777777777 0.7395833333333334 0.2361111111111111 0.7430555555555556 0.2375 0.75 0.23055555555555557 0.7586805555555556 0.2263888888888889 0.7604166666666666 0.21944444444444444 0.7604166666666666 0.2125 0.7517361111111112 0.21666666666666667 0.7413194444444444 0.2263888888888889 0.7395833333333334
0 0.5333333333333333 0.7708333333333334 0.5361111111111111 0.7777777777777778 0.5347222222222222 0.7829861111111112 0.5291666666666667 0.7951388888888888 0.525 0.7986111111111112 0.5194444444444445 0.7986111111111112 0.5152777777777777 0.7951388888888888 0.5152777777777777 0.7847222222222222 0.5222222222222223 0.7743055555555556 0.5319444444444444 0.7708333333333334
0 0.5916666666666667 0.7881944444444444 0.5986111111111111 0.7951388888888888 0.6013888888888889 0.8038194444444444 0.6013888888888889 0.8072916666666666 0.5972222222222222 0.8107638888888888 0.5861111111111111 0.8107638888888888 0.5805555555555556 0.8038194444444444 0.5805555555555556 0.7899305555555556 0.5902777777777778 0.7881944444444444
0 0.7152777777777778 0.4392361111111111 0.7194444444444444 0.4409722222222222 0.725 0.4496527777777778 0.7263888888888889 0.4565972222222222 0.7236111111111111 0.4618055555555556 0.7166666666666667 0.4618055555555556 0.7097222222222223 0.4548611111111111 0.7069444444444445 0.4409722222222222 0.7138888888888889 0.4392361111111111
0 0.2902777777777778 0.0954861111111111 0.29583333333333334 0.10243055555555555 0.2972222222222222 0.1111111111111111 0.29305555555555557 0.11979166666666667 0.2861111111111111 0.1232638888888889 0.2777777777777778 0.12152777777777778 0.275 0.11805555555555555 0.275 0.109375 0.2777777777777778 0.10069444444444445 0.28194444444444444 0.0954861111111111 0.28888888888888886 0.0954861111111111
0 0.6715277777777777 0.5381944444444444 0.015277777777777777 0.024305555555555556
0 0.4305555555555556 0.3975694444444444 0.43333333333333335 0.4010416666666667 0.43194444444444446 0.4114583333333333 0.425 0.421875 0.42083333333333334 0.4236111111111111 0.40555555555555556 0.421875 0.4041666666666667 0.4114583333333333 0.4125 0.4010416666666667 0.42916666666666664 0.3975694444444444
0 0.6583333333333333 0.012152777777777778 0.6597222222222222 0.015625 0.6430555555555556 0.03125 0.6347222222222222 0.03125 0.6305555555555555 0.026041666666666668 0.6291666666666667 0.022569444444444444 0.6305555555555555 0.012152777777777778 0.6375 0.006944444444444444 0.6472222222222223 0.006944444444444444 0.6569444444444444 0.012152777777777778
0 0.9055555555555556 0.5381944444444444 0.9125 0.5520833333333334 0.9111111111111111 0.5642361111111112 0.9041666666666667 0.5642361111111112 0.8972222222222223 0.5555555555555556 0.8958333333333334 0.5364583333333334 0.9013888888888889 0.5347222222222222 0.9041666666666667 0.5381944444444444
0 0.6569444444444444 0.4965277777777778 0.6611111111111111 0.5 0.6611111111111111 0.5121527777777778 0.6569444444444444 0.5173611111111112 0.6472222222222223 0.515625 0.6416666666666667 0.5034722222222222 0.6458333333333334 0.4965277777777778 0.6555555555555556 0.4965277777777778
0 0.7333333333333333 0.22743055555555555 0.7472222222222222 0.24479166666666666 0.7486111111111111 0.2534722222222222 0.7472222222222222 0.2621527777777778 0.7416666666666667 0.2673611111111111 0.7333333333333333 0.2638888888888889 0.7263888888888889 0.2552083333333333 0.7236111111111111 0.2465277777777778 0.725 0.2309027777777778 0.7277777777777777 0.22743055555555555 0.7319444444444444 0.22743055555555555
0 0.875 0 0.8902777777777777 0 0.8944444444444445 0.008680555555555556 0.8930555555555556 0.027777777777777776 0.8861111111111111 0.03819444444444445 0.8833333333333333 0.03819444444444445 0.8708333333333333 0.024305555555555556 0.8708333333333333 0.008680555555555556 0.875 0.001736111111111111
0 0.8625 0.4461805555555556 0.8722222222222222 0.4513888888888889 0.8763888888888889 0.4565972222222222 0.8777777777777778 0.4670138888888889 0.875 0.4722222222222222 0.8666666666666667 0.4722222222222222 0.8611111111111112 0.4652777777777778 0.8555555555555555 0.453125 0.8555555555555555 0.4479166666666667 0.8611111111111112 0.4461805555555556
0 0.7958333333333333 0.20833333333333334 0.8013888888888889 0.203125 0.8111111111111111 0.203125 0.8138888888888889 0.20833333333333334 0.8111111111111111 0.2222222222222222 0.8041666666666667 0.22916666666666666 0.7958333333333333 0.22916666666666666 0.7930555555555555 0.22569444444444445 0.7930555555555555 0.2152777777777778 0.7958333333333333 0.21006944444444445
0 0.7 0.5 0.7055555555555556 0.5069444444444444 0.7041666666666667 0.5190972222222222 0.6958333333333333 0.5190972222222222 0.6875 0.5121527777777778 0.6875 0.5069444444444444 0.6930555555555555 0.4982638888888889 0.6986111111111111 0.5
0 0.1388888888888889 0.1076388888888889 0.14444444444444443 0.12152777777777778 0.14444444444444443 0.13368055555555555 0.1375 0.140625 0.13194444444444445 0.1388888888888889 0.12916666666666668 0.13368055555555555 0.13055555555555556 0.11631944444444445 0.1375 0.1076388888888889
0 0.0875 0.9583333333333334 0.09027777777777778 0.9635416666666666 0.09027777777777778 0.9826388888888888 0.0875 0.9861111111111112 0.08055555555555556 0.9861111111111112 0.07777777777777778 0.9826388888888888 0.0763888888888889 0.9704861111111112 0.07777777777777778 0.9600694444444444 0.08055555555555556 0.9565972222222222 0.08611111111111111 0.9583333333333334
0 0.6763888888888889 0.8368055555555556 0.03333333333333333 0.020833333333333332
0 0.6861111111111111 0.4861111111111111 0.6930555555555555 0.4947916666666667 0.6875 0.5104166666666666 0.6791666666666667 0.5086805555555556 0.6736111111111112 0.5 0.6736111111111112 0.4913194444444444 0.6777777777777778 0.4861111111111111 0.6847222222222222 0.4861111111111111
0 0.8861111111111111 0.96875 0.022222222222222223 0.03819444444444445
0 0.33611111111111114 0.6927083333333334 0.3375 0.7048611111111112 0.3333333333333333 0.7083333333333334 0.31527777777777777 0.7065972222222222 0.3111111111111111 0.703125 0.3111111111111111 0.6979166666666666 0.3236111111111111 0.6909722222222222 0.3347222222222222 0.6927083333333334
0 0.5666666666666667 0.9357638888888888 0.5722222222222222 0.9357638888888888 0.5763888888888888 0.9409722222222222 0.5763888888888888 0.9496527777777778 0.5736111111111111 0.953125 0.5666666666666667 0.953125 0.5652777777777778 0.9496527777777778 0.5666666666666667 0.9375
0 0.6513888888888889 0.5416666666666666 0.6541666666666667 0.5451388888888888 0.6527777777777778 0.5659722222222222 0.65 0.5746527777777778 0.6430555555555556 0.5833333333333334 0.6361111111111111 0.5833333333333334 0.6333333333333333 0.5798611111111112 0.6319444444444444 0.5642361111111112 0.6388888888888888 0.5486111111111112 0.6430555555555556 0.5434027777777778 0.65 0.5416666666666666