0 0.4777777777777778 0.8958333333333334 0.48333333333333334 0.9010416666666666 0.48333333333333334 0.90625 0.4777777777777778 0.9166666666666666 0.46944444444444444 0.9201388888888888 0.4625 0.9149305555555556 0.4625 0.90625 0.46944444444444444 0.8958333333333334 0.47638888888888886 0.8958333333333334
0 0.23055555555555557 0.5972222222222222 0.24027777777777778 0.6041666666666666 0.24305555555555555 0.6111111111111112 0.24166666666666667 0.6197916666666666 0.23055555555555557 0.6215277777777778 0.2263888888888889 0.6180555555555556 0.22361111111111112 0.6041666666666666 0.2263888888888889 0.5989583333333334 0.22916666666666666 0.5989583333333334
0 0.4861111111111111 0.9583333333333334 0.49027777777777776 0.9600694444444444 0.49166666666666664 0.9722222222222222 0.4861111111111111 0.9809027777777778 0.47638888888888886 0.9861111111111112 0.4666666666666667 0.9826388888888888 0.4652777777777778 0.9774305555555556 0.4666666666666667 0.9704861111111112 0.46944444444444444 0.9652777777777778 0.4847222222222222 0.9583333333333334
0 0.9138888888888889 0.3506944444444444 0.9194444444444444 0.3576388888888889 0.9194444444444444 0.3663194444444444 0.9125 0.3715277777777778 0.9013888888888889 0.3715277777777778 0.8972222222222223 0.3680555555555556 0.8972222222222223 0.3628472222222222 0.9 0.3576388888888889 0.9083333333333333 0.3506944444444444 0.9125 0.3506944444444444
0 0.49722222222222223 0.7378472222222222 0.5013888888888889 0.7413194444444444 0.5013888888888889 0.7482638888888888 0.4986111111111111 0.7534722222222222 0.49444444444444446 0.7586805555555556 0.4875 0.7621527777777778 0.48055555555555557 0.7586805555555556 0.48194444444444445 0.75 0.49027777777777776 0.7413194444444444 0.49583333333333335 0.7395833333333334
0 0.1597222222222222 0.5729166666666666 0.1638888888888889 0.578125 0.1638888888888889 0.5902777777777778 0.15833333333333333 0.5954861111111112 0.14722222222222223 0.59375 0.14027777777777778 0.5868055555555556 0.13333333333333333 0.5850694444444444 0.12916666666666668 0.5798611111111112 0.13472222222222222 0.5729166666666666 0.15833333333333333 0.5729166666666666
0 0.2513888888888889 0.17881944444444445 0.25416666666666665 0.18055555555555555 0.25416666666666665 0.2013888888888889 0.25 0.21354166666666666 0.24166666666666667 0.2152777777777778 0.2388888888888889 0.20833333333333334 0.2388888888888889 0.19791666666666666 0.24166666666666667 0.1909722222222222 0.25 0.18055555555555555
0 0.46111111111111114 0.7291666666666666 0.022222222222222223 0.04513888888888889
0 0.7 0.5659722222222222 0.7041666666666667 0.5694444444444444 0.7041666666666667 0.5729166666666666 0.7 0.5798611111111112 0.6916666666666667 0.5868055555555556 0.6819444444444445 0.5868055555555556 0.6791666666666667 0.5833333333333334 0.6791666666666667 0.5711805555555556 0.6888888888888889 0.5659722222222222 0.6986111111111111 0.5659722222222222
0 0.31666666666666665 0.7586805555555556 0.32083333333333336 0.7569444444444444 0.3277777777777778 0.7725694444444444 0.325 0.7881944444444444 0.31805555555555554 0.7951388888888888 0.31527777777777777 0.7934027777777778 0.3125 0.7881944444444444 0.3125 0.7777777777777778 0.31666666666666665 0.7604166666666666
0 0.44583333333333336 0.7152777777777778 0.45 0.7204861111111112 0.45 0.7326388888888888 0.44722222222222224 0.7413194444444444 0.4388888888888889 0.7447916666666666 0.42916666666666664 0.7361111111111112 0.42916666666666664 0.7291666666666666 0.43194444444444446 0.7239583333333334 0.4388888888888889 0.7170138888888888 0.4444444444444444 0.7170138888888888
0 0.5875 0.4670138888888889 0.5958333333333333 0.4756944444444444 0.6013888888888889 0.4878472222222222 0.6013888888888889 0.4947916666666667 0.5875 0.4947916666666667 0.5805555555555556 0.4878472222222222 0.5777777777777777 0.4704861111111111 0.5805555555555556 0.4652777777777778 0.5861111111111111 0.4670138888888889
0 0.7138888888888889 0.8940972222222222 0.725 0.9079861111111112 0.725 0.9149305555555556 0.7208333333333333 0.9236111111111112 0.7138888888888889 0.9236111111111112 0.7083333333333334 0.9201388888888888 0.7027777777777777 0.9114583333333334 0.7041666666666667 0.8958333333333334 0.7125 0.8940972222222222
0 0.8527777777777777 0.2916666666666667 0.8569444444444444 0.3003472222222222 0.8569444444444444 0.3125 0.8513888888888889 0.3194444444444444 0.8472222222222222 0.3177083333333333 0.8430555555555556 0.3090277777777778 0.8444444444444444 0.2951388888888889 0.8472222222222222 0.2916666666666667 0.8513888888888889 0.2916666666666667
0 0.45555555555555555 0.6302083333333334 0.46111111111111114 0.6388888888888888 0.46111111111111114 0.6510416666666666 0.4597222222222222 0.65625 0.45416666666666666 0.6631944444444444 0.45 0.6631944444444444 0.44583333333333336 0.6527777777777778 0.44722222222222224 0.6388888888888888 0.45416666666666666 0.6302083333333334
0 0.7180555555555556 0.265625 0.7194444444444444 0.2725694444444444 0.7166666666666667 0.2777777777777778 0.7027777777777777 0.2934027777777778 0.6944444444444444 0.2881944444444444 0.6930555555555555 0.2829861111111111 0.6944444444444444 0.2725694444444444 0.6986111111111111 0.2673611111111111 0.7055555555555556 0.2638888888888889 0.7166666666666667 0.265625
0 0.8694444444444445 0.5381944444444444 0.030555555555555555 0.04861111111111111
0 0.24861111111111112 0.14583333333333334 0.24722222222222223 0.1284722222222222 0.2513888888888889 0.1232638888888889 0.25833333333333336 0.1232638888888889 0.2625 0.13368055555555555 0.25833333333333336 0.14583333333333334 0.25555555555555554 0.14756944444444445 0.25 0.14583333333333334
0 0.24027777777777778 0.4791666666666667 0.25 0.4913194444444444 0.24861111111111112 0.5104166666666666 0.24583333333333332 0.5173611111111112 0.24027777777777778 0.5225694444444444 0.22777777777777777 0.5225694444444444 0.22361111111111112 0.5190972222222222 0.21944444444444444 0.5121527777777778 0.21805555555555556 0.5017361111111112 0.2222222222222222 0.4826388888888889 0.23333333333333334 0.4774305555555556 0.2388888888888889 0.4791666666666667
0 0.41805555555555557 0.1111111111111111 0.42916666666666664 0.11284722222222222 0.43194444444444446 0.11979166666666667 0.425 0.1267361111111111 0.42083333333333334 0.1267361111111111 0.4083333333333333 0.13368055555555555 0.3958333333333333 0.13368055555555555 0.39166666666666666 0.13020833333333334 0.39305555555555555 0.11284722222222222 0.4166666666666667 0.1111111111111111
0 0.7888888888888889 0.3663194444444444 0.7944444444444444 0.3715277777777778 0.7958333333333333 0.3836805555555556 0.7916666666666666 0.3940972222222222 0.7833333333333333 0.3940972222222222 0.7791666666666667 0.3888888888888889 0.7791666666666667 0.3697916666666667 0.7833333333333333 0.3663194444444444 0.7875 0.3663194444444444
0 0.8208333333333333 0.875 0.825 0.8836805555555556 0.825 0.8958333333333334 0.8208333333333333 0.9010416666666666 0.8138888888888889 0.9010416666666666 0.8097222222222222 0.8958333333333334 0.8111111111111111 0.8802083333333334 0.8152777777777778 0.875 0.8194444444444444 0.875
0 0.7819444444444444 0.3472222222222222 0.7847222222222222 0.3524305555555556 0.7861111111111111 0.3663194444444444 0.7805555555555556 0.3697916666666667 0.775 0.3680555555555556 0.7680555555555556 0.359375 0.7680555555555556 0.3506944444444444 0.7722222222222223 0.3454861111111111 0.7805555555555556 0.3472222222222222
0 0.47638888888888886 0.6336805555555556 0.48055555555555557 0.6371527777777778 0.4791666666666667 0.6614583333333334 0.47638888888888886 0.6649305555555556 0.46944444444444444 0.6614583333333334 0.46944444444444444 0.6388888888888888 0.475 0.6354166666666666
0 0.5722222222222222 0.8506944444444444 0.575 0.8541666666666666 0.575 0.8611111111111112 0.5708333333333333 0.8663194444444444 0.5638888888888889 0.8663194444444444 0.5583333333333333 0.8611111111111112 0.5583333333333333 0.8541666666666666 0.5638888888888889 0.8506944444444444 0.5708333333333333 0.8506944444444444
0 0.3388888888888889 0.5121527777777778 0.3472222222222222 0.5225694444444444 0.3472222222222222 0.53125 0.34444444444444444 0.5364583333333334 0.32916666666666666 0.5347222222222222 0.3236111111111111 0.5295138888888888 0.32083333333333336 0.5225694444444444 0.32083333333333336 0.515625 0.3263888888888889 0.5069444444444444 0.33055555555555555 0.5069444444444444 0.3375 0.5121527777777778
0 0.8194444444444444 0.8532986111111112 0.016666666666666666 0.026041666666666668
0 0.47638888888888886 0.019097222222222224 0.48055555555555557 0.020833333333333332 0.4847222222222222 0.029513888888888888 0.48333333333333334 0.04513888888888889 0.4777777777777778 0.050347222222222224 0.46944444444444444 0.050347222222222224 0.4652777777777778 0.04513888888888889 0.4625 0.036458333333333336 0.4638888888888889 0.026041666666666668 0.475 0.019097222222222224
0 0.9263888888888889 0.10590277777777778 0.9333333333333333 0.1111111111111111 0.9347222222222222 0.1267361111111111 0.9333333333333333 0.13541666666666666 0.9291666666666667 0.140625 0.925 0.140625 0.9208333333333333 0.13541666666666666 0.9166666666666666 0.11284722222222222 0.9180555555555555 0.1076388888888889 0.925 0.10590277777777778
0 0.4361111111111111 0.9600694444444444 0.44027777777777777 0.9635416666666666 0.44027777777777777 0.9756944444444444 0.43472222222222223 0.9809027777777778 0.42777777777777776 0.9774305555555556 0.4263888888888889 0.9722222222222222 0.42777777777777776 0.9635416666666666 0.4305555555555556 0.9600694444444444 0.43472222222222223 0.9600694444444444
0 0.48055555555555557 0.8506944444444444 0.4847222222222222 0.8472222222222222 0.4888888888888889 0.8472222222222222 0.49166666666666664 0.8576388888888888 0.4861111111111111 0.8663194444444444 0.48055555555555557 0.8663194444444444 0.4791666666666667 0.8645833333333334 0.48055555555555557 0.8524305555555556
0 0.20555555555555555 0.9878472222222222 0.21388888888888888 0.9878472222222222 0.22361111111111112 0.9930555555555556 0.2222222222222222 0.9982638888888888 0.20416666666666666 0.9982638888888888 0.20555555555555555 0.9895833333333334
0 0.5902777777777778 0 0.5986111111111111 0 0.5986111111111111 0.010416666666666666 0.5916666666666667 0.010416666666666666 0.5902777777777778 0.001736111111111111
0 0.2361111111111111 0 0.24027777777777778 0 0.24166666666666667 0.003472222222222222 0.24166666666666667 0.03125 0.23333333333333334 0.03819444444444445 0.22916666666666666 0.036458333333333336 0.2263888888888889 0.029513888888888888 0.2263888888888889 0.019097222222222224 0.2361111111111111 0.001736111111111111
0 0.3375 0.7326388888888888 0.33611111111111114 0.7170138888888888 0.3388888888888889 0.7118055555555556 0.3458333333333333 0.7118055555555556 0.35138888888888886 0.7222222222222222 0.35138888888888886 0.7309027777777778 0.3458333333333333 0.734375 0.3388888888888889 0.7326388888888888