0 0.4152777777777778 0.4010416666666667 0.41805555555555557 0.4045138888888889 0.41805555555555557 0.4131944444444444 0.4166666666666667 0.4184027777777778 0.4083333333333333 0.4270833333333333 0.4 0.4253472222222222 0.39861111111111114 0.4149305555555556 0.4041666666666667 0.4045138888888889 0.41388888888888886 0.4010416666666667
0 0.6583333333333333 0.5243055555555556 0.6611111111111111 0.5260416666666666 0.6638888888888889 0.5381944444444444 0.6611111111111111 0.546875 0.6555555555555556 0.5503472222222222 0.65 0.5486111111111112 0.6458333333333334 0.5434027777777778 0.6458333333333334 0.5381944444444444 0.6472222222222223 0.5277777777777778 0.65 0.5243055555555556 0.6569444444444444 0.5243055555555556
0 0.2625 0.10590277777777778 0.2652777777777778 0.1111111111111111 0.2652777777777778 0.125 0.25972222222222224 0.13194444444444445 0.25416666666666665 0.13368055555555555 0.24722222222222223 0.13194444444444445 0.24583333333333332 0.1267361111111111 0.24722222222222223 0.1076388888888889 0.25 0.10416666666666667 0.2611111111111111 0.10590277777777778
0 0.5840277777777778 0.4322916666666667 0.0125 0.03125
0 0.5847222222222223 0.7881944444444444 0.5916666666666667 0.796875 0.5916666666666667 0.8072916666666666 0.5847222222222223 0.8125 0.5763888888888888 0.8107638888888888 0.5722222222222222 0.8038194444444444 0.5736111111111111 0.7916666666666666 0.5763888888888888 0.7881944444444444 0.5833333333333334 0.7881944444444444
0 0.8819444444444444 0.5572916666666666 0.016666666666666666 0.03125
0 0.11805555555555555 0.125 0.12361111111111112 0.13368055555555555 0.12361111111111112 0.14756944444444445 0.12083333333333333 0.1527777777777778 0.11527777777777778 0.1527777777777778 0.1111111111111111 0.14756944444444445 0.10972222222222222 0.1371527777777778 0.1111111111111111 0.13020833333333334 0.1125 0.1267361111111111 0.11666666666666667 0.125
0 0.525 0.78125 0.5263888888888889 0.7864583333333334 0.5194444444444445 0.8055555555555556 0.5111111111111111 0.8055555555555556 0.5069444444444444 0.8020833333333334 0.5069444444444444 0.7881944444444444 0.5125 0.78125 0.5180555555555556 0.7795138888888888 0.5236111111111111 0.78125
0 0.8694444444444445 0.4479166666666667 0.8777777777777778 0.4583333333333333 0.8777777777777778 0.46875 0.8722222222222222 0.4739583333333333 0.8652777777777778 0.4722222222222222 0.8611111111111112 0.4670138888888889 0.8555555555555555 0.4513888888888889 0.8583333333333333 0.4444444444444444 0.8680555555555556 0.4479166666666667
0 0.7111111111111111 0.4392361111111111 0.7152777777777778 0.4409722222222222 0.7208333333333333 0.4496527777777778 0.7208333333333333 0.4600694444444444 0.7152777777777778 0.4652777777777778 0.7069444444444445 0.4618055555555556 0.7 0.4479166666666667 0.7 0.4409722222222222 0.7097222222222223 0.4392361111111111
0 0.20277777777777778 0.7552083333333334 0.20833333333333334 0.7517361111111112 0.21805555555555556 0.7517361111111112 0.22361111111111112 0.7552083333333334 0.2222222222222222 0.7621527777777778 0.2111111111111111 0.7743055555555556 0.20555555555555555 0.7743055555555556 0.2013888888888889 0.7708333333333334 0.20277777777777778 0.7569444444444444
0 0.6527777777777778 0.8402777777777778 0.6569444444444444 0.8472222222222222 0.6569444444444444 0.8524305555555556 0.6541666666666667 0.859375 0.6486111111111111 0.8628472222222222 0.6375 0.8576388888888888 0.6347222222222222 0.8524305555555556 0.6444444444444445 0.8402777777777778 0.6513888888888889 0.8402777777777778
0 0.9458333333333333 0.6458333333333334 0.9486111111111111 0.6493055555555556 0.9486111111111111 0.6631944444444444 0.9430555555555555 0.6684027777777778 0.9333333333333333 0.6684027777777778 0.9319444444444445 0.6579861111111112 0.9347222222222222 0.6493055555555556 0.9388888888888889 0.6440972222222222 0.9444444444444444 0.6458333333333334
0 0.7333333333333333 0.21354166666666666 0.7375 0.22395833333333334 0.7375 0.22916666666666666 0.7472222222222222 0.2482638888888889 0.7472222222222222 0.2621527777777778 0.7430555555555556 0.2673611111111111 0.7402777777777778 0.2673611111111111 0.7333333333333333 0.2621527777777778 0.7263888888888889 0.2517361111111111 0.7236111111111111 0.234375 0.7277777777777777 0.21875 0.7319444444444444 0.2152777777777778
0 0.9305555555555556 0.6909722222222222 0.9402777777777778 0.7100694444444444 0.9388888888888889 0.7309027777777778 0.9361111111111111 0.7361111111111112 0.9291666666666667 0.734375 0.9236111111111112 0.7204861111111112 0.9222222222222223 0.7048611111111112 0.9236111111111112 0.6927083333333334 0.9291666666666667 0.6909722222222222
0 0.6027777777777777 0.006944444444444444 0.6152777777777778 0.005208333333333333 0.6263888888888889 0.010416666666666666 0.6333333333333333 0.017361111111111112 0.6319444444444444 0.020833333333333332 0.6194444444444445 0.027777777777777776 0.6125 0.029513888888888888 0.6055555555555555 0.027777777777777776 0.6013888888888889 0.020833333333333332 0.6027777777777777 0.008680555555555556
0 0.9375 0.11284722222222222 0.9402777777777778 0.11631944444444445 0.9402777777777778 0.14930555555555555 0.9375 0.16145833333333334 0.9347222222222222 0.16493055555555555 0.9291666666666667 0.16493055555555555 0.925 0.1579861111111111 0.9263888888888889 0.1423611111111111 0.9375 0.11458333333333333
0 0.3236111111111111 0.8888888888888888 0.33055555555555555 0.8940972222222222 0.3333333333333333 0.9027777777777778 0.3333333333333333 0.9201388888888888 0.33055555555555555 0.9236111111111112 0.325 0.9236111111111112 0.32083333333333336 0.9184027777777778 0.31805555555555554 0.8923611111111112 0.32222222222222224 0.8888888888888888
0 0.6583333333333333 0.4930555555555556 0.6652777777777777 0.5 0.675 0.5052083333333334 0.6763888888888889 0.5173611111111112 0.6736111111111112 0.5208333333333334 0.6638888888888889 0.5208333333333334 0.6569444444444444 0.515625 0.65 0.515625 0.6430555555555556 0.5069444444444444 0.6430555555555556 0.4947916666666667 0.6472222222222223 0.4895833333333333 0.6541666666666667 0.4895833333333333 0.6569444444444444 0.4930555555555556
0 0.8833333333333333 0.8211805555555556 0.8875 0.8246527777777778 0.8902777777777777 0.8350694444444444 0.8902777777777777 0.8576388888888888 0.8833333333333333 0.8663194444444444 0.8708333333333333 0.8645833333333334 0.8652777777777778 0.8576388888888888 0.8625 0.8489583333333334 0.8652777777777778 0.8333333333333334 0.8722222222222222 0.8246527777777778 0.8819444444444444 0.8211805555555556
0 0.8402777777777778 0.07378472222222222 0.025 0.03993055555555555
0 0.8236111111111111 0 0.8333333333333334 0 0.8333333333333334 0.013888888888888888 0.8291666666666667 0.022569444444444444 0.8236111111111111 0.020833333333333332 0.8222222222222222 0.015625 0.8236111111111111 0.001736111111111111
0 0.5722222222222222 0.9340277777777778 0.5763888888888888 0.9392361111111112 0.5763888888888888 0.9496527777777778 0.5736111111111111 0.953125 0.5666666666666667 0.953125 0.5638888888888889 0.9444444444444444 0.5652777777777778 0.9375 0.5708333333333333 0.9340277777777778
0 0.8756944444444444 0.9756944444444444 0.018055555555555554 0.03819444444444445
0 0.275 0.6145833333333334 0.2847222222222222 0.6197916666666666 0.2847222222222222 0.6302083333333334 0.2777777777777778 0.6388888888888888 0.25972222222222224 0.6388888888888888 0.2569444444444444 0.6354166666666666 0.2569444444444444 0.6302083333333334 0.26944444444444443 0.6145833333333334 0.27361111111111114 0.6145833333333334
0 0.8923611111111112 0.9713541666666666 0.018055555555555554 0.022569444444444444
0 0.33055555555555555 0.6927083333333334 0.33194444444444443 0.6944444444444444 0.33055555555555555 0.7065972222222222 0.30972222222222223 0.7048611111111112 0.3111111111111111 0.6961805555555556 0.3263888888888889 0.6909722222222222 0.32916666666666666 0.6927083333333334
0 0.6388888888888888 0.5486111111111112 0.6430555555555556 0.5451388888888888 0.6472222222222223 0.5451388888888888 0.6513888888888889 0.5503472222222222 0.6513888888888889 0.5659722222222222 0.6472222222222223 0.5798611111111112 0.6430555555555556 0.5833333333333334 0.6361111111111111 0.5833333333333334 0.6319444444444444 0.5729166666666666 0.6333333333333333 0.5607638888888888 0.6388888888888888 0.5503472222222222
0 0.18055555555555555 0.7916666666666666 0.18472222222222223 0.796875 0.18472222222222223 0.8107638888888888 0.18194444444444444 0.8159722222222222 0.1763888888888889 0.8159722222222222 0.17222222222222222 0.8107638888888888 0.16944444444444445 0.7986111111111112 0.17222222222222222 0.7916666666666666 0.17916666666666667 0.7916666666666666
0 0.8638888888888889 0.8020833333333334 0.8666666666666667 0.8055555555555556 0.8666666666666667 0.8159722222222222 0.8583333333333333 0.8229166666666666 0.8555555555555555 0.8298611111111112 0.8444444444444444 0.828125 0.8402777777777778 0.8229166666666666 0.8388888888888889 0.8159722222222222 0.8402777777777778 0.8107638888888888 0.8486111111111111 0.8020833333333334 0.8541666666666666 0.8003472222222222 0.8625 0.8020833333333334
0 0.2861111111111111 0.5885416666666666 0.2875 0.6041666666666666 0.2861111111111111 0.6128472222222222 0.2833333333333333 0.6163194444444444 0.2708333333333333 0.6145833333333334 0.26944444444444443 0.6041666666666666 0.28055555555555556 0.5885416666666666 0.2847222222222222 0.5885416666666666
0 0.125 0.5251736111111112 0.011111111111111112 0.019097222222222224
0 0.7069444444444445 0.4149305555555556 0.7111111111111111 0.4166666666666667 0.7152777777777778 0.4253472222222222 0.7138888888888889 0.4322916666666667 0.7097222222222223 0.4357638888888889 0.7 0.4322916666666667 0.6986111111111111 0.4236111111111111 0.7013888888888888 0.4166666666666667 0.7055555555555556 0.4149305555555556
0 0.2861111111111111 0.6180555555555556 0.2916666666666667 0.6180555555555556 0.2972222222222222 0.6267361111111112 0.2972222222222222 0.6336805555555556 0.29444444444444445 0.6371527777777778 0.2847222222222222 0.640625 0.28194444444444444 0.6371527777777778 0.2847222222222222 0.6336805555555556 0.2861111111111111 0.6197916666666666
0 0.8611111111111112 0.10590277777777778 0.8666666666666667 0.10416666666666667 0.875 0.109375 0.8763888888888889 0.11458333333333333 0.8736111111111111 0.1284722222222222 0.8819444444444444 0.1423611111111111 0.8791666666666667 0.14756944444444445 0.875 0.14930555555555555 0.8680555555555556 0.14756944444444445 0.8638888888888889 0.1371527777777778 0.8611111111111112 0.1076388888888889
0 0.3472222222222222 0.9236111111111112 0.3527777777777778 0.9340277777777778 0.3541666666666667 0.9444444444444444 0.3541666666666667 0.953125 0.35138888888888886 0.9565972222222222 0.34444444444444444 0.9565972222222222 0.3388888888888889 0.9513888888888888 0.3402777777777778 0.9357638888888888 0.3375 0.9253472222222222 0.3402777777777778 0.921875 0.3458333333333333 0.9236111111111112