0 0.41805555555555557 0.4010416666666667 0.4222222222222222 0.40625 0.4222222222222222 0.4166666666666667 0.41388888888888886 0.4270833333333333 0.4013888888888889 0.4253472222222222 0.4 0.4131944444444444 0.40555555555555556 0.4045138888888889 0.4166666666666667 0.4010416666666667
0 0.2569444444444444 0.10416666666666667 0.26666666666666666 0.10243055555555555 0.2722222222222222 0.109375 0.2708333333333333 0.1232638888888889 0.25416666666666665 0.13368055555555555 0.2513888888888889 0.1284722222222222 0.2513888888888889 0.12152777777777778 0.25277777777777777 0.11284722222222222 0.2569444444444444 0.10590277777777778
0 0.12638888888888888 0.1232638888888889 0.13055555555555556 0.1284722222222222 0.13333333333333333 0.140625 0.13194444444444445 0.14583333333333334 0.125 0.15104166666666666 0.11944444444444445 0.14930555555555555 0.11666666666666667 0.1423611111111111 0.11666666666666667 0.13368055555555555 0.11944444444444445 0.125 0.125 0.1232638888888889
0 0.6638888888888889 0.5260416666666666 0.6680555555555555 0.5329861111111112 0.6680555555555555 0.5399305555555556 0.6652777777777777 0.546875 0.6611111111111111 0.5503472222222222 0.6569444444444444 0.5503472222222222 0.6527777777777778 0.5451388888888888 0.6513888888888889 0.5364583333333334 0.6541666666666667 0.5260416666666666 0.6569444444444444 0.5243055555555556 0.6625 0.5260416666666666
0 0.5111111111111111 0.78125 0.5194444444444445 0.7760416666666666 0.5263888888888889 0.7760416666666666 0.5291666666666667 0.7795138888888888 0.5291666666666667 0.7899305555555556 0.525 0.8003472222222222 0.5208333333333334 0.8038194444444444 0.5097222222222222 0.8020833333333334 0.5083333333333333 0.7899305555555556 0.5111111111111111 0.7829861111111112
0 0.8555555555555555 0.04861111111111111 0.8625 0.057291666666666664 0.8625 0.07465277777777778 0.8597222222222223 0.08333333333333333 0.8513888888888889 0.08854166666666667 0.8430555555555556 0.08854166666666667 0.8402777777777778 0.08506944444444445 0.8388888888888889 0.059027777777777776 0.8444444444444444 0.04861111111111111 0.8541666666666666 0.04861111111111111
0 0.5916666666666667 0.4444444444444444 0.5944444444444444 0.4427083333333333 0.5972222222222222 0.4444444444444444 0.6 0.4600694444444444 0.5986111111111111 0.4704861111111111 0.5944444444444444 0.4774305555555556 0.5875 0.4739583333333333 0.5861111111111111 0.4618055555555556 0.5916666666666667 0.4461805555555556
0 0.5902777777777778 0.7916666666666666 0.5944444444444444 0.8003472222222222 0.5944444444444444 0.8055555555555556 0.5902777777777778 0.8125 0.5819444444444445 0.8125 0.575 0.8055555555555556 0.575 0.7934027777777778 0.5777777777777777 0.7899305555555556 0.5888888888888889 0.7916666666666666
0 0.8861111111111111 0.5381944444444444 0.8972222222222223 0.5538194444444444 0.8986111111111111 0.5642361111111112 0.8972222222222223 0.5711805555555556 0.8944444444444445 0.5729166666666666 0.8888888888888888 0.5711805555555556 0.8819444444444444 0.5625 0.8805555555555555 0.5434027777777778 0.8847222222222222 0.5381944444444444
0 0.18194444444444444 0.6267361111111112 0.1875 0.6302083333333334 0.1875 0.6388888888888888 0.18333333333333332 0.6475694444444444 0.17777777777777778 0.6545138888888888 0.16805555555555557 0.6579861111111112 0.1625 0.6579861111111112 0.15833333333333333 0.6527777777777778 0.1597222222222222 0.6440972222222222 0.1638888888888889 0.6388888888888888 0.18055555555555555 0.6284722222222222
0 0.7180555555555556 0.4427083333333333 0.7236111111111111 0.4513888888888889 0.7236111111111111 0.4600694444444444 0.7208333333333333 0.4635416666666667 0.7097222222222223 0.4618055555555556 0.7013888888888888 0.4479166666666667 0.7027777777777777 0.4409722222222222 0.7166666666666667 0.4427083333333333
0 0.8555555555555555 0.4461805555555556 0.8638888888888889 0.4461805555555556 0.8763888888888889 0.4565972222222222 0.8763888888888889 0.4704861111111111 0.8694444444444445 0.4739583333333333 0.8583333333333333 0.4600694444444444 0.8555555555555555 0.4479166666666667
0 0.6305555555555555 0.006944444444444444 0.6472222222222223 0.015625 0.6416666666666667 0.020833333333333332 0.6263888888888889 0.027777777777777776 0.6152777777777778 0.026041666666666668 0.6111111111111112 0.017361111111111112 0.6125 0.010416666666666666 0.6180555555555556 0.005208333333333333 0.6291666666666667 0.006944444444444444
0 0.7347222222222223 0.22743055555555555 0.7416666666666667 0.2361111111111111 0.7472222222222222 0.2482638888888889 0.7472222222222222 0.2621527777777778 0.7430555555555556 0.2673611111111111 0.7333333333333333 0.2638888888888889 0.7263888888888889 0.2534722222222222 0.7236111111111111 0.24305555555555555 0.725 0.22916666666666666 0.7277777777777777 0.22569444444444445 0.7333333333333333 0.22743055555555555
0 0.21805555555555556 0.7465277777777778 0.225 0.7482638888888888 0.22916666666666666 0.7534722222222222 0.21666666666666667 0.7690972222222222 0.20833333333333334 0.7690972222222222 0.20555555555555555 0.765625 0.20694444444444443 0.7517361111111112 0.2125 0.7465277777777778 0.21666666666666667 0.7465277777777778
0 0.6486111111111111 0.8559027777777778 0.6472222222222223 0.8524305555555556 0.6486111111111111 0.84375 0.6583333333333333 0.8350694444444444 0.6638888888888889 0.8368055555555556 0.6666666666666666 0.84375 0.6666666666666666 0.8524305555555556 0.6652777777777777 0.8559027777777778 0.6597222222222222 0.859375 0.65 0.8559027777777778
0 0.9458333333333333 0.13541666666666666 0.9472222222222222 0.1579861111111111 0.9416666666666667 0.1684027777777778 0.9388888888888889 0.1684027777777778 0.9347222222222222 0.16145833333333334 0.9347222222222222 0.1440972222222222 0.9402777777777778 0.13541666666666666 0.9444444444444444 0.13541666666666666
0 0.9423611111111111 0.7039930555555556 0.018055555555555554 0.046875
0 0.6597222222222222 0.4895833333333333 0.6680555555555555 0.4930555555555556 0.6819444444444445 0.5069444444444444 0.6833333333333333 0.5190972222222222 0.6805555555555556 0.5208333333333334 0.6722222222222223 0.5208333333333334 0.6527777777777778 0.5104166666666666 0.65 0.4947916666666667 0.6583333333333333 0.4895833333333333
0 0.3527777777777778 0.9739583333333334 0.3625 0.984375 0.36527777777777776 0.9930555555555556 0.3638888888888889 0.9982638888888888 0.34444444444444444 0.9982638888888888 0.34444444444444444 0.9878472222222222 0.3472222222222222 0.984375 0.3486111111111111 0.9756944444444444 0.35138888888888886 0.9739583333333334
0 0.0625 0.8888888888888888 0.06805555555555555 0.8958333333333334 0.06944444444444445 0.9010416666666666 0.06944444444444445 0.9097222222222222 0.06666666666666667 0.9131944444444444 0.059722222222222225 0.9131944444444444 0.05277777777777778 0.9045138888888888 0.05416666666666667 0.8923611111111112 0.05694444444444444 0.8888888888888888 0.06111111111111111 0.8888888888888888
0 0.8770833333333333 0.9748263888888888 0.020833333333333332 0.03993055555555555
0 0.8826388888888889 0.8472222222222222 0.029166666666666667 0.04513888888888889
0 0.5708333333333333 0.9340277777777778 0.5763888888888888 0.9392361111111112 0.575 0.953125 0.5652777777777778 0.9513888888888888 0.5652777777777778 0.9375 0.5694444444444444 0.9340277777777778