0 0.40694444444444444 0.13194444444444445 0.019444444444444445 0.027777777777777776
0 0.4777777777777778 0.8958333333333334 0.48333333333333334 0.9010416666666666 0.48333333333333334 0.90625 0.48055555555555557 0.9131944444444444 0.4722222222222222 0.9201388888888888 0.4638888888888889 0.9184027777777778 0.4625 0.9079861111111112 0.46944444444444444 0.8958333333333334 0.47638888888888886 0.8958333333333334
0 0.2375 0.6024305555555556 0.24166666666666667 0.609375 0.24166666666666667 0.6180555555555556 0.2388888888888889 0.6215277777777778 0.22916666666666666 0.6215277777777778 0.22361111111111112 0.6145833333333334 0.22361111111111112 0.6024305555555556 0.2263888888888889 0.5989583333333334 0.2361111111111111 0.6024305555555556
0 0.2513888888888889 0.17881944444444445 0.25555555555555554 0.1840277777777778 0.25555555555555554 0.19618055555555555 0.2513888888888889 0.21180555555555555 0.24722222222222223 0.2170138888888889 0.24027777777777778 0.2170138888888889 0.2388888888888889 0.21354166666666666 0.24027777777777778 0.19444444444444445 0.24444444444444444 0.1857638888888889 0.25 0.18055555555555555
0 0.48194444444444445 0.7604166666666666 0.48055555555555557 0.7569444444444444 0.48194444444444445 0.75 0.4930555555555556 0.7395833333333334 0.5 0.7395833333333334 0.5013888888888889 0.7482638888888888 0.49444444444444446 0.7586805555555556 0.4875 0.7621527777777778 0.48333333333333334 0.7604166666666666
0 0.9166666666666666 0.3524305555555556 0.9194444444444444 0.3576388888888889 0.9194444444444444 0.3645833333333333 0.9138888888888889 0.3715277777777778 0.9013888888888889 0.3715277777777778 0.8986111111111111 0.3680555555555556 0.8986111111111111 0.3611111111111111 0.9069444444444444 0.3506944444444444 0.9152777777777777 0.3524305555555556
0 0.48333333333333334 0.9600694444444444 0.49027777777777776 0.9652777777777778 0.4888888888888889 0.9774305555555556 0.47638888888888886 0.9861111111111112 0.4708333333333333 0.9861111111111112 0.4652777777777778 0.9809027777777778 0.4652777777777778 0.9722222222222222 0.46805555555555556 0.9652777777777778 0.48194444444444445 0.9618055555555556
0 0.32083333333333336 0.7552083333333334 0.3277777777777778 0.7708333333333334 0.3277777777777778 0.78125 0.3236111111111111 0.7916666666666666 0.3194444444444444 0.7951388888888888 0.3138888888888889 0.7934027777777778 0.3125 0.7899305555555556 0.3125 0.7725694444444444 0.31527777777777777 0.7604166666666666 0.3194444444444444 0.7552083333333334
0 0.44722222222222224 0.71875 0.45 0.7291666666666666 0.44722222222222224 0.7413194444444444 0.44305555555555554 0.7447916666666666 0.43333333333333335 0.7413194444444444 0.42916666666666664 0.7309027777777778 0.4388888888888889 0.71875 0.44583333333333336 0.71875
0 0.7041666666666667 0.5642361111111112 0.7083333333333334 0.5677083333333334 0.7097222222222223 0.5763888888888888 0.7055555555555556 0.5815972222222222 0.6972222222222222 0.5850694444444444 0.6888888888888889 0.5833333333333334 0.6875 0.578125 0.6888888888888889 0.5694444444444444 0.6972222222222222 0.5625 0.7027777777777777 0.5642361111111112
0 0.5861111111111111 0.4652777777777778 0.5944444444444444 0.4722222222222222 0.6027777777777777 0.4913194444444444 0.6013888888888889 0.4947916666666667 0.5902777777777778 0.4947916666666667 0.5833333333333334 0.4913194444444444 0.5805555555555556 0.4861111111111111 0.5777777777777777 0.4704861111111111 0.5805555555555556 0.4652777777777778 0.5847222222222223 0.4652777777777778
0 0.1527777777777778 0.5746527777777778 0.15694444444444444 0.5763888888888888 0.1625 0.5833333333333334 0.1638888888888889 0.5885416666666666 0.1638888888888889 0.59375 0.16111111111111112 0.6006944444444444 0.15833333333333333 0.6024305555555556 0.15138888888888888 0.6024305555555556 0.14583333333333334 0.5989583333333334 0.14027777777777778 0.5920138888888888 0.1361111111111111 0.5902777777777778 0.12916666666666668 0.5798611111111112 0.13194444444444445 0.5729166666666666 0.15138888888888888 0.5746527777777778
0 0.4597222222222222 0.7065972222222222 0.4666666666666667 0.7100694444444444 0.4708333333333333 0.71875 0.4708333333333333 0.7361111111111112 0.46805555555555556 0.7430555555555556 0.46111111111111114 0.75 0.45555555555555555 0.75 0.45 0.7430555555555556 0.4513888888888889 0.7100694444444444 0.45416666666666666 0.7065972222222222 0.4583333333333333 0.7065972222222222
0 0.8513888888888889 0.2881944444444444 0.8569444444444444 0.3003472222222222 0.8569444444444444 0.3125 0.8513888888888889 0.3194444444444444 0.8444444444444444 0.3142361111111111 0.8430555555555556 0.3055555555555556 0.8444444444444444 0.2951388888888889 0.85 0.2881944444444444
0 0.7069444444444445 0.2638888888888889 0.7152777777777778 0.265625 0.7180555555555556 0.2708333333333333 0.7166666666666667 0.2760416666666667 0.7055555555555556 0.2899305555555556 0.7 0.2916666666666667 0.6916666666666667 0.2847222222222222 0.6916666666666667 0.2760416666666667 0.6972222222222222 0.2673611111111111 0.7055555555555556 0.2638888888888889
0 0.7125 0.8940972222222222 0.7236111111111111 0.9079861111111112 0.7236111111111111 0.9184027777777778 0.7208333333333333 0.9253472222222222 0.7097222222222223 0.921875 0.7027777777777777 0.9131944444444444 0.7041666666666667 0.8975694444444444 0.7069444444444445 0.8940972222222222 0.7111111111111111 0.8940972222222222
0 0.4527777777777778 0.6319444444444444 0.45694444444444443 0.640625 0.45694444444444443 0.6510416666666666 0.4527777777777778 0.6614583333333334 0.44583333333333336 0.6614583333333334 0.44305555555555554 0.6527777777777778 0.4444444444444444 0.6388888888888888 0.44722222222222224 0.6336805555555556 0.4513888888888889 0.6319444444444444
0 0.2388888888888889 0.4791666666666667 0.24861111111111112 0.4878472222222222 0.25 0.5017361111111112 0.24444444444444444 0.5190972222222222 0.2361111111111111 0.5243055555555556 0.225 0.5225694444444444 0.21944444444444444 0.515625 0.21805555555555556 0.4982638888888889 0.21944444444444444 0.4895833333333333 0.225 0.4809027777777778 0.2375 0.4791666666666667
0 0.46458333333333335 0.6345486111111112 0.02361111111111111 0.029513888888888888
0 0.25 0.125 0.2569444444444444 0.1232638888888889 0.2611111111111111 0.1284722222222222 0.2611111111111111 0.1371527777777778 0.25833333333333336 0.1440972222222222 0.25416666666666665 0.14756944444444445 0.25 0.14756944444444445 0.24722222222222223 0.1440972222222222 0.24722222222222223 0.13194444444444445 0.25 0.1267361111111111
0 0.8805555555555555 0.515625 0.8847222222222222 0.5190972222222222 0.8833333333333333 0.5329861111111112 0.8847222222222222 0.5520833333333334 0.875 0.5607638888888888 0.8625 0.5642361111111112 0.8569444444444444 0.5607638888888888 0.8569444444444444 0.5503472222222222 0.8527777777777777 0.5329861111111112 0.8541666666666666 0.5190972222222222 0.8597222222222223 0.5138888888888888 0.8777777777777778 0.5138888888888888 0.8791666666666667 0.515625
0 0.7902777777777777 0.3663194444444444 0.7944444444444444 0.3697916666666667 0.7958333333333333 0.3819444444444444 0.7958333333333333 0.3871527777777778 0.7916666666666666 0.3940972222222222 0.7833333333333333 0.3940972222222222 0.7791666666666667 0.3888888888888889 0.7791666666666667 0.3697916666666667 0.7819444444444444 0.3663194444444444 0.7888888888888889 0.3663194444444444
0 0.3347222222222222 0.5104166666666666 0.34305555555555556 0.5173611111111112 0.3458333333333333 0.5243055555555556 0.3458333333333333 0.5295138888888888 0.34305555555555556 0.5347222222222222 0.33194444444444443 0.5347222222222222 0.3277777777777778 0.5329861111111112 0.32222222222222224 0.5260416666666666 0.32083333333333336 0.5173611111111112 0.3236111111111111 0.5104166666666666 0.3263888888888889 0.5069444444444444 0.33055555555555555 0.5069444444444444 0.3333333333333333 0.5104166666666666
0 0.7708333333333334 0.3645833333333333 0.7680555555555556 0.359375 0.7694444444444445 0.34375 0.7791666666666667 0.34375 0.7833333333333333 0.3489583333333333 0.7861111111111111 0.3628472222222222 0.7805555555555556 0.3697916666666667 0.7722222222222223 0.3645833333333333
0 0.8180555555555555 0.8732638888888888 0.825 0.8836805555555556 0.825 0.8923611111111112 0.8194444444444444 0.9010416666666666 0.8125 0.9010416666666666 0.8097222222222222 0.8975694444444444 0.8111111111111111 0.8784722222222222 0.8166666666666667 0.8732638888888888
0 0.825 0.8420138888888888 0.8263888888888888 0.8559027777777778 0.8208333333333333 0.8628472222222222 0.8166666666666667 0.8645833333333334 0.8125 0.8611111111111112 0.8111111111111111 0.8506944444444444 0.8236111111111111 0.8420138888888888
0 0.5569444444444445 0.8541666666666666 0.5666666666666667 0.8489583333333334 0.5722222222222222 0.8506944444444444 0.5736111111111111 0.8541666666666666 0.5736111111111111 0.8611111111111112 0.5680555555555555 0.8680555555555556 0.5597222222222222 0.8645833333333334 0.5555555555555556 0.859375 0.5569444444444445 0.8559027777777778
0 0.23472222222222222 0.025173611111111112 0.013888888888888888 0.022569444444444444
0 0.2423611111111111 0.875 0.02361111111111111 0.027777777777777776
0 0.050694444444444445 0.6371527777777778 0.009722222222222222 0.020833333333333332
0 0.34444444444444444 0.7118055555555556 0.3486111111111111 0.7152777777777778 0.35138888888888886 0.7256944444444444 0.3472222222222222 0.7326388888888888 0.34305555555555556 0.734375 0.3375 0.734375 0.3347222222222222 0.7309027777777778 0.33611111111111114 0.7152777777777778 0.3388888888888889 0.7118055555555556 0.34305555555555556 0.7118055555555556
0 0.21666666666666667 0.9878472222222222 0.2263888888888889 0.9930555555555556 0.22361111111111112 0.9982638888888888 0.20416666666666666 0.9982638888888888 0.20277777777777778 0.9930555555555556 0.20555555555555555 0.9878472222222222 0.2152777777777778 0.9878472222222222