0 0.7083333333333334 0.2621527777777778 0.7194444444444444 0.265625 0.7222222222222222 0.2708333333333333 0.7194444444444444 0.2760416666666667 0.7027777777777777 0.2881944444444444 0.6944444444444444 0.2829861111111111 0.6930555555555555 0.2743055555555556 0.6972222222222222 0.265625 0.7069444444444445 0.2621527777777778
0 0.4777777777777778 0.8958333333333334 0.48333333333333334 0.9010416666666666 0.48333333333333334 0.90625 0.47638888888888886 0.9184027777777778 0.4708333333333333 0.9201388888888888 0.4625 0.9166666666666666 0.4625 0.90625 0.46944444444444444 0.8958333333333334 0.47638888888888886 0.8958333333333334
0 0.9152777777777777 0.3506944444444444 0.9194444444444444 0.3576388888888889 0.9194444444444444 0.3663194444444444 0.9138888888888889 0.3732638888888889 0.9027777777777778 0.3732638888888889 0.8986111111111111 0.3697916666666667 0.9 0.359375 0.9055555555555556 0.3524305555555556 0.9138888888888889 0.3506944444444444
0 0.2513888888888889 0.20052083333333334 0.016666666666666666 0.036458333333333336
0 0.47638888888888886 0.9809027777777778 0.4736111111111111 0.9722222222222222 0.47638888888888886 0.9618055555555556 0.48055555555555557 0.9583333333333334 0.4930555555555556 0.9565972222222222 0.49722222222222223 0.9583333333333334 0.49722222222222223 0.96875 0.4875 0.9809027777777778 0.4847222222222222 0.9826388888888888 0.4777777777777778 0.9809027777777778
0 0.5013888888888889 0.7378472222222222 0.5041666666666667 0.7413194444444444 0.5041666666666667 0.7465277777777778 0.5013888888888889 0.7534722222222222 0.49583333333333335 0.7604166666666666 0.49166666666666664 0.7621527777777778 0.4847222222222222 0.7604166666666666 0.48333333333333334 0.7517361111111112 0.49027777777777776 0.7430555555555556 0.5 0.7378472222222222
0 0.46111111111111114 0.7048611111111112 0.46805555555555556 0.7083333333333334 0.4722222222222222 0.7170138888888888 0.4722222222222222 0.7361111111111112 0.4666666666666667 0.7465277777777778 0.4625 0.75 0.4527777777777778 0.7482638888888888 0.45 0.7413194444444444 0.4513888888888889 0.7083333333333334 0.45555555555555555 0.7048611111111112 0.4597222222222222 0.7048611111111112
0 0.6777777777777778 0.5260416666666666 0.6847222222222222 0.5347222222222222 0.6847222222222222 0.5503472222222222 0.6819444444444445 0.5538194444444444 0.6736111111111112 0.5520833333333334 0.6680555555555555 0.5381944444444444 0.6694444444444444 0.5295138888888888 0.6722222222222223 0.5260416666666666 0.6763888888888889 0.5260416666666666
0 0.4583333333333333 0.6284722222222222 0.4625 0.6336805555555556 0.4638888888888889 0.6493055555555556 0.45416666666666666 0.65625 0.4486111111111111 0.6527777777777778 0.4486111111111111 0.6336805555555556 0.4527777777777778 0.6284722222222222 0.45694444444444443 0.6284722222222222
0 0.4625 0.6493055555555556 0.4666666666666667 0.65625 0.4652777777777778 0.6770833333333334 0.4597222222222222 0.6805555555555556 0.45555555555555555 0.6788194444444444 0.4527777777777778 0.6753472222222222 0.45 0.6631944444444444 0.4527777777777778 0.6545138888888888 0.46111111111111114 0.6510416666666666
0 0.32083333333333336 0.7569444444444444 0.3236111111111111 0.7569444444444444 0.3277777777777778 0.7621527777777778 0.33055555555555555 0.7725694444444444 0.3277777777777778 0.7881944444444444 0.325 0.7916666666666666 0.31666666666666665 0.7899305555555556 0.31666666666666665 0.7690972222222222 0.32083333333333336 0.7586805555555556
0 0.5805555555555556 0.4652777777777778 0.5847222222222223 0.4652777777777778 0.5944444444444444 0.4722222222222222 0.6013888888888889 0.4878472222222222 0.6013888888888889 0.4947916666666667 0.5847222222222223 0.4930555555555556 0.5791666666666667 0.4826388888888889 0.5805555555555556 0.4670138888888889
0 0.24305555555555555 0.6006944444444444 0.24583333333333332 0.6059027777777778 0.24444444444444444 0.6215277777777778 0.23333333333333334 0.6197916666666666 0.22777777777777777 0.6076388888888888 0.22777777777777777 0.6006944444444444 0.23194444444444445 0.5972222222222222 0.24166666666666667 0.6006944444444444
0 0.16944444444444445 0.5746527777777778 0.175 0.5763888888888888 0.17777777777777778 0.5815972222222222 0.1763888888888889 0.5954861111111112 0.16944444444444445 0.6006944444444444 0.1638888888888889 0.6006944444444444 0.15833333333333333 0.5972222222222222 0.15 0.5833333333333334 0.15 0.5798611111111112 0.15555555555555556 0.5746527777777778 0.16805555555555557 0.5746527777777778
0 0.39444444444444443 0.1371527777777778 0.3972222222222222 0.1388888888888889 0.39861111111111114 0.14930555555555555 0.39305555555555555 0.1684027777777778 0.3875 0.1736111111111111 0.38333333333333336 0.1736111111111111 0.37916666666666665 0.16666666666666666 0.37916666666666665 0.1527777777777778 0.38333333333333336 0.14583333333333334 0.39305555555555555 0.1388888888888889
0 0.7152777777777778 0.8940972222222222 0.7194444444444444 0.8958333333333334 0.7236111111111111 0.9027777777777778 0.725 0.9079861111111112 0.7236111111111111 0.921875 0.7194444444444444 0.9236111111111112 0.7152777777777778 0.921875 0.7069444444444445 0.9114583333333334 0.7069444444444445 0.8993055555555556 0.7097222222222223 0.8958333333333334 0.7138888888888889 0.8958333333333334
0 0.8486111111111111 0.3194444444444444 0.8444444444444444 0.3107638888888889 0.8444444444444444 0.296875 0.8486111111111111 0.2916666666666667 0.8527777777777777 0.2916666666666667 0.8583333333333333 0.3003472222222222 0.8583333333333333 0.3159722222222222 0.8555555555555555 0.3211805555555556 0.85 0.3194444444444444
0 0.4395833333333333 0.7282986111111112 0.020833333333333332 0.026041666666666668
0 0.2548611111111111 0.13541666666666666 0.015277777777777777 0.024305555555555556
0 0.24305555555555555 0.4774305555555556 0.2513888888888889 0.4878472222222222 0.2513888888888889 0.5052083333333334 0.24583333333333332 0.5190972222222222 0.24027777777777778 0.5225694444444444 0.23333333333333334 0.5225694444444444 0.2222222222222222 0.5121527777777778 0.22083333333333333 0.4965277777777778 0.2222222222222222 0.4878472222222222 0.2263888888888889 0.4791666666666667 0.23333333333333334 0.4756944444444444 0.24166666666666667 0.4774305555555556
0 0.8819444444444444 0.5138888888888888 0.8861111111111111 0.5190972222222222 0.8861111111111111 0.5347222222222222 0.8833333333333333 0.5381944444444444 0.8791666666666667 0.5381944444444444 0.8708333333333333 0.5434027777777778 0.8625 0.5434027777777778 0.8583333333333333 0.5381944444444444 0.8569444444444444 0.53125 0.8583333333333333 0.5190972222222222 0.8638888888888889 0.5121527777777778 0.8805555555555555 0.5138888888888888
0 0.7791666666666667 0.34375 0.7861111111111111 0.3524305555555556 0.7861111111111111 0.3663194444444444 0.7819444444444444 0.3697916666666667 0.7777777777777778 0.3697916666666667 0.7736111111111111 0.3663194444444444 0.7680555555555556 0.3576388888888889 0.7694444444444445 0.3454861111111111 0.7777777777777778 0.34375
0 0.7930555555555555 0.3680555555555556 0.7958333333333333 0.3802083333333333 0.7958333333333333 0.3888888888888889 0.7930555555555555 0.3940972222222222 0.7833333333333333 0.3940972222222222 0.7791666666666667 0.390625 0.7777777777777778 0.3854166666666667 0.7791666666666667 0.3697916666666667 0.7833333333333333 0.3663194444444444 0.7916666666666666 0.3680555555555556
0 0.8277777777777777 0.8784722222222222 0.8305555555555556 0.8819444444444444 0.8305555555555556 0.8975694444444444 0.825 0.9010416666666666 0.8166666666666667 0.8958333333333334 0.8166666666666667 0.8854166666666666 0.8222222222222222 0.8784722222222222 0.8263888888888888 0.8784722222222222
0 0.5736111111111111 0.8489583333333334 0.5777777777777777 0.8541666666666666 0.5777777777777777 0.859375 0.5708333333333333 0.8680555555555556 0.5666666666666667 0.8680555555555556 0.5611111111111111 0.8611111111111112 0.5597222222222222 0.8559027777777778 0.5666666666666667 0.8472222222222222 0.5722222222222222 0.8489583333333334
0 0.23194444444444445 0.9895833333333334 0.2388888888888889 0.9930555555555556 0.2388888888888889 0.9982638888888888 0.2111111111111111 0.9982638888888888 0.21388888888888888 0.9913194444444444 0.23055555555555557 0.9895833333333334
0 0.8833333333333333 0.5399305555555556 0.8861111111111111 0.5451388888888888 0.8847222222222222 0.5555555555555556 0.8680555555555556 0.5642361111111112 0.8611111111111112 0.5625 0.8597222222222223 0.5590277777777778 0.8611111111111112 0.5486111111111112 0.8777777777777778 0.5399305555555556 0.8819444444444444 0.5399305555555556
0 0.8305555555555556 0.8402777777777778 0.8319444444444445 0.8559027777777778 0.8305555555555556 0.859375 0.825 0.8628472222222222 0.8166666666666667 0.8628472222222222 0.8138888888888889 0.8559027777777778 0.8152777777777778 0.8506944444444444 0.8222222222222222 0.8420138888888888 0.8291666666666667 0.8402777777777778
0 0.3388888888888889 0.5069444444444444 0.3486111111111111 0.515625 0.35138888888888886 0.5243055555555556 0.3486111111111111 0.5329861111111112 0.3416666666666667 0.5364583333333334 0.3263888888888889 0.5260416666666666 0.3236111111111111 0.5208333333333334 0.3236111111111111 0.5121527777777778 0.3277777777777778 0.5069444444444444 0.3375 0.5069444444444444