0 0.2375 0.5989583333333334 0.24166666666666667 0.6024305555555556 0.24305555555555555 0.6076388888888888 0.24305555555555555 0.6163194444444444 0.24027777777777778 0.6197916666666666 0.23055555555555557 0.6197916666666666 0.225 0.6111111111111112 0.225 0.6006944444444444 0.22777777777777777 0.5972222222222222 0.2361111111111111 0.5989583333333334
0 0.4986111111111111 0.7378472222222222 0.5027777777777778 0.7413194444444444 0.5027777777777778 0.7465277777777778 0.5 0.7534722222222222 0.49444444444444446 0.7604166666666666 0.49027777777777776 0.7621527777777778 0.48333333333333334 0.7604166666666666 0.48194444444444445 0.7517361111111112 0.49027777777777776 0.7413194444444444 0.49722222222222223 0.7378472222222222
0 0.4777777777777778 0.8958333333333334 0.48333333333333334 0.9010416666666666 0.48333333333333334 0.90625 0.47638888888888886 0.9184027777777778 0.4708333333333333 0.9201388888888888 0.4625 0.9149305555555556 0.4625 0.9079861111111112 0.46944444444444444 0.8958333333333334 0.47638888888888886 0.8958333333333334
0 0.6930555555555555 0.2829861111111111 0.6944444444444444 0.2777777777777778 0.7027777777777777 0.2673611111111111 0.7069444444444445 0.265625 0.725 0.2673611111111111 0.725 0.2708333333333333 0.7055555555555556 0.2934027777777778 0.7 0.2934027777777778 0.6944444444444444 0.2881944444444444 0.6944444444444444 0.2847222222222222
0 0.13333333333333333 0.5711805555555556 0.15416666666666667 0.5694444444444444 0.1625 0.5729166666666666 0.16944444444444445 0.5798611111111112 0.16805555555555557 0.5920138888888888 0.15416666666666667 0.59375 0.13472222222222222 0.578125 0.13333333333333333 0.5729166666666666
0 0.9138888888888889 0.3506944444444444 0.9194444444444444 0.3576388888888889 0.9194444444444444 0.3663194444444444 0.9125 0.3715277777777778 0.9013888888888889 0.3715277777777778 0.8958333333333334 0.3663194444444444 0.9027777777777778 0.3541666666666667 0.9125 0.3506944444444444
0 0.5861111111111111 0.4652777777777778 0.5958333333333333 0.4756944444444444 0.6013888888888889 0.4878472222222222 0.6013888888888889 0.4947916666666667 0.5888888888888889 0.4947916666666667 0.5805555555555556 0.4878472222222222 0.5777777777777777 0.4791666666666667 0.5777777777777777 0.4704861111111111 0.5805555555555556 0.4652777777777778 0.5847222222222223 0.4652777777777778
0 0.25416666666666665 0.17881944444444445 0.2569444444444444 0.1875 0.25555555555555554 0.2013888888888889 0.25277777777777777 0.21006944444444445 0.24583333333333332 0.2170138888888889 0.24027777777777778 0.21354166666666666 0.2388888888888889 0.2013888888888889 0.24444444444444444 0.1875 0.25277777777777777 0.17881944444444445
0 0.4791666666666667 0.9713541666666666 0.025 0.026041666666666668
0 0.4395833333333333 0.7300347222222222 0.020833333333333332 0.026041666666666668
0 0.32013888888888886 0.7751736111111112 0.015277777777777777 0.036458333333333336
0 0.6958333333333333 0.5572916666666666 0.7013888888888888 0.5711805555555556 0.7 0.5763888888888888 0.6958333333333333 0.578125 0.6833333333333333 0.5763888888888888 0.6805555555555556 0.5746527777777778 0.6777777777777778 0.5677083333333334 0.6777777777777778 0.5607638888888888 0.6819444444444445 0.5538194444444444 0.6916666666666667 0.5538194444444444 0.6944444444444444 0.5572916666666666
0 0.4666666666666667 0.7083333333333334 0.4722222222222222 0.7170138888888888 0.4722222222222222 0.734375 0.46944444444444444 0.7430555555555556 0.4625 0.75 0.4527777777777778 0.7482638888888888 0.4513888888888889 0.7222222222222222 0.45416666666666666 0.7065972222222222 0.4652777777777778 0.7083333333333334
0 0.4527777777777778 0.6284722222222222 0.4583333333333333 0.6336805555555556 0.46111111111111114 0.6458333333333334 0.45555555555555555 0.6614583333333334 0.4486111111111111 0.6631944444444444 0.44583333333333336 0.6597222222222222 0.44583333333333336 0.6388888888888888 0.44722222222222224 0.6336805555555556 0.4513888888888889 0.6302083333333334
0 0.8486111111111111 0.2899305555555556 0.8527777777777777 0.2916666666666667 0.8569444444444444 0.3003472222222222 0.8569444444444444 0.3142361111111111 0.8513888888888889 0.3194444444444444 0.8444444444444444 0.3142361111111111 0.8430555555555556 0.3003472222222222 0.8472222222222222 0.2916666666666667
0 0.47638888888888886 0.6354166666666666 0.4777777777777778 0.6388888888888888 0.47638888888888886 0.6510416666666666 0.4708333333333333 0.6649305555555556 0.4625 0.6649305555555556 0.4597222222222222 0.6597222222222222 0.4597222222222222 0.6527777777777778 0.4625 0.6440972222222222 0.46805555555555556 0.6371527777777778 0.475 0.6354166666666666
0 0.7055555555555556 0.9166666666666666 0.7041666666666667 0.8993055555555556 0.7069444444444445 0.8940972222222222 0.7166666666666667 0.8940972222222222 0.7277777777777777 0.9097222222222222 0.7263888888888889 0.9288194444444444 0.7236111111111111 0.9305555555555556 0.7069444444444445 0.9166666666666666
0 0.41388888888888886 0.08854166666666667 0.4152777777777778 0.0954861111111111 0.4083333333333333 0.10416666666666667 0.40555555555555556 0.11284722222222222 0.4013888888888889 0.11631944444444445 0.3958333333333333 0.11631944444444445 0.3902777777777778 0.11284722222222222 0.38472222222222224 0.10416666666666667 0.3861111111111111 0.09722222222222222 0.3958333333333333 0.08680555555555555 0.4125 0.08854166666666667
0 0.2611111111111111 0.125 0.2625 0.1388888888888889 0.2569444444444444 0.14756944444444445 0.25 0.14756944444444445 0.24722222222222223 0.1440972222222222 0.24722222222222223 0.13020833333333334 0.2513888888888889 0.1232638888888889 0.25972222222222224 0.125
0 0.24444444444444444 0.4809027777777778 0.2513888888888889 0.4930555555555556 0.2513888888888889 0.5017361111111112 0.24722222222222223 0.515625 0.24027777777777778 0.5225694444444444 0.22916666666666666 0.5225694444444444 0.21944444444444444 0.5121527777777778 0.21944444444444444 0.4913194444444444 0.2222222222222222 0.484375 0.22777777777777777 0.4791666666666667 0.2375 0.4774305555555556 0.24305555555555555 0.4809027777777778
0 0.8701388888888889 0.5381944444444444 0.03194444444444444 0.04861111111111111
0 0.33194444444444443 0.5086805555555556 0.3458333333333333 0.5190972222222222 0.3486111111111111 0.5260416666666666 0.34305555555555556 0.5364583333333334 0.33055555555555555 0.5347222222222222 0.32222222222222224 0.5260416666666666 0.32083333333333336 0.5190972222222222 0.3236111111111111 0.5104166666666666 0.33055555555555555 0.5086805555555556
0 0.7902777777777777 0.3663194444444444 0.7944444444444444 0.3697916666666667 0.7958333333333333 0.3871527777777778 0.7930555555555555 0.3940972222222222 0.7833333333333333 0.3940972222222222 0.7791666666666667 0.3888888888888889 0.7791666666666667 0.3697916666666667 0.7819444444444444 0.3663194444444444 0.7888888888888889 0.3663194444444444
0 0.7819444444444444 0.3472222222222222 0.7833333333333333 0.3663194444444444 0.7791666666666667 0.3697916666666667 0.7694444444444445 0.3628472222222222 0.7680555555555556 0.3506944444444444 0.7722222222222223 0.3454861111111111 0.7805555555555556 0.3472222222222222
0 0.81875 0.8880208333333334 0.015277777777777777 0.026041666666666668
0 0.8201388888888889 0.8524305555555556 0.018055555555555554 0.024305555555555556
0 0.5722222222222222 0.8506944444444444 0.575 0.8541666666666666 0.575 0.859375 0.5680555555555555 0.8680555555555556 0.5583333333333333 0.8628472222222222 0.5555555555555556 0.8576388888888888 0.5611111111111111 0.8506944444444444 0.5652777777777778 0.8489583333333334 0.5708333333333333 0.8506944444444444