0 0.40694444444444444 0.3958333333333333 0.4111111111111111 0.4010416666666667 0.4083333333333333 0.421875 0.4041666666666667 0.4253472222222222 0.3972222222222222 0.4253472222222222 0.39305555555555555 0.4184027777777778 0.39305555555555555 0.4097222222222222 0.3958333333333333 0.4045138888888889 0.4 0.3993055555555556 0.40555555555555556 0.3975694444444444
0 0.10972222222222222 0.125 0.11527777777777778 0.13020833333333334 0.11944444444444445 0.1388888888888889 0.11944444444444445 0.15104166666666666 0.11527777777777778 0.1579861111111111 0.1111111111111111 0.1597222222222222 0.10555555555555556 0.1579861111111111 0.10138888888888889 0.14756944444444445 0.10138888888888889 0.13368055555555555 0.10833333333333334 0.125
0 0.24722222222222223 0.109375 0.25416666666666665 0.11631944444444445 0.25416666666666665 0.13020833333333334 0.24166666666666667 0.1388888888888889 0.23472222222222222 0.1388888888888889 0.23472222222222222 0.1232638888888889 0.2375 0.11631944444444445 0.24583333333333332 0.109375
0 0.5875 0.3958333333333333 0.5972222222222222 0.3993055555555556 0.6 0.4027777777777778 0.6 0.4079861111111111 0.5930555555555556 0.4149305555555556 0.5847222222222223 0.4184027777777778 0.5777777777777777 0.4166666666666667 0.5763888888888888 0.4045138888888889 0.5819444444444445 0.3958333333333333 0.5861111111111111 0.3958333333333333
0 0.6083333333333333 0.005208333333333333 0.6222222222222222 0.012152777777777778 0.625 0.019097222222222224 0.6180555555555556 0.024305555555555556 0.6069444444444444 0.027777777777777776 0.5986111111111111 0.026041666666666668 0.5944444444444444 0.020833333333333332 0.5958333333333333 0.008680555555555556 0.6 0.005208333333333333 0.6069444444444444 0.005208333333333333
0 0.9291666666666667 0.5555555555555556 0.9319444444444445 0.5607638888888888 0.9319444444444445 0.578125 0.9277777777777778 0.5833333333333334 0.9208333333333333 0.5815972222222222 0.9138888888888889 0.5746527777777778 0.9180555555555555 0.5607638888888888 0.9236111111111112 0.5555555555555556 0.9277777777777778 0.5555555555555556
0 0.5777777777777777 0.7847222222222222 0.5861111111111111 0.7899305555555556 0.5875 0.8055555555555556 0.5833333333333334 0.8090277777777778 0.5763888888888888 0.8090277777777778 0.5708333333333333 0.8038194444444444 0.5694444444444444 0.7899305555555556 0.5722222222222222 0.7864583333333334 0.5763888888888888 0.7864583333333334
0 0.3638888888888889 0.6388888888888888 0.36944444444444446 0.6440972222222222 0.36944444444444446 0.6527777777777778 0.3638888888888889 0.6597222222222222 0.3541666666666667 0.6597222222222222 0.3486111111111111 0.65625 0.3472222222222222 0.6527777777777778 0.35 0.640625 0.3625 0.6388888888888888
0 0.8666666666666667 0.5381944444444444 0.8708333333333333 0.5381944444444444 0.8791666666666667 0.5486111111111112 0.8819444444444444 0.5555555555555556 0.8819444444444444 0.5711805555555556 0.8791666666666667 0.5746527777777778 0.8736111111111111 0.5746527777777778 0.8680555555555556 0.5677083333333334 0.8666666666666667 0.5625 0.8666666666666667 0.5399305555555556
0 0.7048611111111112 0.4505208333333333 0.02638888888888889 0.026041666666666668
0 0.2861111111111111 0.8524305555555556 0.29444444444444445 0.8576388888888888 0.2972222222222222 0.8645833333333334 0.2972222222222222 0.875 0.2916666666666667 0.8802083333333334 0.2833333333333333 0.875 0.28055555555555556 0.8680555555555556 0.28055555555555556 0.8576388888888888 0.2847222222222222 0.8541666666666666
0 0.6506944444444445 0.5355902777777778 0.015277777777777777 0.026041666666666668
0 0.9229166666666667 0.1467013888888889 0.015277777777777777 0.036458333333333336
0 0.5125 0.7934027777777778 0.019444444444444445 0.027777777777777776
0 0.20972222222222223 0.7534722222222222 0.21944444444444444 0.7552083333333334 0.2222222222222222 0.7586805555555556 0.21388888888888888 0.7725694444444444 0.20694444444444443 0.7777777777777778 0.20277777777777778 0.7777777777777778 0.1986111111111111 0.7725694444444444 0.2 0.7586805555555556 0.20277777777777778 0.7552083333333334 0.20833333333333334 0.7552083333333334
0 0.6361111111111111 0.8420138888888888 0.6402777777777777 0.84375 0.6430555555555556 0.8489583333333334 0.6402777777777777 0.8611111111111112 0.6361111111111111 0.8645833333333334 0.6277777777777778 0.8645833333333334 0.6208333333333333 0.859375 0.6208333333333333 0.8506944444444444 0.6347222222222222 0.8420138888888888
0 0.8652777777777778 0.4461805555555556 0.8763888888888889 0.4548611111111111 0.8777777777777778 0.4583333333333333 0.8791666666666667 0.4652777777777778 0.875 0.4722222222222222 0.8666666666666667 0.4722222222222222 0.8611111111111112 0.4652777777777778 0.8555555555555555 0.4496527777777778 0.8583333333333333 0.4444444444444444 0.8638888888888889 0.4461805555555556
0 0.9222222222222223 0.7100694444444444 0.9291666666666667 0.7274305555555556 0.9291666666666667 0.7395833333333334 0.925 0.7534722222222222 0.9208333333333333 0.7569444444444444 0.9138888888888889 0.75 0.9097222222222222 0.7326388888888888 0.9097222222222222 0.7222222222222222 0.9125 0.7135416666666666 0.9166666666666666 0.7100694444444444 0.9208333333333333 0.7100694444444444
0 0.04583333333333333 0.8107638888888888 0.04722222222222222 0.8385416666666666 0.043055555555555555 0.8506944444444444 0.04027777777777778 0.8489583333333334 0.03888888888888889 0.8315972222222222 0.04027777777777778 0.8159722222222222 0.044444444444444446 0.8107638888888888
0 0.8763888888888889 0.8246527777777778 0.8833333333333333 0.8315972222222222 0.8861111111111111 0.8402777777777778 0.8861111111111111 0.8576388888888888 0.8833333333333333 0.8645833333333334 0.8791666666666667 0.8680555555555556 0.8666666666666667 0.8680555555555556 0.8583333333333333 0.8576388888888888 0.8597222222222223 0.8368055555555556 0.8680555555555556 0.8263888888888888 0.875 0.8246527777777778
0 0.9319444444444445 0.6875 0.9347222222222222 0.6892361111111112 0.9361111111111111 0.6979166666666666 0.9333333333333333 0.7083333333333334 0.9291666666666667 0.7118055555555556 0.9208333333333333 0.7100694444444444 0.9194444444444444 0.6996527777777778 0.9263888888888889 0.6892361111111112 0.9305555555555556 0.6875
0 0.7236111111111111 0.2152777777777778 0.7291666666666666 0.21875 0.7388888888888889 0.2309027777777778 0.7472222222222222 0.2465277777777778 0.7472222222222222 0.2621527777777778 0.7444444444444445 0.2673611111111111 0.7361111111111112 0.265625 0.7263888888888889 0.2534722222222222 0.7236111111111111 0.2361111111111111 0.7180555555555556 0.22395833333333334 0.7180555555555556 0.21875 0.7222222222222222 0.2152777777777778
0 0.6486111111111111 0.546875 0.6513888888888889 0.5486111111111112 0.6513888888888889 0.5711805555555556 0.65 0.5763888888888888 0.6444444444444445 0.5833333333333334 0.6402777777777777 0.5850694444444444 0.6347222222222222 0.5815972222222222 0.6319444444444444 0.5659722222222222 0.6347222222222222 0.5555555555555556 0.6402777777777777 0.5486111111111112 0.6472222222222223 0.546875
0 0.5708333333333333 0.9435763888888888 0.011111111111111112 0.019097222222222224
0 0.875 0.9548611111111112 0.8805555555555555 0.9739583333333334 0.8805555555555555 0.9861111111111112 0.8777777777777778 0.9947916666666666 0.875 0.9965277777777778 0.8666666666666667 0.9965277777777778 0.8625 0.9861111111111112 0.8638888888888889 0.9583333333333334 0.8666666666666667 0.9548611111111112 0.8736111111111111 0.9548611111111112
0 0.6416666666666667 0.4913194444444444 0.6638888888888889 0.5104166666666666 0.6625 0.5225694444444444 0.6402777777777777 0.5190972222222222 0.6333333333333333 0.5138888888888888 0.6305555555555555 0.5069444444444444 0.6305555555555555 0.4965277777777778 0.6361111111111111 0.4913194444444444 0.6402777777777777 0.4913194444444444
0 0.8541666666666666 0.8055555555555556 0.8597222222222223 0.8107638888888888 0.8611111111111112 0.8211805555555556 0.8555555555555555 0.8246527777777778 0.8472222222222222 0.8350694444444444 0.8416666666666667 0.8350694444444444 0.8361111111111111 0.8315972222222222 0.8333333333333334 0.8263888888888888 0.8333333333333334 0.8177083333333334 0.8430555555555556 0.8055555555555556 0.8527777777777777 0.8055555555555556
0 0.32916666666666666 0.6927083333333334 0.33194444444444443 0.6979166666666666 0.33194444444444443 0.703125 0.3277777777777778 0.7065972222222222 0.30694444444444446 0.7048611111111112 0.3125 0.6961805555555556 0.3277777777777778 0.6927083333333334
0 0.8277777777777777 0.08072916666666667 0.025 0.03993055555555555
0 0.6986111111111111 0.4166666666666667 0.7027777777777777 0.421875 0.7027777777777777 0.4288194444444444 0.6972222222222222 0.4357638888888889 0.6902777777777778 0.4357638888888889 0.6875 0.4322916666666667 0.6875 0.4201388888888889 0.6902777777777778 0.4166666666666667 0.6972222222222222 0.4166666666666667