0 0.5805555555555556 0.4375 0.019444444444444445 0.027777777777777776
0 0.4 0.4253472222222222 0.39861111111111114 0.421875 0.4 0.4097222222222222 0.4111111111111111 0.4010416666666667 0.4152777777777778 0.4010416666666667 0.41805555555555557 0.4045138888888889 0.41805555555555557 0.4149305555555556 0.4125 0.4253472222222222 0.4083333333333333 0.4270833333333333 0.4013888888888889 0.4253472222222222
0 0.6611111111111111 0.5260416666666666 0.6638888888888889 0.53125 0.6638888888888889 0.5416666666666666 0.6569444444444444 0.5503472222222222 0.6527777777777778 0.5503472222222222 0.6472222222222223 0.5451388888888888 0.6472222222222223 0.5295138888888888 0.6513888888888889 0.5243055555555556 0.6597222222222222 0.5260416666666666
0 0.25972222222222224 0.10416666666666667 0.2638888888888889 0.1076388888888889 0.26666666666666666 0.11979166666666667 0.2625 0.1284722222222222 0.25555555555555554 0.13194444444444445 0.25 0.13194444444444445 0.24722222222222223 0.1284722222222222 0.24583333333333332 0.11979166666666667 0.24861111111111112 0.1076388888888889 0.2513888888888889 0.10416666666666667 0.25833333333333336 0.10416666666666667
0 0.3159722222222222 0.9383680555555556 0.018055555555555554 0.029513888888888888
0 0.04583333333333333 0.8802083333333334 0.059722222222222225 0.8923611111111112 0.0625 0.8993055555555556 0.06111111111111111 0.9097222222222222 0.05694444444444444 0.9131944444444444 0.05277777777777778 0.9131944444444444 0.04583333333333333 0.90625 0.043055555555555555 0.8975694444444444 0.044444444444444446 0.8819444444444444
0 0.24444444444444444 0.6145833333333334 0.2569444444444444 0.6128472222222222 0.2652777777777778 0.6232638888888888 0.2652777777777778 0.6388888888888888 0.25833333333333336 0.640625 0.25 0.6371527777777778 0.24583333333333332 0.6319444444444444 0.24444444444444444 0.6163194444444444
0 0.5173611111111112 0.7934027777777778 0.020833333333333332 0.027777777777777776
0 0.8861111111111111 0.5451388888888888 0.8916666666666667 0.5590277777777778 0.8902777777777777 0.5729166666666666 0.8833333333333333 0.5729166666666666 0.8763888888888889 0.5625 0.875 0.5520833333333334 0.8763888888888889 0.5434027777777778 0.8819444444444444 0.5416666666666666 0.8847222222222222 0.5451388888888888
0 0.93125 0.7100694444444444 0.018055555555555554 0.04513888888888889
0 0.11944444444444445 0.125 0.12638888888888888 0.1371527777777778 0.125 0.14583333333333334 0.12083333333333333 0.1527777777777778 0.11666666666666667 0.1527777777777778 0.1125 0.14756944444444445 0.10972222222222222 0.1388888888888889 0.1111111111111111 0.1284722222222222 0.11388888888888889 0.125 0.11805555555555555 0.125
0 0.5847222222222223 0.7899305555555556 0.5902777777777778 0.7951388888888888 0.5930555555555556 0.8020833333333334 0.5930555555555556 0.8072916666666666 0.5888888888888889 0.8125 0.5763888888888888 0.8125 0.5736111111111111 0.8090277777777778 0.5736111111111111 0.7934027777777778 0.5763888888888888 0.7899305555555556 0.5833333333333334 0.7899305555555556
0 0.7166666666666667 0.4444444444444444 0.7208333333333333 0.4548611111111111 0.7208333333333333 0.4600694444444444 0.7166666666666667 0.4652777777777778 0.7083333333333334 0.4635416666666667 0.7027777777777777 0.4565972222222222 0.6986111111111111 0.4461805555555556 0.7 0.4409722222222222 0.7125 0.4409722222222222 0.7152777777777778 0.4444444444444444
0 0.8555555555555555 0.4461805555555556 0.8625 0.4444444444444444 0.8694444444444445 0.4479166666666667 0.8777777777777778 0.4583333333333333 0.8777777777777778 0.46875 0.8736111111111111 0.4722222222222222 0.8666666666666667 0.4722222222222222 0.8583333333333333 0.4618055555555556 0.8555555555555555 0.4479166666666667
0 0.7333333333333333 0.2152777777777778 0.7375 0.2204861111111111 0.7375 0.2309027777777778 0.7472222222222222 0.2482638888888889 0.7458333333333333 0.265625 0.7430555555555556 0.2673611111111111 0.7361111111111112 0.265625 0.7277777777777777 0.2552083333333333 0.725 0.2482638888888889 0.725 0.22916666666666666 0.7319444444444444 0.2170138888888889
0 0.21944444444444444 0.7517361111111112 0.22361111111111112 0.7552083333333334 0.22361111111111112 0.7586805555555556 0.21388888888888888 0.7725694444444444 0.20416666666666666 0.7725694444444444 0.2013888888888889 0.7673611111111112 0.2013888888888889 0.7569444444444444 0.20694444444444443 0.75 0.21805555555555556 0.7517361111111112
0 0.6479166666666667 0.8498263888888888 0.020833333333333332 0.022569444444444444
0 0.6569444444444444 0.4913194444444444 0.6652777777777777 0.5 0.6708333333333333 0.5017361111111112 0.6763888888888889 0.5086805555555556 0.6763888888888889 0.5173611111111112 0.6736111111111112 0.5208333333333334 0.6638888888888889 0.5208333333333334 0.6583333333333333 0.515625 0.6513888888888889 0.515625 0.6472222222222223 0.5121527777777778 0.6430555555555556 0.4982638888888889 0.65 0.4895833333333333 0.6555555555555556 0.4913194444444444
0 0.6180555555555556 0.005208333333333333 0.6305555555555555 0.010416666666666666 0.6347222222222222 0.015625 0.6319444444444444 0.020833333333333332 0.6194444444444445 0.029513888888888888 0.6069444444444444 0.027777777777777776 0.6041666666666666 0.022569444444444444 0.6041666666666666 0.008680555555555556 0.6069444444444444 0.005208333333333333 0.6166666666666667 0.005208333333333333
0 0.9347222222222222 0.13975694444444445 0.013888888888888888 0.050347222222222224
0 0.9527777777777777 0.6614583333333334 0.9541666666666667 0.6649305555555556 0.9527777777777777 0.6840277777777778 0.9458333333333333 0.6822916666666666 0.9430555555555555 0.6788194444444444 0.9430555555555555 0.6701388888888888 0.9513888888888888 0.6631944444444444
0 0.8444444444444444 0.05381944444444445 0.8486111111111111 0.05555555555555555 0.8541666666666666 0.06597222222222222 0.8527777777777777 0.08333333333333333 0.8472222222222222 0.09027777777777778 0.8375 0.08854166666666667 0.8305555555555556 0.0763888888888889 0.8333333333333334 0.059027777777777776 0.8388888888888889 0.05381944444444445 0.8430555555555556 0.05381944444444445
0 0.90625 0.9713541666666666 0.029166666666666667 0.019097222222222224
0 0.8784722222222222 0.8446180555555556 0.02638888888888889 0.043402777777777776
0 0.5708333333333333 0.9435763888888888 0.011111111111111112 0.019097222222222224
0 0.8388888888888889 0 0.8416666666666667 0.005208333333333333 0.8444444444444444 0.020833333333333332 0.8430555555555556 0.026041666666666668 0.8375 0.03125 0.8277777777777777 0.029513888888888888 0.8236111111111111 0.010416666666666666 0.825 0 0.8375 0
0 0.8833333333333333 0.953125 0.8875 0.9565972222222222 0.8875 0.96875 0.8861111111111111 0.9826388888888888 0.8805555555555555 0.9913194444444444 0.8708333333333333 0.9913194444444444 0.8680555555555556 0.9861111111111112 0.8680555555555556 0.9809027777777778 0.8694444444444445 0.9739583333333334 0.875 0.9652777777777778 0.875 0.9565972222222222 0.8777777777777778 0.953125 0.8819444444444444 0.953125
0 0.8625 0.8020833333333334 0.8680555555555556 0.8072916666666666 0.8680555555555556 0.8177083333333334 0.8625 0.8211805555555556 0.8555555555555555 0.8315972222222222 0.8444444444444444 0.828125 0.8416666666666667 0.8246527777777778 0.8416666666666667 0.8159722222222222 0.85 0.8055555555555556 0.8611111111111112 0.8020833333333334
0 0.32013888888888886 0.6996527777777778 0.020833333333333332 0.013888888888888888
0 0.6416666666666667 0.5651041666666666 0.019444444444444445 0.03993055555555555
0 0.34305555555555556 0.921875 0.3486111111111111 0.9253472222222222 0.3527777777777778 0.9340277777777778 0.3541666666666667 0.9565972222222222 0.35 0.9600694444444444 0.3402777777777778 0.9548611111111112 0.3402777777777778 0.9392361111111112 0.3375 0.9322916666666666 0.3375 0.9236111111111112 0.3416666666666667 0.921875
0 0.7027777777777777 0.4184027777777778 0.7125 0.4166666666666667 0.7152777777777778 0.421875 0.7152777777777778 0.4322916666666667 0.7125 0.4357638888888889 0.7069444444444445 0.4357638888888889 0.7013888888888888 0.4305555555555556 0.7027777777777777 0.4201388888888889
0 0.12430555555555556 0.5243055555555556 0.009722222222222222 0.017361111111111112
0 0.8708333333333333 0.10590277777777778 0.875 0.1111111111111111 0.8736111111111111 0.13194444444444445 0.8805555555555555 0.140625 0.8777777777777778 0.14756944444444445 0.8694444444444445 0.14583333333333334 0.8652777777777778 0.1388888888888889 0.8611111111111112 0.1076388888888889 0.8694444444444445 0.10590277777777778
0 0.7958333333333333 0.2760416666666667 0.8 0.28125 0.7986111111111112 0.2916666666666667 0.7902777777777777 0.2986111111111111 0.7847222222222222 0.2986111111111111 0.7805555555555556 0.2847222222222222 0.7833333333333333 0.2795138888888889 0.7944444444444444 0.2760416666666667
0 0.7791666666666667 0.2881944444444444 0.7833333333333333 0.2934027777777778 0.7833333333333333 0.3020833333333333 0.7763888888888889 0.3107638888888889 0.7708333333333334 0.3107638888888889 0.7680555555555556 0.3072916666666667 0.7680555555555556 0.2934027777777778 0.7777777777777778 0.2899305555555556