0 0.41805555555555557 0.4027777777777778 0.42083333333333334 0.40625 0.42083333333333334 0.4166666666666667 0.41805555555555557 0.4236111111111111 0.4111111111111111 0.4288194444444444 0.4027777777777778 0.4270833333333333 0.4 0.4236111111111111 0.4 0.4149305555555556 0.4041666666666667 0.4079861111111111 0.4125 0.4027777777777778 0.4166666666666667 0.4027777777777778
0 0.26666666666666666 0.10243055555555555 0.2722222222222222 0.109375 0.2722222222222222 0.12152777777777778 0.25972222222222224 0.13194444444444445 0.25416666666666665 0.13194444444444445 0.25277777777777777 0.11458333333333333 0.25833333333333336 0.10416666666666667 0.2652777777777778 0.10243055555555555
0 0.12638888888888888 0.1232638888888889 0.13055555555555556 0.1284722222222222 0.13333333333333333 0.140625 0.13194444444444445 0.14583333333333334 0.125 0.15104166666666666 0.11944444444444445 0.14930555555555555 0.11666666666666667 0.1423611111111111 0.11944444444444445 0.125 0.125 0.1232638888888889
0 0.05694444444444444 0.8819444444444444 0.06527777777777778 0.8871527777777778 0.07083333333333333 0.8975694444444444 0.07083333333333333 0.9097222222222222 0.06388888888888888 0.9149305555555556 0.044444444444444446 0.9045138888888888 0.044444444444444446 0.8940972222222222 0.04861111111111111 0.8819444444444444 0.05 0.8802083333333334 0.05555555555555555 0.8819444444444444
0 0.6611111111111111 0.5243055555555556 0.6680555555555555 0.5329861111111112 0.6680555555555555 0.5399305555555556 0.6652777777777777 0.546875 0.6611111111111111 0.5503472222222222 0.6569444444444444 0.5503472222222222 0.6513888888888889 0.5416666666666666 0.6527777777777778 0.5295138888888888 0.6597222222222222 0.5243055555555556
0 0.18611111111111112 0.6336805555555556 0.1875 0.6388888888888888 0.17777777777777778 0.6510416666666666 0.16666666666666666 0.65625 0.15694444444444444 0.6545138888888888 0.15555555555555556 0.6510416666666666 0.15694444444444444 0.640625 0.1638888888888889 0.6336805555555556 0.17083333333333334 0.6319444444444444 0.18472222222222223 0.6336805555555556
0 0.5277777777777778 0.7777777777777778 0.5291666666666667 0.7795138888888888 0.5277777777777778 0.7934027777777778 0.525 0.8003472222222222 0.5194444444444445 0.8038194444444444 0.5138888888888888 0.8038194444444444 0.5097222222222222 0.8003472222222222 0.5083333333333333 0.796875 0.5097222222222222 0.7847222222222222 0.5138888888888888 0.7795138888888888 0.5208333333333334 0.7760416666666666 0.5263888888888889 0.7777777777777778
0 0.5902777777777778 0.7916666666666666 0.5930555555555556 0.7951388888888888 0.5944444444444444 0.8055555555555556 0.5888888888888889 0.8125 0.5819444444444445 0.8125 0.575 0.8038194444444444 0.575 0.7934027777777778 0.5777777777777777 0.7899305555555556 0.5888888888888889 0.7916666666666666
0 0.8861111111111111 0.5381944444444444 0.8958333333333334 0.5486111111111112 0.8986111111111111 0.5555555555555556 0.8986111111111111 0.5694444444444444 0.8958333333333334 0.5729166666666666 0.8888888888888888 0.5711805555555556 0.8819444444444444 0.5590277777777778 0.8819444444444444 0.5399305555555556 0.8847222222222222 0.5381944444444444
0 0.5944444444444444 0.4479166666666667 0.5972222222222222 0.4583333333333333 0.5972222222222222 0.4704861111111111 0.5958333333333333 0.4756944444444444 0.5888888888888889 0.4826388888888889 0.5833333333333334 0.4809027777777778 0.5819444444444445 0.4635416666666667 0.5833333333333334 0.4548611111111111 0.5888888888888889 0.4479166666666667 0.5930555555555556 0.4479166666666667
0 0.8597222222222223 0.050347222222222224 0.8638888888888889 0.06076388888888889 0.8625 0.0798611111111111 0.8486111111111111 0.09722222222222222 0.8444444444444444 0.09722222222222222 0.8402777777777778 0.0920138888888889 0.8402777777777778 0.059027777777777776 0.8472222222222222 0.04861111111111111 0.8583333333333333 0.050347222222222224
0 0.8583333333333333 0.4444444444444444 0.8722222222222222 0.4513888888888889 0.8763888888888889 0.4565972222222222 0.8763888888888889 0.4704861111111111 0.8722222222222222 0.4739583333333333 0.8666666666666667 0.4722222222222222 0.8555555555555555 0.453125 0.8555555555555555 0.4461805555555556 0.8569444444444444 0.4461805555555556
0 0.7347222222222223 0.22743055555555555 0.7416666666666667 0.2361111111111111 0.7472222222222222 0.2482638888888889 0.7472222222222222 0.2621527777777778 0.7430555555555556 0.2673611111111111 0.7333333333333333 0.2638888888888889 0.7263888888888889 0.2534722222222222 0.7236111111111111 0.24305555555555555 0.7236111111111111 0.234375 0.7263888888888889 0.22743055555555555 0.7277777777777777 0.22569444444444445 0.7333333333333333 0.22743055555555555
0 0.6638888888888889 0.8368055555555556 0.6666666666666666 0.8506944444444444 0.6652777777777777 0.8559027777777778 0.6597222222222222 0.859375 0.65 0.8559027777777778 0.6472222222222223 0.8524305555555556 0.6472222222222223 0.8472222222222222 0.6555555555555556 0.8368055555555556 0.6625 0.8368055555555556
0 0.7166666666666667 0.4427083333333333 0.7208333333333333 0.4461805555555556 0.7236111111111111 0.453125 0.7236111111111111 0.4600694444444444 0.7208333333333333 0.4635416666666667 0.7083333333333334 0.4618055555555556 0.7013888888888888 0.4496527777777778 0.7 0.4444444444444444 0.7013888888888888 0.4409722222222222 0.7152777777777778 0.4427083333333333
0 0.9423611111111111 0.7048611111111112 0.018055555555555554 0.04861111111111111
0 0.225 0.7482638888888888 0.22916666666666666 0.7534722222222222 0.22777777777777777 0.7569444444444444 0.2152777777777778 0.7690972222222222 0.20833333333333334 0.7690972222222222 0.20555555555555555 0.765625 0.20555555555555555 0.7552083333333334 0.2111111111111111 0.7482638888888888 0.22361111111111112 0.7482638888888888
0 0.6347222222222222 0.008680555555555556 0.6458333333333334 0.015625 0.6291666666666667 0.027777777777777776 0.6152777777777778 0.026041666666666668 0.6125 0.022569444444444444 0.6125 0.012152777777777778 0.6180555555555556 0.005208333333333333 0.6333333333333333 0.008680555555555556
0 0.6722222222222223 0.4965277777777778 0.6833333333333333 0.5104166666666666 0.6833333333333333 0.5190972222222222 0.6805555555555556 0.5208333333333334 0.6722222222222223 0.5208333333333334 0.6652777777777777 0.515625 0.6541666666666667 0.5121527777777778 0.6513888888888889 0.5034722222222222 0.6513888888888889 0.4947916666666667 0.6541666666666667 0.4913194444444444 0.6638888888888889 0.4913194444444444 0.6708333333333333 0.4965277777777778
0 0.9416666666666667 0.13194444444444445 0.9458333333333333 0.13194444444444445 0.9486111111111111 0.1371527777777778 0.9472222222222222 0.16145833333333334 0.9458333333333333 0.16493055555555555 0.9388888888888889 0.1684027777777778 0.9347222222222222 0.16319444444444445 0.9347222222222222 0.1440972222222222 0.9416666666666667 0.13368055555555555
0 0.35694444444444445 0.984375 0.3625 0.9930555555555556 0.3625 0.9982638888888888 0.3472222222222222 0.9982638888888888 0.3458333333333333 0.9878472222222222 0.3527777777777778 0.9826388888888888 0.35555555555555557 0.984375
0 0.8930555555555556 0.8263888888888888 0.8972222222222223 0.8315972222222222 0.8972222222222223 0.8559027777777778 0.8944444444444445 0.8645833333333334 0.8888888888888888 0.8697916666666666 0.8805555555555555 0.8697916666666666 0.875 0.8663194444444444 0.8708333333333333 0.8611111111111112 0.8680555555555556 0.8506944444444444 0.8694444444444445 0.8420138888888888 0.875 0.8315972222222222 0.8819444444444444 0.8263888888888888 0.8916666666666667 0.8263888888888888
0 0.8833333333333333 0.9548611111111112 0.8861111111111111 0.9600694444444444 0.8875 0.9791666666666666 0.8819444444444444 0.9930555555555556 0.8791666666666667 0.9947916666666666 0.8680555555555556 0.9947916666666666 0.8666666666666667 0.9809027777777778 0.8763888888888889 0.9565972222222222 0.8819444444444444 0.9548611111111112
0 0.5708333333333333 0.9340277777777778 0.5763888888888888 0.9409722222222222 0.5763888888888888 0.9496527777777778 0.5736111111111111 0.953125 0.5666666666666667 0.953125 0.5652777777777778 0.9496527777777778 0.5652777777777778 0.9375 0.5694444444444444 0.9340277777777778
0 0.3527777777777778 0.9236111111111112 0.3625 0.9479166666666666 0.3625 0.953125 0.35833333333333334 0.9565972222222222 0.3486111111111111 0.9565972222222222 0.34444444444444444 0.9513888888888888 0.3458333333333333 0.9427083333333334 0.34444444444444444 0.9270833333333334 0.3472222222222222 0.9236111111111112 0.35138888888888886 0.9236111111111112