0 0.41041666666666665 0.4149305555555556 0.020833333333333332 0.024305555555555556
0 0.2611111111111111 0.10243055555555555 0.26944444444444443 0.1076388888888889 0.2708333333333333 0.12152777777777778 0.2625 0.13020833333333334 0.25833333333333336 0.13194444444444445 0.2513888888888889 0.13020833333333334 0.25277777777777777 0.1111111111111111 0.25555555555555554 0.10590277777777778 0.25972222222222224 0.10416666666666667
0 0.6611111111111111 0.5243055555555556 0.6666666666666666 0.53125 0.6666666666666666 0.5416666666666666 0.6597222222222222 0.5503472222222222 0.6541666666666667 0.5486111111111112 0.65 0.5434027777777778 0.6513888888888889 0.5295138888888888 0.6555555555555556 0.5243055555555556 0.6597222222222222 0.5243055555555556
0 0.12291666666666666 0.13802083333333334 0.015277777777777777 0.026041666666666668
0 0.05138888888888889 0.8836805555555556 0.06111111111111111 0.8940972222222222 0.06388888888888888 0.9010416666666666 0.06388888888888888 0.9131944444444444 0.06111111111111111 0.9166666666666666 0.05138888888888889 0.9149305555555556 0.04583333333333333 0.9045138888888888 0.044444444444444446 0.8888888888888888 0.04722222222222222 0.8819444444444444 0.05 0.8836805555555556
0 0.5875 0.7916666666666666 0.5916666666666667 0.7951388888888888 0.5930555555555556 0.8038194444444444 0.5916666666666667 0.8090277777777778 0.5861111111111111 0.8142361111111112 0.5791666666666667 0.8125 0.5736111111111111 0.7986111111111112 0.5777777777777777 0.7899305555555556 0.5861111111111111 0.7916666666666666
0 0.5916666666666667 0.4322916666666667 0.5958333333333333 0.4357638888888889 0.5986111111111111 0.4461805555555556 0.5986111111111111 0.4600694444444444 0.5958333333333333 0.4635416666666667 0.5902777777777778 0.4635416666666667 0.5847222222222223 0.4496527777777778 0.5847222222222223 0.4392361111111111 0.5902777777777778 0.4322916666666667
0 0.8791666666666667 0.5381944444444444 0.8902777777777777 0.5451388888888888 0.8958333333333334 0.5572916666666666 0.8958333333333334 0.5677083333333334 0.8930555555555556 0.5729166666666666 0.8875 0.5729166666666666 0.8819444444444444 0.5694444444444444 0.8791666666666667 0.5642361111111112 0.8791666666666667 0.5399305555555556
0 0.5222222222222223 0.7795138888888888 0.5263888888888889 0.7829861111111112 0.5263888888888889 0.7916666666666666 0.5236111111111111 0.8003472222222222 0.5194444444444445 0.8038194444444444 0.5111111111111111 0.8038194444444444 0.5083333333333333 0.8003472222222222 0.5083333333333333 0.7881944444444444 0.5152777777777777 0.78125 0.5208333333333334 0.78125
0 0.7152777777777778 0.4409722222222222 0.7194444444444444 0.4444444444444444 0.7222222222222222 0.4513888888888889 0.7222222222222222 0.4583333333333333 0.7194444444444444 0.4635416666666667 0.7111111111111111 0.4635416666666667 0.7055555555555556 0.4600694444444444 0.6986111111111111 0.4427083333333333 0.7027777777777777 0.4392361111111111 0.7138888888888889 0.4409722222222222
0 0.6569444444444444 0.8368055555555556 0.6611111111111111 0.8385416666666666 0.6638888888888889 0.84375 0.6625 0.8576388888888888 0.6583333333333333 0.8611111111111112 0.6513888888888889 0.8611111111111112 0.6430555555555556 0.8541666666666666 0.6430555555555556 0.8489583333333334 0.65 0.8402777777777778 0.6555555555555556 0.8385416666666666
0 0.21944444444444444 0.7465277777777778 0.2263888888888889 0.7517361111111112 0.2263888888888889 0.7569444444444444 0.21944444444444444 0.7673611111111112 0.21388888888888888 0.7708333333333334 0.20555555555555555 0.765625 0.20416666666666666 0.7569444444444444 0.20833333333333334 0.7482638888888888 0.21805555555555556 0.7465277777777778
0 0.6236111111111111 0.006944444444444444 0.6416666666666667 0.015625 0.6402777777777777 0.020833333333333332 0.6236111111111111 0.029513888888888888 0.6138888888888889 0.029513888888888888 0.6083333333333333 0.024305555555555556 0.6083333333333333 0.012152777777777778 0.6125 0.006944444444444444 0.6222222222222222 0.006944444444444444
0 0.8597222222222223 0.4444444444444444 0.8722222222222222 0.4513888888888889 0.8763888888888889 0.4565972222222222 0.8763888888888889 0.4704861111111111 0.8708333333333333 0.4739583333333333 0.8652777777777778 0.4722222222222222 0.8583333333333333 0.4600694444444444 0.8555555555555555 0.4513888888888889 0.8555555555555555 0.4461805555555556 0.8583333333333333 0.4444444444444444
0 0.7333333333333333 0.22569444444444445 0.7416666666666667 0.2361111111111111 0.7472222222222222 0.25 0.7472222222222222 0.2604166666666667 0.7430555555555556 0.2673611111111111 0.7361111111111112 0.265625 0.7263888888888889 0.2534722222222222 0.725 0.22916666666666666 0.7277777777777777 0.22569444444444445 0.7319444444444444 0.22569444444444445
0 0.3527777777777778 0.9600694444444444 0.35694444444444445 0.9670138888888888 0.35833333333333334 0.9756944444444444 0.35694444444444445 0.9809027777777778 0.35138888888888886 0.984375 0.34444444444444444 0.9809027777777778 0.34305555555555556 0.9756944444444444 0.34444444444444444 0.9635416666666666 0.3472222222222222 0.9600694444444444 0.35138888888888886 0.9600694444444444
0 0.21180555555555555 0.6328125 0.02361111111111111 0.03298611111111111
0 0.8513888888888889 0.050347222222222224 0.8555555555555555 0.05381944444444445 0.8597222222222223 0.0642361111111111 0.8597222222222223 0.07465277777777778 0.8569444444444444 0.08506944444444445 0.8513888888888889 0.0920138888888889 0.8416666666666667 0.08680555555555555 0.8361111111111111 0.0763888888888889 0.8361111111111111 0.06597222222222222 0.8416666666666667 0.052083333333333336 0.85 0.050347222222222224
0 0.6569444444444444 0.4895833333333333 0.6791666666666667 0.5052083333333334 0.6805555555555556 0.5173611111111112 0.675 0.5225694444444444 0.6638888888888889 0.515625 0.6555555555555556 0.515625 0.65 0.5086805555555556 0.6472222222222223 0.5034722222222222 0.6472222222222223 0.4982638888888889 0.6513888888888889 0.4913194444444444 0.6555555555555556 0.4895833333333333
0 0.9388888888888889 0.6822916666666666 0.9430555555555555 0.6909722222222222 0.9444444444444444 0.6996527777777778 0.9430555555555555 0.7309027777777778 0.9375 0.7309027777777778 0.9319444444444445 0.71875 0.9319444444444445 0.6927083333333334 0.9333333333333333 0.6857638888888888 0.9375 0.6822916666666666
0 0.8402777777777778 0.04513888888888889 0.8444444444444444 0.04861111111111111 0.8444444444444444 0.05381944444444445 0.8347222222222223 0.07291666666666667 0.8277777777777777 0.06944444444444445 0.8263888888888888 0.05555555555555555 0.8305555555555556 0.04861111111111111 0.8388888888888889 0.04513888888888889
0 0.9402777777777778 0.14756944444444445 0.011111111111111112 0.03125
0 0.8833333333333333 0.9583333333333334 0.8861111111111111 0.9618055555555556 0.8875 0.9704861111111112 0.8861111111111111 0.9913194444444444 0.8833333333333333 0.9947916666666666 0.8722222222222222 0.9965277777777778 0.8680555555555556 0.9947916666666666 0.8694444444444445 0.9756944444444444 0.8736111111111111 0.9618055555555556 0.8791666666666667 0.9565972222222222 0.8819444444444444 0.9583333333333334
0 0.5666666666666667 0.9340277777777778 0.5722222222222222 0.9340277777777778 0.5763888888888888 0.9409722222222222 0.5763888888888888 0.9496527777777778 0.5736111111111111 0.953125 0.5666666666666667 0.953125 0.5652777777777778 0.9496527777777778 0.5666666666666667 0.9357638888888888
0 0.8902777777777777 0.828125 0.8930555555555556 0.8298611111111112 0.8958333333333334 0.8368055555555556 0.8958333333333334 0.8506944444444444 0.8916666666666667 0.8663194444444444 0.8847222222222222 0.8715277777777778 0.875 0.8697916666666666 0.8680555555555556 0.8611111111111112 0.8680555555555556 0.8420138888888888 0.8777777777777778 0.8298611111111112 0.8833333333333333 0.8263888888888888 0.8888888888888888 0.828125
0 0.6423611111111112 0.5642361111111112 0.020833333333333332 0.041666666666666664