0 0.8583333333333333 0.5208333333333334 0.8611111111111112 0.5277777777777778 0.8611111111111112 0.546875 0.8569444444444444 0.5555555555555556 0.8416666666666667 0.5520833333333334 0.8333333333333334 0.5416666666666666 0.8347222222222223 0.5277777777777778 0.8402777777777778 0.5208333333333334 0.8472222222222222 0.5173611111111112 0.8541666666666666 0.5173611111111112 0.8569444444444444 0.5208333333333334
0 0.47638888888888886 0.8958333333333334 0.48333333333333334 0.9010416666666666 0.48333333333333334 0.90625 0.4777777777777778 0.9166666666666666 0.46944444444444444 0.9201388888888888 0.4625 0.9149305555555556 0.4625 0.90625 0.46805555555555556 0.8975694444444444 0.475 0.8958333333333334
0 0.525 0.5451388888888888 0.5333333333333333 0.5520833333333334 0.5347222222222222 0.5590277777777778 0.5319444444444444 0.5642361111111112 0.5166666666666667 0.5642361111111112 0.5111111111111111 0.5607638888888888 0.5111111111111111 0.5486111111111112 0.5138888888888888 0.5451388888888888 0.5236111111111111 0.5451388888888888
0 0.23055555555555557 0.6024305555555556 0.23333333333333334 0.6076388888888888 0.23194444444444445 0.6215277777777778 0.21944444444444444 0.6215277777777778 0.21388888888888888 0.609375 0.2152777777777778 0.6006944444444444 0.22361111111111112 0.5989583333333334 0.22916666666666666 0.6024305555555556
0 0.3138888888888889 0.7604166666666666 0.3194444444444444 0.7708333333333334 0.32083333333333336 0.78125 0.3194444444444444 0.7916666666666666 0.3138888888888889 0.8003472222222222 0.30972222222222223 0.8003472222222222 0.3055555555555556 0.7934027777777778 0.30694444444444446 0.7690972222222222 0.30972222222222223 0.7621527777777778 0.3125 0.7604166666666666
0 0.44583333333333336 0.7222222222222222 0.4486111111111111 0.7413194444444444 0.44166666666666665 0.75 0.4361111111111111 0.7482638888888888 0.43194444444444446 0.7430555555555556 0.43194444444444446 0.734375 0.4361111111111111 0.7256944444444444 0.4444444444444444 0.7222222222222222
0 0.044444444444444446 0.7994791666666666 0.008333333333333333 0.029513888888888888
0 0.46111111111111114 0.7083333333333334 0.4708333333333333 0.7152777777777778 0.4722222222222222 0.7256944444444444 0.4708333333333333 0.7413194444444444 0.4638888888888889 0.7534722222222222 0.45416666666666666 0.7534722222222222 0.4513888888888889 0.75 0.4486111111111111 0.7430555555555556 0.44722222222222224 0.7291666666666666 0.45 0.7135416666666666 0.45555555555555555 0.7083333333333334 0.4597222222222222 0.7083333333333334
0 0.12083333333333333 0.5980902777777778 0.03611111111111111 0.022569444444444444
0 0.47638888888888886 0.9704861111111112 0.48055555555555557 0.9739583333333334 0.48055555555555557 0.9791666666666666 0.4736111111111111 0.9913194444444444 0.46944444444444444 0.9947916666666666 0.4597222222222222 0.9947916666666666 0.45694444444444443 0.9895833333333334 0.45694444444444443 0.9809027777777778 0.4638888888888889 0.9722222222222222 0.475 0.9722222222222222
0 0.49722222222222223 0.7395833333333334 0.5 0.7430555555555556 0.5 0.75 0.49722222222222223 0.7569444444444444 0.49166666666666664 0.7621527777777778 0.48194444444444445 0.7621527777777778 0.4791666666666667 0.7569444444444444 0.4847222222222222 0.7465277777777778 0.49583333333333335 0.7395833333333334
0 0.9111111111111111 0.3489583333333333 0.9166666666666666 0.3541666666666667 0.9180555555555555 0.3645833333333333 0.9111111111111111 0.3715277777777778 0.9013888888888889 0.3715277777777778 0.8958333333333334 0.3663194444444444 0.8972222222222223 0.3611111111111111 0.9027777777777778 0.3541666666666667 0.9097222222222222 0.3506944444444444
0 0.5805555555555556 0.4704861111111111 0.5958333333333333 0.4756944444444444 0.6027777777777777 0.4895833333333333 0.6027777777777777 0.4965277777777778 0.5930555555555556 0.5 0.5805555555555556 0.4947916666666667 0.5777777777777777 0.4895833333333333 0.5763888888888888 0.4791666666666667 0.5791666666666667 0.4722222222222222
0 0.7375 0.2725694444444444 0.7444444444444445 0.2777777777777778 0.7444444444444445 0.2916666666666667 0.7319444444444444 0.3055555555555556 0.7263888888888889 0.3090277777777778 0.7236111111111111 0.3072916666666667 0.7236111111111111 0.2916666666666667 0.7263888888888889 0.2829861111111111 0.7333333333333333 0.2743055555555556 0.7361111111111112 0.2743055555555556
0 0.8486111111111111 0.2916666666666667 0.8555555555555555 0.3038194444444444 0.8555555555555555 0.3142361111111111 0.8486111111111111 0.3229166666666667 0.8444444444444444 0.3194444444444444 0.8416666666666667 0.3107638888888889 0.8430555555555556 0.296875 0.8472222222222222 0.2916666666666667
0 0.7722222222222223 0.5017361111111112 0.7805555555555556 0.5052083333333334 0.775 0.5208333333333334 0.7680555555555556 0.5277777777777778 0.7611111111111111 0.5277777777777778 0.7569444444444444 0.5243055555555556 0.7583333333333333 0.5086805555555556 0.7611111111111111 0.5052083333333334 0.7708333333333334 0.5034722222222222
0 0.7069444444444445 0.8958333333333334 0.7125 0.9010416666666666 0.7152777777777778 0.9079861111111112 0.7138888888888889 0.9253472222222222 0.7055555555555556 0.921875 0.7 0.9131944444444444 0.7 0.9027777777777778 0.7055555555555556 0.8958333333333334
0 0.2388888888888889 0.4809027777777778 0.24444444444444444 0.4861111111111111 0.24722222222222223 0.4930555555555556 0.24722222222222223 0.5069444444444444 0.24444444444444444 0.515625 0.2388888888888889 0.5225694444444444 0.23472222222222222 0.5243055555555556 0.22777777777777777 0.5243055555555556 0.21944444444444444 0.5190972222222222 0.2152777777777778 0.5034722222222222 0.21666666666666667 0.4913194444444444 0.22361111111111112 0.4809027777777778 0.2263888888888889 0.4791666666666667 0.2375 0.4809027777777778
0 0.8819444444444444 0.5364583333333334 0.8847222222222222 0.5416666666666666 0.8847222222222222 0.5520833333333334 0.8805555555555555 0.5572916666666666 0.8722222222222222 0.5607638888888888 0.8652777777777778 0.5607638888888888 0.8555555555555555 0.5555555555555556 0.8611111111111112 0.5451388888888888 0.8652777777777778 0.5416666666666666 0.8805555555555555 0.5364583333333334
0 0.29305555555555557 0.16319444444444445 0.29583333333333334 0.16666666666666666 0.2861111111111111 0.1909722222222222 0.28055555555555556 0.19791666666666666 0.27361111111111114 0.1996527777777778 0.2708333333333333 0.19791666666666666 0.26805555555555555 0.1892361111111111 0.26944444444444443 0.18229166666666666 0.27361111111111114 0.1736111111111111 0.2916666666666667 0.16493055555555555
0 0.4513888888888889 0.6371527777777778 0.45416666666666666 0.6423611111111112 0.45416666666666666 0.6527777777777778 0.45 0.6649305555555556 0.44583333333333336 0.6666666666666666 0.44027777777777777 0.6614583333333334 0.44027777777777777 0.6458333333333334 0.44305555555555554 0.6388888888888888 0.45 0.6371527777777778
0 0.25833333333333336 0.125 0.2611111111111111 0.1284722222222222 0.2611111111111111 0.1371527777777778 0.2513888888888889 0.14930555555555555 0.24583333333333332 0.14583333333333334 0.24583333333333332 0.13368055555555555 0.25 0.125 0.2569444444444444 0.125
0 0.4423611111111111 0.0625 0.018055555555555554 0.027777777777777776
0 0.4583333333333333 0.042534722222222224 0.022222222222222223 0.029513888888888888
0 0.7861111111111111 0.3645833333333333 0.7958333333333333 0.3715277777777778 0.7944444444444444 0.3923611111111111 0.7861111111111111 0.3958333333333333 0.7791666666666667 0.390625 0.7791666666666667 0.3715277777777778 0.7847222222222222 0.3663194444444444
0 0.7666666666666667 0.3559027777777778 0.7694444444444445 0.3472222222222222 0.7722222222222223 0.3454861111111111 0.7805555555555556 0.3472222222222222 0.7833333333333333 0.3524305555555556 0.7833333333333333 0.3628472222222222 0.7805555555555556 0.3680555555555556 0.7722222222222223 0.3663194444444444 0.7680555555555556 0.3611111111111111 0.7680555555555556 0.3576388888888889
0 0.3375 0.515625 0.3416666666666667 0.5208333333333334 0.3416666666666667 0.5347222222222222 0.33611111111111114 0.5399305555555556 0.325 0.5364583333333334 0.3194444444444444 0.5295138888888888 0.31805555555555554 0.5243055555555556 0.31805555555555554 0.515625 0.32083333333333336 0.5086805555555556 0.3263888888888889 0.5034722222222222 0.33611111111111114 0.515625
0 0.7861111111111111 0.5034722222222222 0.7861111111111111 0.4982638888888889 0.7916666666666666 0.4878472222222222 0.7986111111111112 0.4878472222222222 0.8013888888888889 0.4930555555555556 0.8013888888888889 0.4982638888888889 0.7930555555555555 0.5052083333333334 0.7875 0.5034722222222222
0 0.8097222222222222 0.8854166666666666 0.8152777777777778 0.8923611111111112 0.8138888888888889 0.9045138888888888 0.8111111111111111 0.9079861111111112 0.8027777777777778 0.9079861111111112 0.8 0.9045138888888888 0.8 0.890625 0.8027777777777778 0.8871527777777778 0.8083333333333333 0.8871527777777778