0 0.44583333333333336 0.7170138888888888 0.45 0.7222222222222222 0.45 0.7326388888888888 0.44722222222222224 0.7413194444444444 0.4361111111111111 0.7430555555555556 0.4305555555555556 0.7361111111111112 0.43333333333333335 0.7256944444444444 0.4375 0.7204861111111112 0.4444444444444444 0.71875
0 0.5027777777777778 0.7378472222222222 0.5055555555555555 0.7430555555555556 0.4986111111111111 0.7586805555555556 0.49583333333333335 0.7604166666666666 0.4861111111111111 0.7604166666666666 0.48333333333333334 0.7534722222222222 0.4930555555555556 0.7395833333333334 0.5013888888888889 0.7378472222222222
0 0.44166666666666665 0.6979166666666666 0.44305555555555554 0.7118055555555556 0.4375 0.7204861111111112 0.4263888888888889 0.7204861111111112 0.4236111111111111 0.7170138888888888 0.4236111111111111 0.7083333333333334 0.43194444444444446 0.6979166666666666 0.43472222222222223 0.6961805555555556 0.44027777777777777 0.6979166666666666
0 0.47638888888888886 0.8958333333333334 0.48194444444444445 0.8993055555555556 0.48333333333333334 0.9027777777777778 0.48055555555555557 0.9131944444444444 0.47638888888888886 0.9184027777777778 0.4652777777777778 0.9184027777777778 0.4625 0.9149305555555556 0.4625 0.9079861111111112 0.4652777777777778 0.9010416666666666 0.4708333333333333 0.8958333333333334 0.475 0.8958333333333334
0 0.4597222222222222 0.7048611111111112 0.4666666666666667 0.7083333333333334 0.4708333333333333 0.7135416666666666 0.4736111111111111 0.7222222222222222 0.4736111111111111 0.7361111111111112 0.4625 0.75 0.45555555555555555 0.75 0.4513888888888889 0.7447916666666666 0.45 0.7361111111111112 0.4513888888888889 0.7135416666666666 0.4583333333333333 0.7048611111111112
0 0.49583333333333335 0.9644097222222222 0.025 0.026041666666666668
0 0.45555555555555555 0.625 0.4597222222222222 0.6267361111111112 0.4625 0.6319444444444444 0.4638888888888889 0.6371527777777778 0.4625 0.6493055555555556 0.45416666666666666 0.6579861111111112 0.4486111111111111 0.6545138888888888 0.4486111111111111 0.6336805555555556 0.45416666666666666 0.6267361111111112
0 0.17777777777777778 0.5677083333333334 0.18888888888888888 0.5746527777777778 0.19444444444444445 0.5815972222222222 0.19583333333333333 0.5954861111111112 0.19305555555555556 0.5989583333333334 0.18472222222222223 0.5989583333333334 0.17777777777777778 0.5920138888888888 0.16805555555555557 0.5694444444444444 0.17083333333333334 0.5659722222222222 0.1763888888888889 0.5677083333333334
0 0.7166666666666667 0.21180555555555555 0.7222222222222222 0.2170138888888889 0.7236111111111111 0.2222222222222222 0.7222222222222222 0.2326388888888889 0.7138888888888889 0.24131944444444445 0.7097222222222223 0.24305555555555555 0.7055555555555556 0.23958333333333334 0.7069444444444445 0.2222222222222222 0.7125 0.21354166666666666 0.7152777777777778 0.21354166666666666
0 0.3263888888888889 0.7482638888888888 0.33055555555555555 0.7552083333333334 0.33194444444444443 0.7673611111111112 0.33055555555555555 0.7847222222222222 0.3277777777777778 0.7881944444444444 0.32083333333333336 0.7864583333333334 0.32083333333333336 0.765625 0.325 0.75
0 0.7152777777777778 0.8923611111111112 0.7236111111111111 0.9010416666666666 0.7263888888888889 0.9114583333333334 0.725 0.921875 0.7152777777777778 0.921875 0.7083333333333334 0.9149305555555556 0.7069444444444445 0.8993055555555556 0.7083333333333334 0.8958333333333334 0.7138888888888889 0.8940972222222222
0 0.8527777777777777 0.3064236111111111 0.016666666666666666 0.029513888888888888
0 0.24166666666666667 0.5972222222222222 0.2513888888888889 0.6041666666666666 0.25277777777777777 0.6076388888888888 0.2513888888888889 0.6215277777777778 0.24027777777777778 0.6215277777777778 0.2375 0.6180555555555556 0.23333333333333334 0.6006944444444444 0.2361111111111111 0.5972222222222222 0.24027777777777778 0.5972222222222222
0 0.6847222222222222 0.4878472222222222 0.6888888888888889 0.4947916666666667 0.6888888888888889 0.5086805555555556 0.6847222222222222 0.5173611111111112 0.6805555555555556 0.5173611111111112 0.6763888888888889 0.5104166666666666 0.6777777777777778 0.4895833333333333 0.6833333333333333 0.4878472222222222
0 0.24166666666666667 0.1701388888888889 0.2513888888888889 0.17708333333333334 0.25555555555555554 0.1840277777777778 0.24444444444444444 0.1909722222222222 0.23333333333333334 0.1909722222222222 0.22916666666666666 0.1892361111111111 0.22777777777777777 0.1857638888888889 0.22916666666666666 0.1736111111111111 0.23333333333333334 0.1701388888888889 0.24027777777777778 0.1701388888888889
0 0.9 0.3732638888888889 0.9 0.3663194444444444 0.9111111111111111 0.3541666666666667 0.9180555555555555 0.3541666666666667 0.9208333333333333 0.3576388888888889 0.9222222222222223 0.3628472222222222 0.9208333333333333 0.3697916666666667 0.9152777777777777 0.375 0.9013888888888889 0.3732638888888889
0 0.5805555555555556 0.4670138888888889 0.5833333333333334 0.4652777777777778 0.5888888888888889 0.4670138888888889 0.5958333333333333 0.4756944444444444 0.6013888888888889 0.4878472222222222 0.6013888888888889 0.4947916666666667 0.5875 0.4930555555555556 0.5805555555555556 0.484375 0.5791666666666667 0.4756944444444444 0.5805555555555556 0.46875