0 0.41388888888888886 0.3975694444444444 0.41805555555555557 0.4010416666666667 0.4166666666666667 0.421875 0.4097222222222222 0.4270833333333333 0.4 0.4270833333333333 0.3972222222222222 0.421875 0.3972222222222222 0.4114583333333333 0.4 0.40625 0.4125 0.3993055555555556
0 0.2611111111111111 0.1111111111111111 0.2638888888888889 0.11979166666666667 0.2625 0.1284722222222222 0.2513888888888889 0.13541666666666666 0.24722222222222223 0.13541666666666666 0.24305555555555555 0.13020833333333334 0.24444444444444444 0.11631944444444445 0.24861111111111112 0.109375 0.25972222222222224 0.1111111111111111
0 0.3104166666666667 0.9175347222222222 0.020833333333333332 0.022569444444444444
0 0.6548611111111111 0.5364583333333334 0.018055555555555554 0.027777777777777776
0 0.5819444444444445 0.4244791666666667 0.016666666666666666 0.03298611111111111
0 0.8763888888888889 0.5399305555555556 0.8833333333333333 0.5451388888888888 0.8875 0.5538194444444444 0.8875 0.5711805555555556 0.8791666666666667 0.5729166666666666 0.875 0.5677083333333334 0.8722222222222222 0.5607638888888888 0.8722222222222222 0.5451388888888888 0.875 0.5416666666666666
0 0.5833333333333334 0.7864583333333334 0.5888888888888889 0.7916666666666666 0.5916666666666667 0.8003472222222222 0.5875 0.8107638888888888 0.5763888888888888 0.8107638888888888 0.5736111111111111 0.8090277777777778 0.5708333333333333 0.8020833333333334 0.5722222222222222 0.7916666666666666 0.5777777777777777 0.7864583333333334 0.5819444444444445 0.7864583333333334
0 0.21388888888888888 0.7517361111111112 0.21944444444444444 0.7534722222222222 0.2222222222222222 0.7569444444444444 0.2222222222222222 0.7621527777777778 0.2125 0.7743055555555556 0.20555555555555555 0.7743055555555556 0.2 0.7690972222222222 0.2013888888888889 0.7552083333333334 0.20555555555555555 0.7517361111111112 0.2125 0.7517361111111112
0 0.11805555555555555 0.125 0.12361111111111112 0.1388888888888889 0.12361111111111112 0.14756944444444445 0.11944444444444445 0.15625 0.11388888888888889 0.15625 0.10833333333333334 0.14583333333333334 0.10833333333333334 0.13194444444444445 0.1125 0.125 0.11666666666666667 0.125
0 0.5138888888888888 0.7951388888888888 0.019444444444444445 0.024305555555555556
0 0.6111111111111112 0.005208333333333333 0.6222222222222222 0.008680555555555556 0.6333333333333333 0.015625 0.6319444444444444 0.022569444444444444 0.6125 0.029513888888888888 0.6055555555555555 0.027777777777777776 0.6013888888888889 0.022569444444444444 0.6013888888888889 0.008680555555555556 0.6055555555555555 0.005208333333333333 0.6097222222222223 0.005208333333333333
0 0.9361111111111111 0.12152777777777778 0.9375 0.1232638888888889 0.9375 0.15625 0.9347222222222222 0.16319444444444445 0.9291666666666667 0.16666666666666666 0.9236111111111112 0.16319444444444445 0.9222222222222223 0.14930555555555555 0.9263888888888889 0.13541666666666666 0.9319444444444445 0.1232638888888889 0.9347222222222222 0.12152777777777778
0 0.8736111111111111 0.4513888888888889 0.8763888888888889 0.4548611111111111 0.8777777777777778 0.4670138888888889 0.8722222222222222 0.4739583333333333 0.8666666666666667 0.4739583333333333 0.8569444444444444 0.4548611111111111 0.8583333333333333 0.4461805555555556 0.8652777777777778 0.4461805555555556 0.8722222222222222 0.4513888888888889
0 0.2965277777777778 0.6380208333333334 0.034722222222222224 0.022569444444444444
0 0.9277777777777778 0.6996527777777778 0.9319444444444445 0.7048611111111112 0.9361111111111111 0.71875 0.9347222222222222 0.7378472222222222 0.9305555555555556 0.7447916666666666 0.9263888888888889 0.7447916666666666 0.9222222222222223 0.7395833333333334 0.9194444444444444 0.7274305555555556 0.9194444444444444 0.7083333333333334 0.9208333333333333 0.703125 0.9263888888888889 0.6996527777777778
0 0.7305555555555555 0.21354166666666666 0.7347222222222223 0.21875 0.7388888888888889 0.2326388888888889 0.7472222222222222 0.2465277777777778 0.7472222222222222 0.2621527777777778 0.7430555555555556 0.2673611111111111 0.7402777777777778 0.2673611111111111 0.7347222222222223 0.2638888888888889 0.725 0.2482638888888889 0.7236111111111111 0.22743055555555555 0.7263888888888889 0.2170138888888889 0.7291666666666666 0.2152777777777778
0 0.7125 0.4409722222222222 0.7208333333333333 0.4513888888888889 0.7208333333333333 0.4600694444444444 0.7166666666666667 0.4652777777777778 0.7069444444444445 0.4618055555555556 0.7013888888888888 0.4548611111111111 0.6986111111111111 0.4461805555555556 0.7013888888888888 0.4409722222222222 0.7111111111111111 0.4409722222222222
0 0.9486111111111111 0.5868055555555556 0.9527777777777777 0.5885416666666666 0.9527777777777777 0.6197916666666666 0.9458333333333333 0.6215277777777778 0.9416666666666667 0.6145833333333334 0.9416666666666667 0.6059027777777778 0.9486111111111111 0.5885416666666666
0 0.6486111111111111 0.8402777777777778 0.6541666666666667 0.8472222222222222 0.6541666666666667 0.8576388888888888 0.6458333333333334 0.8645833333333334 0.6319444444444444 0.859375 0.6305555555555555 0.8524305555555556 0.6375 0.84375 0.6472222222222223 0.8402777777777778
0 0.6569444444444444 0.4947916666666667 0.6680555555555555 0.5017361111111112 0.675 0.5104166666666666 0.675 0.5190972222222222 0.6722222222222223 0.5225694444444444 0.6638888888888889 0.5225694444444444 0.6541666666666667 0.515625 0.6458333333333334 0.515625 0.6430555555555556 0.5121527777777778 0.6416666666666667 0.4947916666666667 0.6486111111111111 0.4913194444444444 0.6555555555555556 0.4947916666666667
0 0.8763888888888889 0.8446180555555556 0.027777777777777776 0.043402777777777776
0 0.8375 0.9652777777777778 0.8444444444444444 0.9635416666666666 0.8513888888888889 0.9722222222222222 0.85 0.9878472222222222 0.8458333333333333 0.9982638888888888 0.8319444444444445 0.9982638888888888 0.8319444444444445 0.9895833333333334 0.8375 0.9670138888888888
0 0.8430555555555556 0.057291666666666664 0.8486111111111111 0.0642361111111111 0.85 0.06944444444444445 0.8486111111111111 0.08854166666666667 0.8444444444444444 0.0954861111111111 0.8388888888888889 0.0954861111111111 0.8333333333333334 0.0920138888888889 0.8277777777777777 0.08506944444444445 0.8263888888888888 0.0798611111111111 0.8277777777777777 0.0642361111111111 0.8347222222222223 0.057291666666666664 0.8416666666666667 0.057291666666666664
0 0.8756944444444444 0.9748263888888888 0.018055555555555554 0.043402777777777776
0 0.9416666666666667 0.6701388888888888 0.9444444444444444 0.6788194444444444 0.9430555555555555 0.6927083333333334 0.9402777777777778 0.6944444444444444 0.9263888888888889 0.6927083333333334 0.9263888888888889 0.6857638888888888 0.9319444444444445 0.6770833333333334 0.9402777777777778 0.671875
0 0.5708333333333333 0.9340277777777778 0.5763888888888888 0.9409722222222222 0.5763888888888888 0.9496527777777778 0.5736111111111111 0.953125 0.5652777777777778 0.9513888888888888 0.5652777777777778 0.9375 0.5694444444444444 0.9340277777777778
0 0.8611111111111112 0.8055555555555556 0.8652777777777778 0.8090277777777778 0.8652777777777778 0.8177083333333334 0.8625 0.8211805555555556 0.8583333333333333 0.8211805555555556 0.8527777777777777 0.8315972222222222 0.8444444444444444 0.8315972222222222 0.8388888888888889 0.828125 0.8375 0.8142361111111112 0.8416666666666667 0.8090277777777778 0.8513888888888889 0.8038194444444444 0.8597222222222223 0.8055555555555556
0 0.8236111111111111 0 0.8333333333333334 0 0.8333333333333334 0.010416666666666666 0.8305555555555556 0.012152777777777778 0.8236111111111111 0.008680555555555556 0.8236111111111111 0.001736111111111111
0 0.28194444444444444 0.5972222222222222 0.2847222222222222 0.6284722222222222 0.2777777777777778 0.6440972222222222 0.2652777777777778 0.6354166666666666 0.2652777777777778 0.6128472222222222 0.26666666666666666 0.6059027777777778 0.2722222222222222 0.5989583333333334 0.2777777777777778 0.5954861111111112 0.28055555555555556 0.5972222222222222
0 0.17569444444444443 0.8029513888888888 0.015277777777777777 0.022569444444444444
0 0.04027777777777778 0.8472222222222222 0.05 0.8472222222222222 0.05138888888888889 0.8506944444444444 0.05 0.8559027777777778 0.04027777777777778 0.8576388888888888 0.03888888888888889 0.8541666666666666 0.04027777777777778 0.8489583333333334
0 0.6416666666666667 0.5642361111111112 0.019444444444444445 0.03819444444444445
0 0.32916666666666666 0.6927083333333334 0.33194444444444443 0.7013888888888888 0.3277777777777778 0.7065972222222222 0.30972222222222223 0.7048611111111112 0.30972222222222223 0.6996527777777778 0.3125 0.6961805555555556 0.3277777777777778 0.6927083333333334