0 0.26944444444444443 0.10416666666666667 0.2722222222222222 0.109375 0.2722222222222222 0.12152777777777778 0.26944444444444443 0.1267361111111111 0.25555555555555554 0.13368055555555555 0.2513888888888889 0.13194444444444445 0.25 0.1284722222222222 0.25277777777777777 0.109375 0.25972222222222224 0.10243055555555555 0.26805555555555555 0.10416666666666667
0 0.41041666666666665 0.4157986111111111 0.020833333333333332 0.026041666666666668
0 0.125 0.125 0.12916666666666668 0.13020833333333334 0.13194444444444445 0.140625 0.13055555555555556 0.14756944444444445 0.12638888888888888 0.15104166666666666 0.11805555555555555 0.15104166666666666 0.11527777777777778 0.14756944444444445 0.11666666666666667 0.1267361111111111 0.12083333333333333 0.1232638888888889 0.12361111111111112 0.125
0 0.8361111111111111 0.04513888888888889 0.8416666666666667 0.052083333333333336 0.8361111111111111 0.0642361111111111 0.8305555555555556 0.06944444444444445 0.8236111111111111 0.06770833333333333 0.8222222222222222 0.05381944444444445 0.8277777777777777 0.04513888888888889 0.8347222222222223 0.04513888888888889
0 0.6263888888888889 0.006944444444444444 0.6416666666666667 0.013888888888888888 0.6416666666666667 0.019097222222222224 0.6236111111111111 0.029513888888888888 0.6138888888888889 0.027777777777777776 0.6111111111111112 0.024305555555555556 0.6097222222222223 0.013888888888888888 0.6125 0.006944444444444444 0.625 0.006944444444444444
0 0.5944444444444444 0.4322916666666667 0.5986111111111111 0.4409722222222222 0.5986111111111111 0.4618055555555556 0.5958333333333333 0.4670138888888889 0.5902777777777778 0.4670138888888889 0.5875 0.4618055555555556 0.5875 0.4392361111111111 0.5930555555555556 0.4322916666666667
0 0.6652777777777777 0.5277777777777778 0.6666666666666666 0.5434027777777778 0.6611111111111111 0.5503472222222222 0.6569444444444444 0.5503472222222222 0.6527777777777778 0.546875 0.6513888888888889 0.5329861111111112 0.6555555555555556 0.5260416666666666 0.6638888888888889 0.5277777777777778
0 0.05 0.8819444444444444 0.059722222222222225 0.8923611111111112 0.0625 0.8993055555555556 0.06388888888888888 0.9114583333333334 0.059722222222222225 0.9166666666666666 0.05277777777777778 0.9166666666666666 0.04722222222222222 0.9097222222222222 0.044444444444444446 0.8819444444444444 0.04583333333333333 0.8802083333333334 0.04861111111111111 0.8819444444444444
0 0.5263888888888889 0.78125 0.5277777777777778 0.7847222222222222 0.5263888888888889 0.7934027777777778 0.5236111111111111 0.8003472222222222 0.5194444444444445 0.8038194444444444 0.5083333333333333 0.8020833333333334 0.5083333333333333 0.7864583333333334 0.5166666666666667 0.7795138888888888 0.525 0.78125
0 0.575 0.7916666666666666 0.5777777777777777 0.7899305555555556 0.5888888888888889 0.7916666666666666 0.5944444444444444 0.8020833333333334 0.5944444444444444 0.8090277777777778 0.5916666666666667 0.8125 0.5805555555555556 0.8142361111111112 0.575 0.8090277777777778 0.5736111111111111 0.8038194444444444 0.575 0.7934027777777778
0 0.8819444444444444 0.5381944444444444 0.8930555555555556 0.5486111111111112 0.8958333333333334 0.5555555555555556 0.8958333333333334 0.5694444444444444 0.8930555555555556 0.5729166666666666 0.8861111111111111 0.5729166666666666 0.8791666666666667 0.5642361111111112 0.8791666666666667 0.5399305555555556 0.8805555555555555 0.5399305555555556
0 0.9458333333333333 0.1267361111111111 0.9472222222222222 0.1527777777777778 0.9416666666666667 0.16319444444444445 0.9375 0.16319444444444445 0.9347222222222222 0.1597222222222222 0.9333333333333333 0.1440972222222222 0.9375 0.13368055555555555 0.9444444444444444 0.1267361111111111
0 0.6611111111111111 0.8385416666666666 0.6652777777777777 0.8454861111111112 0.6652777777777777 0.8524305555555556 0.6611111111111111 0.859375 0.6569444444444444 0.8611111111111112 0.6444444444444445 0.8559027777777778 0.6430555555555556 0.8506944444444444 0.6458333333333334 0.84375 0.65 0.8402777777777778 0.6597222222222222 0.8385416666666666
0 0.22083333333333333 0.7465277777777778 0.22777777777777777 0.75 0.22916666666666666 0.7534722222222222 0.21805555555555556 0.7690972222222222 0.21388888888888888 0.7708333333333334 0.20694444444444443 0.7690972222222222 0.20277777777777778 0.7621527777777778 0.20277777777777778 0.7569444444444444 0.20972222222222223 0.7482638888888888 0.21944444444444444 0.7465277777777778
0 0.7125 0.4392361111111111 0.7166666666666667 0.4409722222222222 0.7222222222222222 0.4496527777777778 0.7222222222222222 0.4600694444444444 0.7194444444444444 0.4635416666666667 0.7125 0.4635416666666667 0.7069444444444445 0.4600694444444444 0.7 0.4461805555555556 0.7013888888888888 0.4392361111111111 0.7111111111111111 0.4392361111111111
0 0.8555555555555555 0.4444444444444444 0.8680555555555556 0.4479166666666667 0.8763888888888889 0.4565972222222222 0.8763888888888889 0.4704861111111111 0.8722222222222222 0.4739583333333333 0.8680555555555556 0.4739583333333333 0.8625 0.46875 0.8583333333333333 0.4600694444444444 0.8541666666666666 0.4479166666666667 0.8555555555555555 0.4461805555555556
0 0.8513888888888889 0.052083333333333336 0.8597222222222223 0.0625 0.8583333333333333 0.08159722222222222 0.8555555555555555 0.08854166666666667 0.8513888888888889 0.0920138888888889 0.8430555555555556 0.08854166666666667 0.8375 0.08159722222222222 0.8361111111111111 0.07291666666666667 0.8361111111111111 0.0642361111111111 0.8402777777777778 0.05555555555555555 0.85 0.052083333333333336
0 0.7263888888888889 0.22569444444444445 0.7333333333333333 0.22569444444444445 0.7444444444444445 0.23958333333333334 0.7472222222222222 0.25 0.7458333333333333 0.2638888888888889 0.7430555555555556 0.2673611111111111 0.7361111111111112 0.265625 0.725 0.25 0.7263888888888889 0.22743055555555555
0 0.1986111111111111 0.6354166666666666 0.20972222222222223 0.6267361111111112 0.22916666666666666 0.625 0.22916666666666666 0.6284722222222222 0.21666666666666667 0.6458333333333334 0.20555555555555555 0.6527777777777778 0.1986111111111111 0.6527777777777778 0.19583333333333333 0.6493055555555556 0.19583333333333333 0.640625 0.1986111111111111 0.6371527777777778
0 0.3486111111111111 0.9713541666666666 0.013888888888888888 0.026041666666666668
0 0.9388888888888889 0.7065972222222222 0.013888888888888888 0.04861111111111111
0 0.6569444444444444 0.4895833333333333 0.6763888888888889 0.5017361111111112 0.6805555555555556 0.5086805555555556 0.6819444444444445 0.5190972222222222 0.6777777777777778 0.5225694444444444 0.6736111111111112 0.5225694444444444 0.6611111111111111 0.515625 0.6541666666666667 0.515625 0.65 0.5086805555555556 0.6486111111111111 0.4965277777777778 0.65 0.4930555555555556 0.6555555555555556 0.4913194444444444
0 0.8847222222222222 0.9583333333333334 0.8875 0.9756944444444444 0.8861111111111111 0.9878472222222222 0.8833333333333333 0.9947916666666666 0.8777777777777778 0.9965277777777778 0.8680555555555556 0.9947916666666666 0.8680555555555556 0.9809027777777778 0.8722222222222222 0.9635416666666666 0.8763888888888889 0.9583333333333334 0.8833333333333333 0.9583333333333334
0 0.5666666666666667 0.9340277777777778 0.5722222222222222 0.9340277777777778 0.5763888888888888 0.9409722222222222 0.5763888888888888 0.9496527777777778 0.5736111111111111 0.953125 0.5666666666666667 0.953125 0.5652777777777778 0.9496527777777778 0.5666666666666667 0.9357638888888888
0 0.8902777777777777 0.828125 0.8944444444444445 0.8333333333333334 0.8958333333333334 0.8472222222222222 0.8944444444444445 0.859375 0.8916666666666667 0.8663194444444444 0.8861111111111111 0.8715277777777778 0.8791666666666667 0.8715277777777778 0.8694444444444445 0.8628472222222222 0.8680555555555556 0.84375 0.8708333333333333 0.8368055555555556 0.8777777777777778 0.8298611111111112 0.8861111111111111 0.8263888888888888 0.8888888888888888 0.828125
0 0.35833333333333334 0.9305555555555556 0.3625 0.9357638888888888 0.36527777777777776 0.9461805555555556 0.36666666666666664 0.9583333333333334 0.36527777777777776 0.9635416666666666 0.3625 0.9652777777777778 0.35694444444444445 0.9652777777777778 0.34444444444444444 0.9513888888888888 0.34444444444444444 0.9340277777777778 0.35138888888888886 0.9288194444444444 0.35694444444444445 0.9305555555555556
0 0.65 0.5434027777777778 0.6527777777777778 0.5503472222222222 0.6513888888888889 0.5677083333333334 0.6486111111111111 0.578125 0.6402777777777777 0.5850694444444444 0.6333333333333333 0.5798611111111112 0.6319444444444444 0.5659722222222222 0.6361111111111111 0.5538194444444444 0.6444444444444445 0.5434027777777778 0.6486111111111111 0.5434027777777778