0 0.47291666666666665 0.9079861111111112 0.020833333333333332 0.024305555555555556
0 0.44027777777777777 0.640625 0.4444444444444444 0.6493055555555556 0.4444444444444444 0.6631944444444444 0.44027777777777777 0.671875 0.43472222222222223 0.671875 0.43194444444444446 0.6666666666666666 0.43194444444444446 0.6493055555555556 0.4388888888888889 0.640625
0 0.3034722222222222 0.7838541666666666 0.0125 0.03993055555555555
0 0.1111111111111111 0.6041666666666666 0.11388888888888889 0.6076388888888888 0.11388888888888889 0.6197916666666666 0.10833333333333334 0.6267361111111112 0.09166666666666666 0.6336805555555556 0.08055555555555556 0.6336805555555556 0.07916666666666666 0.6319444444444444 0.08055555555555556 0.625 0.09305555555555556 0.6111111111111112 0.10138888888888889 0.6059027777777778 0.10972222222222222 0.6041666666666666
0 0.7041666666666667 0.8975694444444444 0.7083333333333334 0.9027777777777778 0.7111111111111111 0.9131944444444444 0.7111111111111111 0.921875 0.7083333333333334 0.9270833333333334 0.7027777777777777 0.9270833333333334 0.6972222222222222 0.9236111111111112 0.6916666666666667 0.9131944444444444 0.6930555555555555 0.8993055555555556 0.6972222222222222 0.8958333333333334 0.7027777777777777 0.8975694444444444
0 0.7027777777777777 0.3229166666666667 0.7055555555555556 0.3211805555555556 0.7125 0.3229166666666667 0.7166666666666667 0.3333333333333333 0.7138888888888889 0.3454861111111111 0.7069444444444445 0.3541666666666667 0.7027777777777777 0.3541666666666667 0.7 0.3402777777777778 0.7027777777777777 0.3246527777777778
0 0.21666666666666667 0.5989583333333334 0.22083333333333333 0.6006944444444444 0.2263888888888889 0.6076388888888888 0.2263888888888889 0.6180555555555556 0.22083333333333333 0.6215277777777778 0.2111111111111111 0.6197916666666666 0.20416666666666666 0.6076388888888888 0.20555555555555555 0.5989583333333334 0.2152777777777778 0.5989583333333334
0 0.8138888888888889 0.5642361111111112 0.8180555555555555 0.5659722222222222 0.8222222222222222 0.5729166666666666 0.8236111111111111 0.578125 0.8222222222222222 0.5868055555555556 0.8097222222222222 0.5868055555555556 0.8041666666666667 0.5815972222222222 0.8027777777777778 0.5677083333333334 0.8125 0.5642361111111112
0 0.44583333333333336 0.7274305555555556 0.4486111111111111 0.734375 0.4486111111111111 0.7447916666666666 0.44722222222222224 0.75 0.44027777777777777 0.7552083333333334 0.43333333333333335 0.7517361111111112 0.43194444444444446 0.7413194444444444 0.43333333333333335 0.734375 0.4375 0.7291666666666666 0.4444444444444444 0.7274305555555556
0 0.48680555555555555 0.75 0.020833333333333332 0.020833333333333332
0 0.07430555555555556 0.7274305555555556 0.015277777777777777 0.03819444444444445
0 0.9111111111111111 0.3506944444444444 0.9152777777777777 0.3541666666666667 0.9152777777777777 0.3663194444444444 0.9083333333333333 0.3715277777777778 0.8972222222222223 0.3697916666666667 0.8958333333333334 0.3628472222222222 0.9027777777777778 0.3524305555555556 0.9097222222222222 0.3506944444444444
0 0.8611111111111112 0.5572916666666666 0.8597222222222223 0.5538194444444444 0.8611111111111112 0.5451388888888888 0.8777777777777778 0.5347222222222222 0.8833333333333333 0.5364583333333334 0.8847222222222222 0.5520833333333334 0.8763888888888889 0.5590277777777778 0.8625 0.5572916666666666
0 0.5888888888888889 0.46875 0.5944444444444444 0.4704861111111111 0.5986111111111111 0.4791666666666667 0.6 0.4895833333333333 0.5972222222222222 0.4965277777777778 0.5847222222222223 0.4965277777777778 0.5763888888888888 0.4861111111111111 0.575 0.4722222222222222 0.5777777777777777 0.46875 0.5875 0.46875
0 0.5833333333333334 0.5260416666666666 0.5916666666666667 0.5295138888888888 0.5916666666666667 0.5347222222222222 0.5819444444444445 0.5416666666666666 0.5680555555555555 0.5416666666666666 0.5652777777777778 0.5381944444444444 0.5652777777777778 0.5277777777777778 0.5680555555555555 0.5243055555555556 0.5819444444444445 0.5260416666666666
0 0.8486111111111111 0.2881944444444444 0.8555555555555555 0.3038194444444444 0.8555555555555555 0.3159722222222222 0.85 0.3229166666666667 0.8458333333333333 0.3211805555555556 0.8416666666666667 0.3125 0.8416666666666667 0.2986111111111111 0.8444444444444444 0.2899305555555556 0.8472222222222222 0.2881944444444444
0 0.8444444444444444 0.5208333333333334 0.85 0.5243055555555556 0.8527777777777777 0.53125 0.8527777777777777 0.546875 0.8458333333333333 0.5503472222222222 0.8430555555555556 0.5572916666666666 0.8347222222222223 0.5572916666666666 0.8277777777777777 0.5520833333333334 0.825 0.546875 0.8263888888888888 0.53125 0.8305555555555556 0.5260416666666666 0.8430555555555556 0.5208333333333334
0 0.4625 0.9756944444444444 0.4666666666666667 0.9791666666666666 0.4652777777777778 0.9965277777777778 0.4638888888888889 0.9982638888888888 0.4444444444444444 0.9982638888888888 0.44305555555555554 0.9947916666666666 0.4444444444444444 0.984375 0.4486111111111111 0.9791666666666666 0.46111111111111114 0.9774305555555556
0 0.3236111111111111 0.13020833333333334 0.325 0.1423611111111111 0.3194444444444444 0.171875 0.31805555555555554 0.1736111111111111 0.30833333333333335 0.171875 0.3055555555555556 0.16493055555555555 0.3055555555555556 0.1579861111111111 0.3138888888888889 0.1388888888888889 0.32222222222222224 0.13194444444444445
0 0.24722222222222223 0.14583333333333334 0.24583333333333332 0.13541666666666666 0.24861111111111112 0.1284722222222222 0.25416666666666665 0.125 0.2611111111111111 0.1284722222222222 0.2611111111111111 0.1371527777777778 0.25555555555555554 0.14583333333333334 0.25277777777777777 0.14756944444444445 0.24861111111111112 0.14583333333333334
0 0.8527777777777777 0.5434027777777778 0.8555555555555555 0.546875 0.8555555555555555 0.5590277777777778 0.85 0.5642361111111112 0.8444444444444444 0.5642361111111112 0.8416666666666667 0.5607638888888888 0.8416666666666667 0.5520833333333334 0.8472222222222222 0.5451388888888888 0.8513888888888889 0.5434027777777778
0 0.4652777777777778 0.7135416666666666 0.4708333333333333 0.7204861111111112 0.4708333333333333 0.7413194444444444 0.4652777777777778 0.7552083333333334 0.4625 0.7569444444444444 0.4527777777777778 0.7552083333333334 0.45 0.7482638888888888 0.4486111111111111 0.7204861111111112 0.45555555555555555 0.7118055555555556 0.4638888888888889 0.7135416666666666