0 0.14166666666666666 0.5868055555555556 0.14444444444444443 0.5902777777777778 0.14583333333333334 0.6006944444444444 0.1375 0.6076388888888888 0.13055555555555556 0.6076388888888888 0.11666666666666667 0.6024305555555556 0.1125 0.5972222222222222 0.1125 0.5920138888888888 0.11527777777777778 0.5885416666666666 0.12638888888888888 0.5850694444444444 0.14027777777777778 0.5868055555555556
0 0.4791666666666667 0.8975694444444444 0.48333333333333334 0.9045138888888888 0.4791666666666667 0.9149305555555556 0.475 0.9184027777777778 0.4652777777777778 0.9184027777777778 0.4625 0.9149305555555556 0.4625 0.90625 0.46805555555555556 0.8975694444444444 0.4722222222222222 0.8958333333333334 0.4777777777777778 0.8975694444444444
0 0.2569444444444444 0.1831597222222222 0.025 0.022569444444444444
0 0.9076388888888889 0.3611111111111111 0.020833333333333332 0.020833333333333332
0 0.23333333333333334 0.6041666666666666 0.2375 0.6163194444444444 0.2361111111111111 0.6215277777777778 0.23333333333333334 0.6232638888888888 0.22361111111111112 0.6215277777777778 0.21944444444444444 0.6163194444444444 0.21666666666666667 0.6059027777777778 0.21944444444444444 0.6006944444444444 0.2263888888888889 0.6006944444444444 0.23194444444444445 0.6041666666666666
0 0.3173611111111111 0.7803819444444444 0.0125 0.036458333333333336
0 0.8666666666666667 0.5208333333333334 0.8708333333333333 0.5260416666666666 0.8694444444444445 0.5399305555555556 0.8555555555555555 0.5520833333333334 0.8486111111111111 0.5503472222222222 0.8430555555555556 0.5451388888888888 0.8416666666666667 0.5295138888888888 0.8444444444444444 0.5243055555555556 0.8513888888888889 0.5190972222222222 0.8652777777777778 0.5208333333333334
0 0.4409722222222222 0.7352430555555556 0.018055555555555554 0.026041666666666668
0 0.5111111111111111 0.5815972222222222 0.5152777777777777 0.5850694444444444 0.5152777777777777 0.5920138888888888 0.5069444444444444 0.6006944444444444 0.5 0.6006944444444444 0.49444444444444446 0.5972222222222222 0.4930555555555556 0.5850694444444444 0.5041666666666667 0.5798611111111112 0.5097222222222222 0.5815972222222222
0 0.7083333333333334 0.8958333333333334 0.7166666666666667 0.90625 0.7166666666666667 0.9236111111111112 0.7138888888888889 0.9253472222222222 0.7069444444444445 0.921875 0.7013888888888888 0.9131944444444444 0.7013888888888888 0.9010416666666666 0.7027777777777777 0.8975694444444444 0.7069444444444445 0.8958333333333334
0 0.48333333333333334 0.9652777777777778 0.4847222222222222 0.9670138888888888 0.48333333333333334 0.9774305555555556 0.4708333333333333 0.9913194444444444 0.4638888888888889 0.9913194444444444 0.46111111111111114 0.9878472222222222 0.4597222222222222 0.9826388888888888 0.46111111111111114 0.9739583333333334 0.4666666666666667 0.96875 0.4722222222222222 0.96875 0.4791666666666667 0.9635416666666666 0.48194444444444445 0.9652777777777778
0 0.5930555555555556 0.4756944444444444 0.6 0.4878472222222222 0.6 0.4965277777777778 0.5888888888888889 0.4965277777777778 0.5819444444444445 0.4895833333333333 0.5777777777777777 0.4791666666666667 0.5777777777777777 0.4739583333333333 0.5805555555555556 0.4704861111111111 0.5847222222222223 0.4704861111111111 0.5916666666666667 0.4756944444444444
0 0.7569444444444444 0.5173611111111112 0.7597222222222222 0.5243055555555556 0.75 0.5364583333333334 0.7402777777777778 0.5347222222222222 0.7402777777777778 0.5225694444444444 0.7472222222222222 0.515625 0.7555555555555555 0.5173611111111112
0 0.7152777777777778 0.2569444444444444 0.7236111111111111 0.2638888888888889 0.7277777777777777 0.2690972222222222 0.7277777777777777 0.2725694444444444 0.7055555555555556 0.28125 0.7 0.28125 0.6972222222222222 0.2777777777777778 0.6958333333333333 0.2690972222222222 0.7013888888888888 0.2586805555555556 0.7138888888888889 0.2569444444444444
0 0.42777777777777776 0.05555555555555555 0.4388888888888889 0.06076388888888889 0.4444444444444444 0.06770833333333333 0.44583333333333336 0.08159722222222222 0.4375 0.08680555555555555 0.4305555555555556 0.08506944444444445 0.4236111111111111 0.07291666666666667 0.4236111111111111 0.059027777777777776 0.4263888888888889 0.057291666666666664
0 0.8513888888888889 0.2934027777777778 0.8555555555555555 0.3020833333333333 0.8555555555555555 0.3142361111111111 0.8513888888888889 0.3211805555555556 0.8472222222222222 0.3194444444444444 0.8430555555555556 0.3125 0.8430555555555556 0.2986111111111111 0.8458333333333333 0.2934027777777778 0.85 0.2934027777777778
0 0.4909722222222222 0.7508680555555556 0.020833333333333332 0.022569444444444444
0 0.44583333333333336 0.6354166666666666 0.4527777777777778 0.6354166666666666 0.45694444444444443 0.6475694444444444 0.45416666666666666 0.6614583333333334 0.4513888888888889 0.6649305555555556 0.44583333333333336 0.6649305555555556 0.44166666666666665 0.6579861111111112 0.44166666666666665 0.6458333333333334 0.44583333333333336 0.6371527777777778
0 0.8819444444444444 0.5381944444444444 0.8847222222222222 0.5434027777777778 0.8847222222222222 0.5503472222222222 0.8791666666666667 0.5572916666666666 0.8666666666666667 0.5625 0.8583333333333333 0.5607638888888888 0.8541666666666666 0.5520833333333334 0.8736111111111111 0.5381944444444444 0.8805555555555555 0.5381944444444444
0 0.4625 0.7083333333333334 0.4708333333333333 0.71875 0.4708333333333333 0.7395833333333334 0.4625 0.7534722222222222 0.4527777777777778 0.7517361111111112 0.44722222222222224 0.7256944444444444 0.4513888888888889 0.7118055555555556 0.45416666666666666 0.7083333333333334 0.46111111111111114 0.7083333333333334
0 0.2569444444444444 0.1267361111111111 0.25972222222222224 0.13020833333333334 0.25972222222222224 0.140625 0.25555555555555554 0.14756944444444445 0.24861111111111112 0.14756944444444445 0.24583333333333332 0.140625 0.24722222222222223 0.13020833333333334 0.2513888888888889 0.1267361111111111 0.25555555555555554 0.1267361111111111
0 0.2388888888888889 0.4809027777777778 0.24583333333333332 0.4878472222222222 0.24722222222222223 0.5104166666666666 0.24027777777777778 0.5225694444444444 0.23472222222222222 0.5243055555555556 0.225 0.5225694444444444 0.21805555555555556 0.5138888888888888 0.21666666666666667 0.4965277777777778 0.2222222222222222 0.4826388888888889 0.22916666666666666 0.4791666666666667 0.2375 0.4809027777777778
0 0.3375 0.5086805555555556 0.34444444444444444 0.5295138888888888 0.34305555555555556 0.5347222222222222 0.3388888888888889 0.5381944444444444 0.3263888888888889 0.5364583333333334 0.32222222222222224 0.5329861111111112 0.3194444444444444 0.5260416666666666 0.3194444444444444 0.5138888888888888 0.3236111111111111 0.5069444444444444 0.3277777777777778 0.5034722222222222 0.33194444444444443 0.5034722222222222 0.33611111111111114 0.5086805555555556
0 0.8152777777777778 0.8854166666666666 0.8194444444444444 0.890625 0.8208333333333333 0.8993055555555556 0.8138888888888889 0.9079861111111112 0.8069444444444445 0.90625 0.8027777777777778 0.8993055555555556 0.8055555555555556 0.8888888888888888 0.8097222222222222 0.8854166666666666 0.8138888888888889 0.8854166666666666
0 0.9263888888888889 0.1111111111111111 0.9319444444444445 0.12152777777777778 0.9319444444444445 0.13541666666666666 0.9277777777777778 0.1440972222222222 0.9208333333333333 0.1440972222222222 0.9166666666666666 0.1371527777777778 0.9152777777777777 0.11458333333333333 0.9180555555555555 0.1111111111111111 0.925 0.1111111111111111
0 0.7916666666666666 0.3680555555555556 0.7944444444444444 0.3732638888888889 0.7944444444444444 0.390625 0.7861111111111111 0.3958333333333333 0.7819444444444444 0.3940972222222222 0.7791666666666667 0.3888888888888889 0.7791666666666667 0.3767361111111111 0.7833333333333333 0.3680555555555556 0.7902777777777777 0.3680555555555556
0 0.42916666666666664 0.7309027777777778 0.4305555555555556 0.7413194444444444 0.4263888888888889 0.7447916666666666 0.42083333333333334 0.7430555555555556 0.41805555555555557 0.7309027777777778 0.41944444444444445 0.7291666666666666 0.42777777777777776 0.7309027777777778
0 0.1986111111111111 0.75 0.20833333333333334 0.7482638888888888 0.20972222222222223 0.7517361111111112 0.20972222222222223 0.7569444444444444 0.20555555555555555 0.7638888888888888 0.1986111111111111 0.7621527777777778 0.19722222222222222 0.7569444444444444 0.1986111111111111 0.7517361111111112
0 0.4513888888888889 0.024305555555555556 0.45694444444444443 0.020833333333333332 0.4638888888888889 0.020833333333333332 0.46944444444444444 0.027777777777777776 0.4708333333333333 0.03819444444444445 0.4652777777777778 0.050347222222222224 0.4597222222222222 0.052083333333333336 0.4527777777777778 0.050347222222222224 0.4486111111111111 0.03993055555555555 0.4486111111111111 0.03125 0.4513888888888889 0.026041666666666668
0 0.7694444444444445 0.3645833333333333 0.7680555555555556 0.3489583333333333 0.7722222222222223 0.3454861111111111 0.7819444444444444 0.3489583333333333 0.7833333333333333 0.3524305555555556 0.7819444444444444 0.359375 0.7847222222222222 0.3663194444444444 0.7791666666666667 0.3715277777777778 0.7708333333333334 0.3645833333333333
0 0.08958333333333333 0.7664930555555556 0.015277777777777777 0.015625
0 0.7916666666666666 0.4826388888888889 0.8069444444444445 0.4809027777777778 0.8111111111111111 0.4861111111111111 0.8097222222222222 0.4878472222222222 0.8041666666666667 0.4861111111111111 0.7986111111111112 0.4982638888888889 0.7902777777777777 0.5 0.7888888888888889 0.4878472222222222 0.7916666666666666 0.484375
0 0.4777777777777778 0.8654513888888888 0.011111111111111112 0.015625
0 0.8208333333333333 0.84375 0.825 0.8559027777777778 0.8236111111111111 0.8628472222222222 0.8194444444444444 0.8715277777777778 0.8138888888888889 0.8732638888888888 0.8111111111111111 0.8784722222222222 0.8097222222222222 0.8784722222222222 0.8083333333333333 0.8541666666666666 0.8166666666666667 0.8420138888888888 0.8194444444444444 0.84375
0 0.24444444444444444 0.8663194444444444 0.24861111111111112 0.8715277777777778 0.24583333333333332 0.8836805555555556 0.24722222222222223 0.8888888888888888 0.24444444444444444 0.8958333333333334 0.23055555555555557 0.8958333333333334 0.2263888888888889 0.890625 0.22777777777777777 0.8732638888888888 0.2375 0.8715277777777778 0.24305555555555555 0.8663194444444444
0 0.4263888888888889 0.9670138888888888 0.43333333333333335 0.9756944444444444 0.43194444444444446 0.9861111111111112 0.42916666666666664 0.9895833333333334 0.42083333333333334 0.9791666666666666 0.42083333333333334 0.9722222222222222 0.425 0.9670138888888888