0 0.4097222222222222 0.4131944444444444 0.022222222222222223 0.024305555555555556
0 0.25972222222222224 0.11805555555555555 0.019444444444444445 0.027777777777777776
0 0.6611111111111111 0.5243055555555556 0.6666666666666666 0.53125 0.6666666666666666 0.5399305555555556 0.6611111111111111 0.5486111111111112 0.6541666666666667 0.5486111111111112 0.65 0.5434027777777778 0.65 0.5347222222222222 0.6527777777777778 0.5260416666666666 0.6597222222222222 0.5243055555555556
0 0.04583333333333333 0.8802083333333334 0.05277777777777778 0.8836805555555556 0.06111111111111111 0.8940972222222222 0.06388888888888888 0.9027777777777778 0.06388888888888888 0.9097222222222222 0.059722222222222225 0.9149305555555556 0.05 0.9131944444444444 0.043055555555555555 0.890625 0.04583333333333333 0.8819444444444444
0 0.5173611111111112 0.7925347222222222 0.020833333333333332 0.026041666666666668
0 0.5847222222222223 0.4322916666666667 0.5888888888888889 0.4357638888888889 0.5930555555555556 0.4496527777777778 0.5916666666666667 0.4600694444444444 0.5861111111111111 0.4670138888888889 0.5805555555555556 0.4635416666666667 0.5777777777777777 0.4479166666666667 0.5791666666666667 0.4357638888888889 0.5833333333333334 0.4322916666666667
0 0.5875 0.7916666666666666 0.5916666666666667 0.796875 0.5930555555555556 0.8055555555555556 0.5916666666666667 0.8107638888888888 0.5861111111111111 0.8142361111111112 0.5777777777777777 0.8125 0.5736111111111111 0.8072916666666666 0.5736111111111111 0.7951388888888888 0.5777777777777777 0.7899305555555556 0.5861111111111111 0.7916666666666666
0 0.8791666666666667 0.5416666666666666 0.8819444444444444 0.5399305555555556 0.8861111111111111 0.5416666666666666 0.8930555555555556 0.5503472222222222 0.8958333333333334 0.5590277777777778 0.8958333333333334 0.5659722222222222 0.8930555555555556 0.5729166666666666 0.8833333333333333 0.5711805555555556 0.8791666666666667 0.5625 0.8791666666666667 0.5434027777777778
0 0.6263888888888889 0.006944444444444444 0.6402777777777777 0.013888888888888888 0.6416666666666667 0.017361111111111112 0.6236111111111111 0.029513888888888888 0.6111111111111112 0.027777777777777776 0.6083333333333333 0.017361111111111112 0.6125 0.006944444444444444 0.625 0.006944444444444444
0 0.7111111111111111 0.4392361111111111 0.7152777777777778 0.4409722222222222 0.7222222222222222 0.4513888888888889 0.7222222222222222 0.4565972222222222 0.7194444444444444 0.4618055555555556 0.7083333333333334 0.4600694444444444 0.7013888888888888 0.4496527777777778 0.6986111111111111 0.4409722222222222 0.7097222222222223 0.4392361111111111
0 0.6583333333333333 0.8385416666666666 0.6638888888888889 0.84375 0.6638888888888889 0.8524305555555556 0.6569444444444444 0.8611111111111112 0.6472222222222223 0.859375 0.6430555555555556 0.8559027777777778 0.6430555555555556 0.8489583333333334 0.6458333333333334 0.84375 0.6527777777777778 0.8385416666666666 0.6569444444444444 0.8385416666666666
0 0.12638888888888888 0.125 0.13055555555555556 0.13368055555555555 0.13055555555555556 0.14583333333333334 0.125 0.15104166666666666 0.11944444444444445 0.15104166666666666 0.11527777777777778 0.14583333333333334 0.11388888888888889 0.1388888888888889 0.11527777777777778 0.1284722222222222 0.11944444444444445 0.1232638888888889 0.125 0.125
0 0.7354166666666667 0.2465277777777778 0.02361111111111111 0.041666666666666664
0 0.9361111111111111 0.6822916666666666 0.9388888888888889 0.6840277777777778 0.9444444444444444 0.6979166666666666 0.9444444444444444 0.7239583333333334 0.9416666666666667 0.7291666666666666 0.9333333333333333 0.7239583333333334 0.9291666666666667 0.7083333333333334 0.9291666666666667 0.6892361111111112 0.9347222222222222 0.6822916666666666
0 0.22361111111111112 0.75 0.2263888888888889 0.7534722222222222 0.2263888888888889 0.7586805555555556 0.2152777777777778 0.7708333333333334 0.20694444444444443 0.7690972222222222 0.20416666666666666 0.7638888888888888 0.20416666666666666 0.7569444444444444 0.2111111111111111 0.7482638888888888 0.2222222222222222 0.75
0 0.8541666666666666 0.4461805555555556 0.8569444444444444 0.4444444444444444 0.8652777777777778 0.4461805555555556 0.8736111111111111 0.4513888888888889 0.8777777777777778 0.4600694444444444 0.8763888888888889 0.4722222222222222 0.8680555555555556 0.4739583333333333 0.8625 0.46875 0.8541666666666666 0.4479166666666667
0 0.8472222222222222 0.050347222222222224 0.8513888888888889 0.052083333333333336 0.8583333333333333 0.0625 0.8583333333333333 0.0763888888888889 0.8527777777777777 0.09027777777777778 0.8472222222222222 0.09027777777777778 0.8277777777777777 0.07465277777777778 0.8277777777777777 0.06076388888888889 0.8305555555555556 0.05555555555555555 0.8388888888888889 0.050347222222222224 0.8458333333333333 0.050347222222222224
0 0.9458333333333333 0.11284722222222222 0.9486111111111111 0.11805555555555555 0.9486111111111111 0.125 0.9472222222222222 0.14756944444444445 0.9444444444444444 0.1597222222222222 0.9402777777777778 0.16493055555555555 0.9375 0.16493055555555555 0.9319444444444445 0.1545138888888889 0.9333333333333333 0.1388888888888889 0.9444444444444444 0.11458333333333333
0 0.6569444444444444 0.4895833333333333 0.6694444444444444 0.5 0.675 0.5017361111111112 0.6805555555555556 0.5086805555555556 0.6819444444444445 0.515625 0.6791666666666667 0.5208333333333334 0.675 0.5225694444444444 0.6638888888888889 0.515625 0.6541666666666667 0.515625 0.65 0.5104166666666666 0.6472222222222223 0.4982638888888889 0.6513888888888889 0.4913194444444444 0.6555555555555556 0.4895833333333333
0 0.35555555555555557 0.9288194444444444 0.3597222222222222 0.9357638888888888 0.36666666666666664 0.9635416666666666 0.36666666666666664 0.9774305555555556 0.3597222222222222 0.9826388888888888 0.3541666666666667 0.9826388888888888 0.35138888888888886 0.9791666666666666 0.35138888888888886 0.9652777777777778 0.3486111111111111 0.9548611111111112 0.3486111111111111 0.9322916666666666 0.35138888888888886 0.9270833333333334 0.3541666666666667 0.9288194444444444
0 0.22083333333333333 0.5972222222222222 0.22777777777777777 0.6006944444444444 0.23194444444444445 0.6059027777777778 0.23472222222222222 0.6111111111111112 0.23333333333333334 0.6180555555555556 0.2111111111111111 0.6180555555555556 0.20555555555555555 0.6128472222222222 0.20416666666666666 0.6024305555555556 0.20694444444444443 0.5989583333333334 0.21944444444444444 0.5972222222222222
0 0.8791666666666667 0.9565972222222222 0.8847222222222222 0.9600694444444444 0.8875 0.9739583333333334 0.8875 0.9826388888888888 0.8833333333333333 0.9930555555555556 0.8763888888888889 0.9965277777777778 0.8680555555555556 0.9947916666666666 0.8680555555555556 0.9791666666666666 0.875 0.9600694444444444 0.8777777777777778 0.9583333333333334
0 0.8875 0.8263888888888888 0.8944444444444445 0.8350694444444444 0.8944444444444445 0.8506944444444444 0.8902777777777777 0.8663194444444444 0.8833333333333333 0.8715277777777778 0.8736111111111111 0.8680555555555556 0.8680555555555556 0.8611111111111112 0.8666666666666667 0.8454861111111112 0.8722222222222222 0.8333333333333334 0.8819444444444444 0.8263888888888888 0.8861111111111111 0.8263888888888888
0 0.5736111111111111 0.9357638888888888 0.5763888888888888 0.9392361111111112 0.5763888888888888 0.9479166666666666 0.5722222222222222 0.953125 0.5652777777777778 0.953125 0.5625 0.9496527777777778 0.5652777777777778 0.9357638888888888 0.5666666666666667 0.9340277777777778 0.5722222222222222 0.9357638888888888
0 0.6416666666666667 0.5633680555555556 0.019444444444444445 0.03993055555555555
0 0.18055555555555555 0.8029513888888888 0.016666666666666666 0.026041666666666668