0 0.41805555555555557 0.3993055555555556 0.41944444444444445 0.4010416666666667 0.41805555555555557 0.4149305555555556 0.4152777777777778 0.421875 0.4111111111111111 0.4253472222222222 0.4 0.4236111111111111 0.39861111111111114 0.4166666666666667 0.4 0.4114583333333333 0.40555555555555556 0.4045138888888889 0.4125 0.3993055555555556 0.4166666666666667 0.3993055555555556
0 0.25416666666666665 0.1076388888888889 0.2638888888888889 0.10590277777777778 0.26805555555555555 0.1111111111111111 0.26805555555555555 0.125 0.25833333333333336 0.13194444444444445 0.2513888888888889 0.13194444444444445 0.25 0.11979166666666667 0.25416666666666665 0.109375
0 0.5805555555555556 0.453125 0.5791666666666667 0.4479166666666667 0.5805555555555556 0.4392361111111111 0.5902777777777778 0.4270833333333333 0.5958333333333333 0.4288194444444444 0.5944444444444444 0.4479166666666667 0.5875 0.4548611111111111 0.5819444444444445 0.453125
0 0.6638888888888889 0.5260416666666666 0.6666666666666666 0.5347222222222222 0.6652777777777777 0.5416666666666666 0.6625 0.546875 0.6583333333333333 0.5486111111111112 0.65 0.5416666666666666 0.65 0.5347222222222222 0.6541666666666667 0.5243055555555556 0.6625 0.5260416666666666
0 0.5173611111111112 0.7925347222222222 0.020833333333333332 0.026041666666666668
0 0.043055555555555555 0.8836805555555556 0.05 0.8854166666666666 0.059722222222222225 0.8993055555555556 0.059722222222222225 0.9114583333333334 0.05555555555555555 0.9166666666666666 0.05 0.9166666666666666 0.04583333333333333 0.9114583333333334 0.043055555555555555 0.9010416666666666 0.043055555555555555 0.8854166666666666
0 0.5833333333333334 0.7899305555555556 0.5916666666666667 0.796875 0.5916666666666667 0.8090277777777778 0.5875 0.8125 0.5791666666666667 0.8125 0.5763888888888888 0.8107638888888888 0.5736111111111111 0.8038194444444444 0.575 0.7916666666666666 0.5819444444444445 0.7899305555555556
0 0.8861111111111111 0.5564236111111112 0.016666666666666666 0.03298611111111111
0 0.12083333333333333 0.13802083333333334 0.013888888888888888 0.029513888888888888
0 0.6347222222222222 0.012152777777777778 0.6402777777777777 0.017361111111111112 0.6361111111111111 0.022569444444444444 0.6291666666666667 0.024305555555555556 0.6222222222222222 0.029513888888888888 0.6138888888888889 0.029513888888888888 0.6083333333333333 0.024305555555555556 0.6069444444444444 0.019097222222222224 0.6083333333333333 0.010416666666666666 0.6166666666666667 0.005208333333333333 0.6333333333333333 0.012152777777777778
0 0.6986111111111111 0.4409722222222222 0.7138888888888889 0.4409722222222222 0.7222222222222222 0.4496527777777778 0.7236111111111111 0.4548611111111111 0.7222222222222222 0.4600694444444444 0.7180555555555556 0.4635416666666667 0.7097222222222223 0.4618055555555556 0.6986111111111111 0.4427083333333333
0 0.35138888888888886 0.9253472222222222 0.3597222222222222 0.9409722222222222 0.35833333333333334 0.9496527777777778 0.3527777777777778 0.953125 0.34305555555555556 0.9513888888888888 0.3375 0.9427083333333334 0.3388888888888889 0.9322916666666666 0.34444444444444444 0.9253472222222222 0.3472222222222222 0.9236111111111112 0.35 0.9253472222222222
0 0.2152777777777778 0.7612847222222222 0.022222222222222223 0.019097222222222224
0 0.8347222222222223 0.026041666666666668 0.8361111111111111 0.027777777777777776 0.8347222222222223 0.03819444444444445 0.8277777777777777 0.052083333333333336 0.8208333333333333 0.050347222222222224 0.8194444444444444 0.036458333333333336 0.8263888888888888 0.026041666666666668 0.8333333333333334 0.026041666666666668
0 0.9277777777777778 0.7118055555555556 0.9305555555555556 0.6892361111111112 0.9347222222222222 0.6840277777777778 0.9388888888888889 0.6840277777777778 0.9430555555555555 0.6979166666666666 0.9416666666666667 0.7274305555555556 0.9402777777777778 0.7309027777777778 0.9347222222222222 0.7309027777777778 0.9291666666666667 0.7204861111111112 0.9291666666666667 0.7135416666666666
0 0.23055555555555557 0.6128472222222222 0.23333333333333334 0.6145833333333334 0.24305555555555555 0.6336805555555556 0.24305555555555555 0.6388888888888888 0.24027777777777778 0.640625 0.23194444444444445 0.6388888888888888 0.22083333333333333 0.6302083333333334 0.21805555555555556 0.6232638888888888 0.21944444444444444 0.6145833333333334 0.22361111111111112 0.6111111111111112 0.22916666666666666 0.6128472222222222
0 0.9416666666666667 0.1267361111111111 0.9444444444444444 0.13020833333333334 0.9458333333333333 0.140625 0.9416666666666667 0.1597222222222222 0.9388888888888889 0.16319444444444445 0.9347222222222222 0.16319444444444445 0.9319444444444445 0.1597222222222222 0.9305555555555556 0.15104166666666666 0.9305555555555556 0.1440972222222222 0.9333333333333333 0.1371527777777778 0.9402777777777778 0.1284722222222222
0 0.6402777777777777 0.8559027777777778 0.6416666666666667 0.8489583333333334 0.65 0.8402777777777778 0.6597222222222222 0.8402777777777778 0.6625 0.84375 0.6611111111111111 0.8559027777777778 0.6555555555555556 0.8611111111111112 0.6444444444444445 0.859375 0.6416666666666667 0.8559027777777778
0 0.8638888888888889 0.4444444444444444 0.8763888888888889 0.4565972222222222 0.8777777777777778 0.46875 0.8722222222222222 0.4739583333333333 0.8666666666666667 0.4722222222222222 0.8555555555555555 0.453125 0.8541666666666666 0.4461805555555556 0.8625 0.4444444444444444
0 0.7347222222222223 0.22569444444444445 0.7472222222222222 0.25 0.7472222222222222 0.2604166666666667 0.7444444444444445 0.265625 0.7402777777777778 0.2673611111111111 0.7333333333333333 0.2621527777777778 0.725 0.2465277777777778 0.725 0.2309027777777778 0.7263888888888889 0.22743055555555555 0.7333333333333333 0.22569444444444445
0 0.8763888888888889 0.9583333333333334 0.8833333333333333 0.9565972222222222 0.8861111111111111 0.9600694444444444 0.8875 0.96875 0.8875 0.9826388888888888 0.8847222222222222 0.9913194444444444 0.8819444444444444 0.9947916666666666 0.8736111111111111 0.9965277777777778 0.8680555555555556 0.9947916666666666 0.8680555555555556 0.9774305555555556 0.8763888888888889 0.9600694444444444
0 0.6625 0.4930555555555556 0.6791666666666667 0.5086805555555556 0.6777777777777778 0.5208333333333334 0.6708333333333333 0.5208333333333334 0.6638888888888889 0.515625 0.6569444444444444 0.515625 0.6486111111111111 0.5086805555555556 0.6472222222222223 0.4965277777777778 0.6527777777777778 0.4913194444444444 0.6611111111111111 0.4930555555555556
0 0.5736111111111111 0.9357638888888888 0.5763888888888888 0.9409722222222222 0.5763888888888888 0.9479166666666666 0.5722222222222222 0.953125 0.5652777777777778 0.953125 0.5625 0.9479166666666666 0.5638888888888889 0.9375 0.5722222222222222 0.9357638888888888
0 0.8861111111111111 0.8246527777777778 0.8902777777777777 0.8263888888888888 0.8930555555555556 0.8333333333333334 0.8930555555555556 0.859375 0.8861111111111111 0.8680555555555556 0.8777777777777778 0.8680555555555556 0.8722222222222222 0.8645833333333334 0.8666666666666667 0.8541666666666666 0.8666666666666667 0.8454861111111112 0.8708333333333333 0.8333333333333334 0.8847222222222222 0.8246527777777778
0 0.85 0.05381944444444445 0.8555555555555555 0.059027777777777776 0.8569444444444444 0.0642361111111111 0.8569444444444444 0.0763888888888889 0.8541666666666666 0.08506944444444445 0.85 0.09027777777777778 0.8402777777777778 0.08680555555555555 0.8347222222222223 0.078125 0.8347222222222223 0.0642361111111111 0.8375 0.057291666666666664 0.8416666666666667 0.05381944444444445 0.8486111111111111 0.05381944444444445
0 0.3277777777777778 0.6927083333333334 0.33055555555555555 0.6961805555555556 0.33055555555555555 0.7048611111111112 0.3277777777777778 0.7065972222222222 0.3111111111111111 0.7048611111111112 0.3111111111111111 0.6996527777777778 0.31527777777777777 0.6944444444444444 0.3263888888888889 0.6927083333333334
0 0.8680555555555556 0.8038194444444444 0.8722222222222222 0.8090277777777778 0.8722222222222222 0.8159722222222222 0.8666666666666667 0.8194444444444444 0.8625 0.8298611111111112 0.8597222222222223 0.8315972222222222 0.8458333333333333 0.8263888888888888 0.8444444444444444 0.8159722222222222 0.8486111111111111 0.8090277777777778 0.8583333333333333 0.8020833333333334 0.8666666666666667 0.8038194444444444
0 0.7416666666666667 0.08159722222222222 0.7472222222222222 0.08680555555555555 0.7472222222222222 0.09722222222222222 0.7444444444444445 0.10243055555555555 0.7388888888888889 0.10243055555555555 0.7333333333333333 0.0920138888888889 0.7333333333333333 0.08506944444444445 0.7402777777777778 0.08159722222222222
0 0.18333333333333332 0.7916666666666666 0.1875 0.7951388888888888 0.18888888888888888 0.8055555555555556 0.18611111111111112 0.8125 0.18194444444444444 0.8142361111111112 0.17916666666666667 0.8142361111111112 0.175 0.8090277777777778 0.17083333333333334 0.7986111111111112 0.175 0.7916666666666666 0.18194444444444444 0.7916666666666666
0 0.6472222222222223 0.5416666666666666 0.6527777777777778 0.5486111111111112 0.6513888888888889 0.5659722222222222 0.6472222222222223 0.578125 0.6388888888888888 0.5850694444444444 0.6347222222222222 0.5815972222222222 0.6319444444444444 0.5729166666666666 0.6319444444444444 0.5625 0.6347222222222222 0.5555555555555556 0.6416666666666667 0.5451388888888888 0.6458333333333334 0.5434027777777778
0 0.9486111111111111 0.6597222222222222 0.9541666666666667 0.6614583333333334 0.9541666666666667 0.6666666666666666 0.9513888888888888 0.6701388888888888 0.9458333333333333 0.6684027777777778 0.9486111111111111 0.6614583333333334
0 0.12361111111111112 0.515625 0.12916666666666668 0.5190972222222222 0.12916666666666668 0.5277777777777778 0.12361111111111112 0.5329861111111112 0.11805555555555555 0.5277777777777778 0.11805555555555555 0.5173611111111112 0.12222222222222222 0.515625
0 0.9416666666666667 0.8836805555555556 0.9444444444444444 0.890625 0.9402777777777778 0.8993055555555556 0.9347222222222222 0.8993055555555556 0.9319444444444445 0.8923611111111112 0.9361111111111111 0.8836805555555556 0.9402777777777778 0.8836805555555556
0 0.7166666666666667 0.4166666666666667 0.7194444444444444 0.4201388888888889 0.7194444444444444 0.4305555555555556 0.7138888888888889 0.4357638888888889 0.7083333333333334 0.4322916666666667 0.7069444444444445 0.421875 0.7111111111111111 0.4166666666666667 0.7152777777777778 0.4166666666666667
0 0.42916666666666664 0 0.44027777777777777 0 0.44027777777777777 0.005208333333333333 0.4375 0.008680555555555556 0.43194444444444446 0.006944444444444444 0.42916666666666664 0.001736111111111111
0 0.36527777777777776 0.2204861111111111 0.37083333333333335 0.22743055555555555 0.37083333333333335 0.2361111111111111 0.3680555555555556 0.24131944444444445 0.35555555555555557 0.2482638888888889 0.35 0.2465277777777778 0.3458333333333333 0.24131944444444445 0.34444444444444444 0.234375 0.3472222222222222 0.22743055555555555 0.3527777777777778 0.2222222222222222 0.3611111111111111 0.21875 0.3638888888888889 0.2204861111111111
0 0.875 0.484375 0.8777777777777778 0.4895833333333333 0.8777777777777778 0.4947916666666667 0.8763888888888889 0.4982638888888889 0.8722222222222222 0.5 0.8680555555555556 0.4965277777777778 0.8666666666666667 0.4895833333333333 0.8694444444444445 0.484375 0.8736111111111111 0.484375