0 0.26944444444444443 0.10243055555555555 0.2763888888888889 0.109375 0.2763888888888889 0.12152777777777778 0.275 0.125 0.2611111111111111 0.13368055555555555 0.25555555555555554 0.13368055555555555 0.25416666666666665 0.12152777777777778 0.25972222222222224 0.10590277777777778 0.2638888888888889 0.10243055555555555 0.26805555555555555 0.10243055555555555
0 0.41180555555555554 0.4166666666666667 0.020833333333333332 0.024305555555555556
0 0.12222222222222222 0.11979166666666667 0.125 0.11805555555555555 0.12916666666666668 0.11979166666666667 0.13333333333333333 0.1284722222222222 0.13333333333333333 0.1423611111111111 0.12638888888888888 0.14930555555555555 0.12222222222222222 0.14756944444444445 0.11944444444444445 0.1388888888888889 0.11944444444444445 0.1267361111111111 0.12222222222222222 0.12152777777777778
0 0.6638888888888889 0.5243055555555556 0.6694444444444444 0.53125 0.6694444444444444 0.5416666666666666 0.6638888888888889 0.5503472222222222 0.6583333333333333 0.5503472222222222 0.6541666666666667 0.5451388888888888 0.6541666666666667 0.5295138888888888 0.6583333333333333 0.5243055555555556 0.6625 0.5243055555555556
0 0.05277777777777778 0.8784722222222222 0.05555555555555555 0.8767361111111112 0.06527777777777778 0.8784722222222222 0.06944444444444445 0.8836805555555556 0.07361111111111111 0.8993055555555556 0.07222222222222222 0.9097222222222222 0.06666666666666667 0.9149305555555556 0.06111111111111111 0.9149305555555556 0.05694444444444444 0.9097222222222222 0.05138888888888889 0.890625 0.05277777777777778 0.8802083333333334
0 0.5944444444444444 0.4618055555555556 0.5972222222222222 0.4618055555555556 0.6013888888888889 0.46875 0.6013888888888889 0.4895833333333333 0.5972222222222222 0.4965277777777778 0.5916666666666667 0.4947916666666667 0.5888888888888889 0.4878472222222222 0.5888888888888889 0.4791666666666667 0.5916666666666667 0.4670138888888889 0.5944444444444444 0.4635416666666667
0 0.7263888888888889 0.22569444444444445 0.7333333333333333 0.22569444444444445 0.7430555555555556 0.2378472222222222 0.7472222222222222 0.2482638888888889 0.7472222222222222 0.2604166666666667 0.7444444444444445 0.265625 0.7375 0.265625 0.7333333333333333 0.2621527777777778 0.725 0.2465277777777778 0.7263888888888889 0.22743055555555555
0 0.5291666666666667 0.7777777777777778 0.5305555555555556 0.7829861111111112 0.525 0.8003472222222222 0.5180555555555556 0.8038194444444444 0.5111111111111111 0.7986111111111112 0.5111111111111111 0.7829861111111112 0.5166666666666667 0.7777777777777778 0.5222222222222223 0.7760416666666666 0.5277777777777778 0.7777777777777778
0 0.5875 0.7881944444444444 0.5930555555555556 0.7934027777777778 0.5958333333333333 0.8038194444444444 0.5916666666666667 0.8107638888888888 0.5875 0.8125 0.5791666666666667 0.8107638888888888 0.575 0.8020833333333334 0.5763888888888888 0.7899305555555556 0.5861111111111111 0.7881944444444444
0 0.7138888888888889 0.4392361111111111 0.7194444444444444 0.4427083333333333 0.7263888888888889 0.453125 0.7263888888888889 0.4600694444444444 0.7222222222222222 0.4635416666666667 0.7111111111111111 0.4618055555555556 0.6986111111111111 0.4409722222222222 0.7013888888888888 0.4375 0.7125 0.4392361111111111
0 0.8708333333333333 0.034722222222222224 0.875 0.041666666666666664 0.8763888888888889 0.050347222222222224 0.875 0.0642361111111111 0.8722222222222222 0.06770833333333333 0.8569444444444444 0.06597222222222222 0.8513888888888889 0.052083333333333336 0.8513888888888889 0.04513888888888889 0.8555555555555555 0.034722222222222224 0.8583333333333333 0.03298611111111111 0.8694444444444445 0.034722222222222224
0 0.8930555555555556 0.5416666666666666 0.9013888888888889 0.5555555555555556 0.9013888888888889 0.5659722222222222 0.8986111111111111 0.5711805555555556 0.8916666666666667 0.5694444444444444 0.8833333333333333 0.5555555555555556 0.8833333333333333 0.5434027777777778 0.8861111111111111 0.5399305555555556 0.8916666666666667 0.5416666666666666
0 0.9486111111111111 0.6805555555555556 0.9527777777777777 0.6857638888888888 0.9527777777777777 0.7239583333333334 0.9486111111111111 0.7239583333333334 0.9458333333333333 0.7204861111111112 0.9402777777777778 0.6996527777777778 0.9416666666666667 0.6840277777777778 0.9472222222222222 0.6805555555555556
0 0.14583333333333334 0.6432291666666666 0.027777777777777776 0.029513888888888888
0 0.8583333333333333 0.4444444444444444 0.8763888888888889 0.4548611111111111 0.8777777777777778 0.4600694444444444 0.8763888888888889 0.4704861111111111 0.8722222222222222 0.4739583333333333 0.8666666666666667 0.4722222222222222 0.8555555555555555 0.4548611111111111 0.8555555555555555 0.4461805555555556 0.8569444444444444 0.4461805555555556
0 0.6680555555555555 0.8368055555555556 0.6722222222222223 0.8420138888888888 0.6722222222222223 0.8506944444444444 0.6680555555555555 0.8576388888888888 0.6638888888888889 0.859375 0.6555555555555556 0.8559027777777778 0.6513888888888889 0.8506944444444444 0.6541666666666667 0.8420138888888888 0.6583333333333333 0.8368055555555556 0.6611111111111111 0.8350694444444444 0.6666666666666666 0.8368055555555556
0 0.6152777777777778 0.026041666666666668 0.6138888888888889 0.013888888888888888 0.6194444444444445 0.005208333333333333 0.6333333333333333 0.006944444444444444 0.6513888888888889 0.015625 0.6291666666666667 0.029513888888888888 0.6208333333333333 0.029513888888888888 0.6166666666666667 0.026041666666666668
0 0.8715277777777778 0.09635416666666667 0.015277777777777777 0.029513888888888888
0 0.23055555555555557 0.7465277777777778 0.23333333333333334 0.75 0.23333333333333334 0.7552083333333334 0.2222222222222222 0.7673611111111112 0.21805555555555556 0.7690972222222222 0.2125 0.7673611111111112 0.20833333333333334 0.7621527777777778 0.20694444444444443 0.7569444444444444 0.20833333333333334 0.75 0.21666666666666667 0.7430555555555556 0.22916666666666666 0.7465277777777778
0 0.9444444444444444 0.13541666666666666 0.9486111111111111 0.13368055555555555 0.9513888888888888 0.140625 0.95 0.16145833333333334 0.9458333333333333 0.16666666666666666 0.9416666666666667 0.16666666666666666 0.9388888888888889 0.16319444444444445 0.9388888888888889 0.14583333333333334 0.9444444444444444 0.1371527777777778
0 0.6694444444444444 0.4913194444444444 0.6791666666666667 0.4982638888888889 0.6861111111111111 0.5069444444444444 0.6875 0.5173611111111112 0.6847222222222222 0.5208333333333334 0.675 0.5208333333333334 0.6680555555555555 0.515625 0.6625 0.515625 0.6569444444444444 0.5121527777777778 0.6541666666666667 0.5034722222222222 0.6555555555555556 0.4930555555555556 0.6597222222222222 0.4895833333333333 0.6680555555555555 0.4913194444444444
0 0.8958333333333334 0.8263888888888888 0.8986111111111111 0.8315972222222222 0.8986111111111111 0.8559027777777778 0.8972222222222223 0.8628472222222222 0.8902777777777777 0.8697916666666666 0.8819444444444444 0.8697916666666666 0.8722222222222222 0.8611111111111112 0.8708333333333333 0.8420138888888888 0.8722222222222222 0.8368055555555556 0.8805555555555555 0.828125 0.8861111111111111 0.8246527777777778 0.8944444444444445 0.8263888888888888
0 0.8847222222222222 0.9548611111111112 0.8875 0.9583333333333334 0.8875 0.984375 0.8819444444444444 0.9947916666666666 0.8708333333333333 0.9947916666666666 0.8680555555555556 0.9913194444444444 0.8680555555555556 0.9791666666666666 0.875 0.9583333333333334 0.8791666666666667 0.9548611111111112 0.8833333333333333 0.9548611111111112
0 0.37916666666666665 0.9887152777777778 0.03333333333333333 0.019097222222222224
0 0.5708333333333333 0.9435763888888888 0.011111111111111112 0.019097222222222224
0 0.6416666666666667 0.5451388888888888 0.6444444444444445 0.5434027777777778 0.6527777777777778 0.5451388888888888 0.6513888888888889 0.5711805555555556 0.6416666666666667 0.5833333333333334 0.6375 0.5833333333333334 0.6319444444444444 0.5746527777777778 0.6333333333333333 0.5607638888888888 0.6416666666666667 0.546875
0 0.32083333333333336 0.7005208333333334 0.019444444444444445 0.015625
0 0.8652777777777778 0.7986111111111112 0.8736111111111111 0.8055555555555556 0.8736111111111111 0.8159722222222222 0.8611111111111112 0.8298611111111112 0.8472222222222222 0.8263888888888888 0.8458333333333333 0.8159722222222222 0.8527777777777777 0.8038194444444444 0.8597222222222223 0.7986111111111112 0.8638888888888889 0.7986111111111112