0 0.06875 0.75 0.020833333333333332 0.020833333333333332
0 0.225 0.6006944444444444 0.23055555555555557 0.6111111111111112 0.23055555555555557 0.6163194444444444 0.2263888888888889 0.6215277777777778 0.21666666666666667 0.6215277777777778 0.2125 0.6163194444444444 0.20972222222222223 0.6076388888888888 0.2125 0.5989583333333334 0.22361111111111112 0.6006944444444444
0 0.48333333333333334 0.8975694444444444 0.4847222222222222 0.90625 0.48055555555555557 0.9149305555555556 0.46944444444444444 0.9201388888888888 0.4625 0.9166666666666666 0.46111111111111114 0.9114583333333334 0.4625 0.9045138888888888 0.4708333333333333 0.8958333333333334 0.48194444444444445 0.8975694444444444
0 0.5680555555555555 0.53125 0.5694444444444444 0.5434027777777778 0.5666666666666667 0.5607638888888888 0.5625 0.5677083333333334 0.5569444444444445 0.5677083333333334 0.5527777777777778 0.5642361111111112 0.5513888888888889 0.5503472222222222 0.5555555555555556 0.5399305555555556 0.5625 0.53125 0.5666666666666667 0.53125
0 0.7055555555555556 0.8958333333333334 0.7097222222222223 0.9010416666666666 0.7125 0.9097222222222222 0.7125 0.9253472222222222 0.7097222222222223 0.9270833333333334 0.7013888888888888 0.9236111111111112 0.6958333333333333 0.9131944444444444 0.6958333333333333 0.8993055555555556 0.7 0.8958333333333334 0.7041666666666667 0.8958333333333334
0 0.44166666666666665 0.640625 0.44583333333333336 0.6440972222222222 0.4486111111111111 0.6527777777777778 0.44583333333333336 0.6666666666666666 0.44166666666666665 0.671875 0.4375 0.671875 0.43333333333333335 0.6631944444444444 0.43333333333333335 0.6510416666666666 0.4361111111111111 0.6440972222222222 0.44027777777777777 0.6423611111111112
0 0.4444444444444444 0.7256944444444444 0.4486111111111111 0.7326388888888888 0.4486111111111111 0.7447916666666666 0.44166666666666665 0.7534722222222222 0.4375 0.7534722222222222 0.43333333333333335 0.75 0.43194444444444446 0.7378472222222222 0.4361111111111111 0.7291666666666666 0.44305555555555554 0.7256944444444444
0 0.30694444444444446 0.7690972222222222 0.3125 0.7725694444444444 0.31527777777777777 0.78125 0.31527777777777777 0.7899305555555556 0.3125 0.7986111111111112 0.30972222222222223 0.8020833333333334 0.30277777777777776 0.8003472222222222 0.30277777777777776 0.7777777777777778 0.3055555555555556 0.7708333333333334
0 0.49583333333333335 0.7413194444444444 0.49722222222222223 0.7447916666666666 0.49583333333333335 0.7534722222222222 0.49166666666666664 0.7586805555555556 0.4847222222222222 0.7621527777777778 0.4791666666666667 0.7604166666666666 0.4791666666666667 0.7534722222222222 0.4875 0.7430555555555556 0.49444444444444446 0.7413194444444444
0 0.12083333333333333 0.6006944444444444 0.12222222222222222 0.6111111111111112 0.11666666666666667 0.6215277777777778 0.09027777777777778 0.6197916666666666 0.08611111111111111 0.6163194444444444 0.08611111111111111 0.6111111111111112 0.09583333333333334 0.6041666666666666 0.10138888888888889 0.6041666666666666 0.10694444444444444 0.6006944444444444 0.11944444444444445 0.6006944444444444
0 0.5763888888888888 0.46875 0.5902777777777778 0.46875 0.5944444444444444 0.4704861111111111 0.5986111111111111 0.4774305555555556 0.5972222222222222 0.4947916666666667 0.5847222222222223 0.4965277777777778 0.575 0.4809027777777778 0.5763888888888888 0.4704861111111111
0 0.8805555555555555 0.5347222222222222 0.8847222222222222 0.5399305555555556 0.8847222222222222 0.5520833333333334 0.8833333333333333 0.5555555555555556 0.8722222222222222 0.5607638888888888 0.8625 0.5590277777777778 0.8597222222222223 0.5503472222222222 0.8666666666666667 0.5399305555555556 0.8791666666666667 0.5347222222222222
0 0.9055555555555556 0.3611111111111111 0.019444444444444445 0.020833333333333332