0 0.13333333333333333 0.5729166666666666 0.14027777777777778 0.5694444444444444 0.15416666666666667 0.5711805555555556 0.1638888888888889 0.5746527777777778 0.16944444444444445 0.5833333333333334 0.16944444444444445 0.59375 0.16666666666666666 0.5972222222222222 0.15694444444444444 0.5989583333333334 0.14583333333333334 0.5902777777777778 0.13333333333333333 0.5746527777777778
0 0.47291666666666665 0.9079861111111112 0.020833333333333332 0.024305555555555556
0 0.23472222222222222 0.5972222222222222 0.24027777777777778 0.6006944444444444 0.24444444444444444 0.609375 0.24305555555555555 0.6180555555555556 0.2375 0.6215277777777778 0.22777777777777777 0.6180555555555556 0.225 0.6128472222222222 0.225 0.5989583333333334 0.23333333333333334 0.5972222222222222
0 0.24791666666666667 0.1987847222222222 0.018055555555555554 0.036458333333333336
0 0.5902777777777778 0.4670138888888889 0.6013888888888889 0.4878472222222222 0.6027777777777777 0.4913194444444444 0.6013888888888889 0.4947916666666667 0.5888888888888889 0.4947916666666667 0.5805555555555556 0.4895833333333333 0.5777777777777777 0.4809027777777778 0.5777777777777777 0.46875 0.5805555555555556 0.4652777777777778 0.5888888888888889 0.4670138888888889
0 0.725 0.265625 0.7277777777777777 0.2690972222222222 0.7055555555555556 0.2951388888888889 0.6986111111111111 0.2951388888888889 0.6930555555555555 0.2881944444444444 0.6944444444444444 0.2777777777777778 0.7055555555555556 0.2673611111111111 0.7236111111111111 0.265625
0 0.49166666666666664 0.9618055555555556 0.4930555555555556 0.9756944444444444 0.47638888888888886 0.9861111111111112 0.46805555555555556 0.9826388888888888 0.4666666666666667 0.9791666666666666 0.46805555555555556 0.9670138888888888 0.475 0.9618055555555556 0.48194444444444445 0.9600694444444444 0.49027777777777776 0.9618055555555556
0 0.4930555555555556 0.75 0.022222222222222223 0.024305555555555556
0 0.9152777777777777 0.3506944444444444 0.9194444444444444 0.3576388888888889 0.9194444444444444 0.3663194444444444 0.9138888888888889 0.3715277777777778 0.9013888888888889 0.3715277777777778 0.8958333333333334 0.3663194444444444 0.8972222222222223 0.3611111111111111 0.9027777777777778 0.3541666666666667 0.9069444444444444 0.3506944444444444 0.9138888888888889 0.3506944444444444
0 0.6916666666666667 0.5486111111111112 0.7013888888888888 0.5590277777777778 0.7041666666666667 0.5659722222222222 0.7 0.5729166666666666 0.6944444444444444 0.5746527777777778 0.6875 0.5746527777777778 0.6819444444444445 0.5711805555555556 0.6791666666666667 0.5642361111111112 0.6805555555555556 0.5520833333333334 0.6902777777777778 0.5486111111111112
0 0.3236111111111111 0.7552083333333334 0.32916666666666666 0.7708333333333334 0.32916666666666666 0.7777777777777778 0.3263888888888889 0.7881944444444444 0.32083333333333336 0.7934027777777778 0.3138888888888889 0.7881944444444444 0.3138888888888889 0.7760416666666666 0.31666666666666665 0.7621527777777778 0.32222222222222224 0.7552083333333334
0 0.3902777777777778 0.12760416666666666 0.016666666666666666 0.029513888888888888
0 0.8513888888888889 0.2899305555555556 0.8583333333333333 0.3020833333333333 0.8583333333333333 0.3107638888888889 0.8541666666666666 0.3177083333333333 0.8472222222222222 0.3177083333333333 0.8430555555555556 0.3107638888888889 0.8444444444444444 0.2951388888888889 0.85 0.2899305555555556
0 0.24305555555555555 0.4791666666666667 0.2513888888888889 0.4895833333333333 0.2513888888888889 0.5017361111111112 0.24722222222222223 0.515625 0.24027777777777778 0.5225694444444444 0.2263888888888889 0.5208333333333334 0.22083333333333333 0.5138888888888888 0.21944444444444444 0.4913194444444444 0.2222222222222222 0.484375 0.23055555555555557 0.4774305555555556 0.24166666666666667 0.4791666666666667
0 0.45694444444444443 0.6284722222222222 0.46944444444444444 0.6371527777777778 0.4722222222222222 0.6423611111111112 0.4722222222222222 0.6493055555555556 0.46805555555555556 0.6545138888888888 0.4597222222222222 0.65625 0.45555555555555555 0.6597222222222222 0.45 0.6597222222222222 0.44583333333333336 0.6493055555555556 0.4486111111111111 0.6319444444444444 0.4513888888888889 0.6284722222222222 0.45555555555555555 0.6284722222222222
0 0.4527777777777778 0.7482638888888888 0.45 0.7413194444444444 0.45 0.734375 0.4527777777777778 0.7204861111111112 0.4597222222222222 0.7135416666666666 0.4708333333333333 0.7152777777777778 0.4722222222222222 0.7326388888888888 0.4666666666666667 0.7465277777777778 0.4625 0.75 0.45416666666666666 0.7482638888888888
0 0.7180555555555556 0.8940972222222222 0.7277777777777777 0.9097222222222222 0.7263888888888889 0.9236111111111112 0.7236111111111111 0.9270833333333334 0.7097222222222223 0.9201388888888888 0.7041666666666667 0.9097222222222222 0.7041666666666667 0.8975694444444444 0.7111111111111111 0.8923611111111112 0.7166666666666667 0.8940972222222222
0 0.43819444444444444 0.7282986111111112 0.020833333333333332 0.026041666666666668
0 0.33055555555555555 0.5052083333333334 0.34305555555555556 0.5138888888888888 0.3486111111111111 0.5208333333333334 0.3472222222222222 0.5329861111111112 0.34305555555555556 0.5364583333333334 0.3388888888888889 0.5364583333333334 0.3277777777777778 0.5329861111111112 0.3236111111111111 0.5277777777777778 0.32222222222222224 0.5138888888888888 0.3263888888888889 0.5069444444444444 0.32916666666666666 0.5069444444444444
0 0.8701388888888889 0.5381944444444444 0.03194444444444444 0.04861111111111111
0 0.25833333333333336 0.1232638888888889 0.2625 0.1284722222222222 0.2625 0.1371527777777778 0.25833333333333336 0.14583333333333334 0.25 0.14583333333333334 0.24861111111111112 0.1423611111111111 0.25 0.1267361111111111 0.25277777777777777 0.1232638888888889 0.2569444444444444 0.1232638888888889
0 0.7875 0.3645833333333333 0.7944444444444444 0.3697916666666667 0.7958333333333333 0.3888888888888889 0.7930555555555555 0.3940972222222222 0.7833333333333333 0.3940972222222222 0.7791666666666667 0.3888888888888889 0.7791666666666667 0.3697916666666667 0.7861111111111111 0.3645833333333333
0 0.7694444444444445 0.3472222222222222 0.7722222222222223 0.3454861111111111 0.7819444444444444 0.3472222222222222 0.7847222222222222 0.359375 0.7847222222222222 0.3645833333333333 0.7819444444444444 0.3680555555555556 0.7791666666666667 0.3697916666666667 0.775 0.3680555555555556 0.7680555555555556 0.359375 0.7694444444444445 0.3489583333333333
0 0.8222222222222222 0.8767361111111112 0.8277777777777777 0.8819444444444444 0.8291666666666667 0.8871527777777778 0.8277777777777777 0.8975694444444444 0.8236111111111111 0.9010416666666666 0.8166666666666667 0.9010416666666666 0.8125 0.8940972222222222 0.8138888888888889 0.8784722222222222 0.8208333333333333 0.8767361111111112
0 0.5736111111111111 0.8506944444444444 0.575 0.8611111111111112 0.5694444444444444 0.8680555555555556 0.5597222222222222 0.8628472222222222 0.5583333333333333 0.8541666666666666 0.5638888888888889 0.8489583333333334 0.5722222222222222 0.8506944444444444
0 0.8236111111111111 0.8385416666666666 0.8291666666666667 0.84375 0.8305555555555556 0.8489583333333334 0.8291666666666667 0.8576388888888888 0.8208333333333333 0.8645833333333334 0.8138888888888889 0.8645833333333334 0.8125 0.859375 0.8138888888888889 0.8489583333333334 0.8222222222222222 0.8402777777777778
0 0.9194444444444444 0.109375 0.9319444444444445 0.1076388888888889 0.9361111111111111 0.11631944444444445 0.9361111111111111 0.13194444444444445 0.9319444444444445 0.1388888888888889 0.9263888888888889 0.140625 0.9208333333333333 0.13541666666666666 0.9194444444444444 0.13020833333333334 0.9180555555555555 0.11979166666666667 0.9194444444444444 0.1111111111111111