0 0.4166666666666667 0.4010416666666667 0.41944444444444445 0.4045138888888889 0.41944444444444445 0.4131944444444444 0.41805555555555557 0.4184027777777778 0.4125 0.4253472222222222 0.4013888888888889 0.4253472222222222 0.39861111111111114 0.4166666666666667 0.4013888888888889 0.4097222222222222 0.4152777777777778 0.4010416666666667
0 0.2638888888888889 0.10590277777777778 0.26944444444444443 0.11284722222222222 0.26944444444444443 0.12152777777777778 0.26666666666666666 0.1267361111111111 0.25555555555555554 0.13194444444444445 0.25 0.125 0.2513888888888889 0.11458333333333333 0.25416666666666665 0.1076388888888889 0.25972222222222224 0.10416666666666667 0.2625 0.10590277777777778
0 0.5916666666666667 0.4305555555555556 0.5930555555555556 0.4322916666666667 0.5916666666666667 0.4496527777777778 0.5847222222222223 0.4565972222222222 0.5763888888888888 0.4548611111111111 0.5763888888888888 0.4427083333333333 0.5833333333333334 0.4322916666666667 0.5902777777777778 0.4305555555555556
0 0.6638888888888889 0.5260416666666666 0.6666666666666666 0.53125 0.6666666666666666 0.5399305555555556 0.6611111111111111 0.5486111111111112 0.6555555555555556 0.5486111111111112 0.6513888888888889 0.5434027777777778 0.6513888888888889 0.5295138888888888 0.6541666666666667 0.5243055555555556 0.6625 0.5260416666666666
0 0.12222222222222222 0.12152777777777778 0.13055555555555556 0.1371527777777778 0.12916666666666668 0.14756944444444445 0.12222222222222222 0.1527777777777778 0.11666666666666667 0.14930555555555555 0.11388888888888889 0.1388888888888889 0.11527777777777778 0.1284722222222222 0.12083333333333333 0.12152777777777778
0 0.5888888888888889 0.7934027777777778 0.5930555555555556 0.8055555555555556 0.5875 0.8125 0.5805555555555556 0.8125 0.5736111111111111 0.8055555555555556 0.5736111111111111 0.7951388888888888 0.5763888888888888 0.7916666666666666 0.5819444444444445 0.7899305555555556 0.5875 0.7934027777777778
0 0.6361111111111111 0.012152777777777778 0.6402777777777777 0.017361111111111112 0.6222222222222222 0.029513888888888888 0.6152777777777778 0.029513888888888888 0.6097222222222223 0.026041666666666668 0.6083333333333333 0.022569444444444444 0.6097222222222223 0.010416666666666666 0.6125 0.006944444444444444 0.625 0.006944444444444444 0.6347222222222222 0.012152777777777778
0 0.043055555555555555 0.8836805555555556 0.05 0.8854166666666666 0.059722222222222225 0.8993055555555556 0.059722222222222225 0.9114583333333334 0.05555555555555555 0.9166666666666666 0.05 0.9166666666666666 0.04583333333333333 0.9114583333333334 0.043055555555555555 0.9027777777777778 0.043055555555555555 0.8854166666666666
0 0.525 0.7795138888888888 0.5277777777777778 0.78125 0.5277777777777778 0.7881944444444444 0.5208333333333334 0.8038194444444444 0.5111111111111111 0.8038194444444444 0.5083333333333333 0.8003472222222222 0.5083333333333333 0.7881944444444444 0.5138888888888888 0.7829861111111112 0.5236111111111111 0.7795138888888888
0 0.7055555555555556 0.4392361111111111 0.7166666666666667 0.4427083333333333 0.7222222222222222 0.4496527777777778 0.7236111111111111 0.4583333333333333 0.7180555555555556 0.4635416666666667 0.7097222222222223 0.4618055555555556 0.7041666666666667 0.4548611111111111 0.6986111111111111 0.4427083333333333 0.7 0.4392361111111111 0.7041666666666667 0.4392361111111111
0 0.8791666666666667 0.5381944444444444 0.8819444444444444 0.5381944444444444 0.8902777777777777 0.5486111111111112 0.8944444444444445 0.5590277777777778 0.8930555555555556 0.5729166666666666 0.8833333333333333 0.5711805555555556 0.8777777777777778 0.5572916666666666 0.8791666666666667 0.5399305555555556
0 0.21944444444444444 0.75 0.22361111111111112 0.7517361111111112 0.2263888888888889 0.7586805555555556 0.2152777777777778 0.7708333333333334 0.20694444444444443 0.7690972222222222 0.20416666666666666 0.7638888888888888 0.20416666666666666 0.7569444444444444 0.20694444444444443 0.7517361111111112 0.21805555555555556 0.75
0 0.6527777777777778 0.8498263888888888 0.022222222222222223 0.019097222222222224
0 0.9430555555555555 0.1284722222222222 0.9458333333333333 0.1388888888888889 0.9458333333333333 0.14930555555555555 0.9402777777777778 0.16319444444444445 0.9347222222222222 0.16319444444444445 0.9319444444444445 0.1597222222222222 0.9305555555555556 0.1440972222222222 0.9333333333333333 0.1371527777777778 0.9416666666666667 0.1284722222222222
0 0.8541666666666666 0.4444444444444444 0.8625 0.4444444444444444 0.8680555555555556 0.4479166666666667 0.8777777777777778 0.4600694444444444 0.8763888888888889 0.4704861111111111 0.8694444444444445 0.4739583333333333 0.8638888888888889 0.4704861111111111 0.8541666666666666 0.4461805555555556
0 0.22777777777777777 0.6006944444444444 0.23472222222222222 0.6111111111111112 0.2375 0.6197916666666666 0.2375 0.6302083333333334 0.225 0.6267361111111112 0.21666666666666667 0.6145833333333334 0.2152777777777778 0.6076388888888888 0.21666666666666667 0.6006944444444444 0.21805555555555556 0.5989583333333334 0.2263888888888889 0.6006944444444444
0 0.7236111111111111 0.2378472222222222 0.7263888888888889 0.22743055555555555 0.7305555555555555 0.22395833333333334 0.7347222222222223 0.22395833333333334 0.7472222222222222 0.2465277777777778 0.7458333333333333 0.2638888888888889 0.7430555555555556 0.2673611111111111 0.7333333333333333 0.2638888888888889 0.7263888888888889 0.2517361111111111 0.725 0.23958333333333334
0 0.9416666666666667 0.6822916666666666 0.9430555555555555 0.71875 0.9416666666666667 0.7274305555555556 0.9388888888888889 0.7309027777777778 0.9347222222222222 0.7309027777777778 0.9305555555555556 0.7222222222222222 0.9305555555555556 0.6996527777777778 0.9333333333333333 0.6857638888888888 0.9361111111111111 0.6822916666666666 0.9402777777777778 0.6822916666666666
0 0.5736111111111111 0.9357638888888888 0.5763888888888888 0.9392361111111112 0.5763888888888888 0.9479166666666666 0.5722222222222222 0.953125 0.5652777777777778 0.953125 0.5625 0.9479166666666666 0.5638888888888889 0.9392361111111112 0.5694444444444444 0.9340277777777778 0.5722222222222222 0.9357638888888888
0 0.3277777777777778 0.6909722222222222 0.33055555555555555 0.6944444444444444 0.33055555555555555 0.7048611111111112 0.325 0.7083333333333334 0.3125 0.7065972222222222 0.3111111111111111 0.6996527777777778 0.31527777777777777 0.6927083333333334 0.3263888888888889 0.6909722222222222
0 0.8888888888888888 0.8263888888888888 0.8930555555555556 0.8315972222222222 0.8944444444444445 0.8472222222222222 0.8930555555555556 0.859375 0.8861111111111111 0.8680555555555556 0.8791666666666667 0.8680555555555556 0.8694444444444445 0.8611111111111112 0.8680555555555556 0.8402777777777778 0.8736111111111111 0.8315972222222222 0.8805555555555555 0.8263888888888888 0.8875 0.8263888888888888
0 0.8763888888888889 0.9583333333333334 0.8833333333333333 0.9565972222222222 0.8861111111111111 0.9600694444444444 0.8875 0.9722222222222222 0.8875 0.9791666666666666 0.8833333333333333 0.9930555555555556 0.8694444444444445 0.9947916666666666 0.8680555555555556 0.9826388888888888 0.8763888888888889 0.9600694444444444