0 0.2791666666666667 0.10069444444444445 0.2833333333333333 0.10590277777777778 0.2833333333333333 0.11979166666666667 0.2708333333333333 0.1284722222222222 0.2625 0.1267361111111111 0.2625 0.11284722222222222 0.26944444444444443 0.10069444444444445 0.2722222222222222 0.09895833333333333 0.2777777777777778 0.10069444444444445
0 0.6680555555555555 0.5260416666666666 0.6722222222222223 0.53125 0.6736111111111112 0.5381944444444444 0.6708333333333333 0.546875 0.6666666666666666 0.5503472222222222 0.6583333333333333 0.5486111111111112 0.6555555555555556 0.5416666666666666 0.6569444444444444 0.5295138888888888 0.6597222222222222 0.5260416666666666 0.6666666666666666 0.5260416666666666
0 0.5875 0.7864583333333334 0.5958333333333333 0.7934027777777778 0.6 0.8038194444444444 0.6 0.8107638888888888 0.5972222222222222 0.8125 0.5833333333333334 0.8125 0.5777777777777777 0.8072916666666666 0.5763888888888888 0.8020833333333334 0.5777777777777777 0.7899305555555556 0.5819444444444445 0.7864583333333334 0.5861111111111111 0.7864583333333334
0 0.425 0.4027777777777778 0.4263888888888889 0.4131944444444444 0.4236111111111111 0.421875 0.41388888888888886 0.4270833333333333 0.4041666666666667 0.4236111111111111 0.4027777777777778 0.4201388888888889 0.4041666666666667 0.4097222222222222 0.41388888888888886 0.4027777777777778 0.4236111111111111 0.4027777777777778
0 0.5215277777777778 0.7890625 0.020833333333333332 0.029513888888888888
0 0.2263888888888889 0.7413194444444444 0.23055555555555557 0.7430555555555556 0.23472222222222222 0.7517361111111112 0.23055555555555557 0.7604166666666666 0.2222222222222222 0.765625 0.21388888888888888 0.7638888888888888 0.2111111111111111 0.7604166666666666 0.20972222222222223 0.7517361111111112 0.2125 0.7430555555555556 0.225 0.7413194444444444
0 0.6986111111111111 0.4375 0.7027777777777777 0.4357638888888889 0.7166666666666667 0.4427083333333333 0.7236111111111111 0.4548611111111111 0.7208333333333333 0.4618055555555556 0.7180555555555556 0.4635416666666667 0.7125 0.4618055555555556 0.7027777777777777 0.4513888888888889 0.6986111111111111 0.4392361111111111
0 0.13333333333333333 0.11458333333333333 0.14027777777777778 0.1267361111111111 0.14027777777777778 0.1371527777777778 0.1375 0.1440972222222222 0.13333333333333333 0.14756944444444445 0.12777777777777777 0.14756944444444445 0.125 0.1440972222222222 0.12222222222222222 0.13194444444444445 0.12361111111111112 0.11805555555555555 0.12916666666666668 0.11284722222222222 0.13194444444444445 0.11458333333333333
0 0.09583333333333334 0.6180555555555556 0.09861111111111111 0.6197916666666666 0.09861111111111111 0.6232638888888888 0.09444444444444444 0.6354166666666666 0.08888888888888889 0.6440972222222222 0.08333333333333333 0.6475694444444444 0.07083333333333333 0.6475694444444444 0.06805555555555555 0.6440972222222222 0.06805555555555555 0.6371527777777778 0.07916666666666666 0.6267361111111112 0.09444444444444444 0.6180555555555556
0 0.6138888888888889 0.4809027777777778 0.6180555555555556 0.4826388888888889 0.625 0.4913194444444444 0.625 0.5017361111111112 0.6208333333333333 0.5086805555555556 0.6125 0.5069444444444444 0.6083333333333333 0.4965277777777778 0.6083333333333333 0.4826388888888889 0.6125 0.4809027777777778
0 0.7347222222222223 0.22743055555555555 0.7472222222222222 0.2465277777777778 0.7472222222222222 0.2621527777777778 0.7430555555555556 0.2673611111111111 0.7333333333333333 0.2638888888888889 0.7263888888888889 0.2534722222222222 0.7236111111111111 0.24305555555555555 0.7236111111111111 0.2309027777777778 0.7277777777777777 0.22569444444444445 0.7333333333333333 0.22743055555555555
0 0.8930555555555556 0.5381944444444444 0.9013888888888889 0.546875 0.9041666666666667 0.5538194444444444 0.9055555555555556 0.5659722222222222 0.9013888888888889 0.5694444444444444 0.8944444444444445 0.5677083333333334 0.8888888888888888 0.5590277777777778 0.8875 0.5416666666666666 0.8916666666666667 0.5381944444444444
0 0.95 0.6875 0.008333333333333333 0.041666666666666664
0 0.6444444444444445 0.012152777777777778 0.6472222222222223 0.017361111111111112 0.6416666666666667 0.024305555555555556 0.6319444444444444 0.029513888888888888 0.6236111111111111 0.029513888888888888 0.6208333333333333 0.026041666666666668 0.6194444444444445 0.017361111111111112 0.6222222222222222 0.008680555555555556 0.6333333333333333 0.006944444444444444 0.6430555555555556 0.012152777777777778
0 0.8791666666666667 0.022569444444444444 0.8847222222222222 0.029513888888888888 0.8861111111111111 0.03819444444444445 0.8847222222222222 0.046875 0.8833333333333333 0.050347222222222224 0.8722222222222222 0.059027777777777776 0.8680555555555556 0.059027777777777776 0.8652777777777778 0.05555555555555555 0.8611111111111112 0.04513888888888889 0.8611111111111112 0.034722222222222224 0.8625 0.029513888888888888 0.8680555555555556 0.022569444444444444 0.8722222222222222 0.020833333333333332 0.8777777777777778 0.022569444444444444
0 0.0763888888888889 0.8767361111111112 0.08055555555555556 0.8819444444444444 0.08333333333333333 0.8923611111111112 0.08333333333333333 0.90625 0.07916666666666666 0.9131944444444444 0.07083333333333333 0.9131944444444444 0.06805555555555555 0.9079861111111112 0.06805555555555555 0.8871527777777778 0.07083333333333333 0.8784722222222222 0.075 0.8767361111111112
0 0.9486111111111111 0.1501736111111111 0.008333333333333333 0.03298611111111111
0 0.6604166666666667 0.8446180555555556 0.0375 0.026041666666666668
0 0.8513888888888889 0.4392361111111111 0.8694444444444445 0.4479166666666667 0.8777777777777778 0.4583333333333333 0.8791666666666667 0.4635416666666667 0.8777777777777778 0.4722222222222222 0.8763888888888889 0.4739583333333333 0.8652777777777778 0.4722222222222222 0.8583333333333333 0.4618055555555556 0.85 0.4409722222222222
0 0.6652777777777777 0.4878472222222222 0.6736111111111112 0.4895833333333333 0.6875 0.5017361111111112 0.6916666666666667 0.5086805555555556 0.6916666666666667 0.5190972222222222 0.6833333333333333 0.5208333333333334 0.675 0.5138888888888888 0.6652777777777777 0.5121527777777778 0.6597222222222222 0.5 0.6597222222222222 0.4913194444444444 0.6638888888888889 0.4895833333333333
0 0.8881944444444444 0.8454861111111112 0.029166666666666667 0.04513888888888889
0 0.8791666666666667 0.9565972222222222 0.8819444444444444 0.9548611111111112 0.8861111111111111 0.9565972222222222 0.8888888888888888 0.9652777777777778 0.8875 0.9878472222222222 0.8833333333333333 0.9930555555555556 0.8722222222222222 0.9930555555555556 0.8708333333333333 0.9739583333333334 0.8791666666666667 0.9583333333333334
0 0.6423611111111112 0.5625 0.020833333333333332 0.041666666666666664
0 0.5666666666666667 0.9357638888888888 0.5736111111111111 0.9357638888888888 0.5763888888888888 0.9409722222222222 0.5763888888888888 0.9496527777777778 0.575 0.953125 0.5708333333333333 0.9548611111111112 0.5652777777777778 0.9513888888888888 0.5666666666666667 0.9375
0 0.8694444444444445 0.7951388888888888 0.8763888888888889 0.8003472222222222 0.8777777777777778 0.8107638888888888 0.8666666666666667 0.8246527777777778 0.8513888888888889 0.8229166666666666 0.85 0.8090277777777778 0.8527777777777777 0.8038194444444444 0.8611111111111112 0.796875 0.8680555555555556 0.7951388888888888
0 0.3277777777777778 0.6909722222222222 0.33055555555555555 0.6927083333333334 0.33055555555555555 0.703125 0.3277777777777778 0.7065972222222222 0.32083333333333336 0.7083333333333334 0.3125 0.7065972222222222 0.3111111111111111 0.6996527777777778 0.31666666666666665 0.6944444444444444 0.3263888888888889 0.6909722222222222
0 0.8472222222222222 0.125 0.8638888888888889 0.13194444444444445 0.8638888888888889 0.14583333333333334 0.8555555555555555 0.1545138888888889 0.85 0.1545138888888889 0.8458333333333333 0.14930555555555555 0.8430555555555556 0.1371527777777778 0.8333333333333334 0.1232638888888889 0.8347222222222223 0.11979166666666667 0.8388888888888889 0.11979166666666667 0.8458333333333333 0.125