0 0.1388888888888889 0.5729166666666666 0.15 0.5763888888888888 0.15694444444444444 0.5833333333333334 0.15694444444444444 0.5954861111111112 0.15416666666666667 0.6006944444444444 0.15 0.6024305555555556 0.14305555555555555 0.6006944444444444 0.13472222222222222 0.5920138888888888 0.12361111111111112 0.5850694444444444 0.12222222222222222 0.5798611111111112 0.12638888888888888 0.5746527777777778 0.1375 0.5729166666666666
0 0.2222222222222222 0.5989583333333334 0.23472222222222222 0.6006944444444444 0.24166666666666667 0.6111111111111112 0.2375 0.6215277777777778 0.22916666666666666 0.6215277777777778 0.2222222222222222 0.6128472222222222 0.22083333333333333 0.6076388888888888 0.2222222222222222 0.6006944444444444
0 0.7097222222222223 0.2690972222222222 0.7180555555555556 0.2725694444444444 0.7194444444444444 0.2777777777777778 0.7 0.2951388888888889 0.6958333333333333 0.2951388888888889 0.6916666666666667 0.2916666666666667 0.6888888888888889 0.2829861111111111 0.6902777777777778 0.2777777777777778 0.6986111111111111 0.2690972222222222 0.7083333333333334 0.2690972222222222
0 0.44722222222222224 0.71875 0.4486111111111111 0.7326388888888888 0.4444444444444444 0.7430555555555556 0.43333333333333335 0.7413194444444444 0.42916666666666664 0.7309027777777778 0.4361111111111111 0.7204861111111112 0.44583333333333336 0.71875
0 0.4652777777777778 0.7100694444444444 0.4708333333333333 0.7170138888888888 0.4708333333333333 0.7361111111111112 0.4666666666666667 0.7447916666666666 0.46111111111111114 0.75 0.45555555555555555 0.75 0.4513888888888889 0.7465277777777778 0.4486111111111111 0.7395833333333334 0.4486111111111111 0.7256944444444444 0.4527777777777778 0.7135416666666666 0.45694444444444443 0.7100694444444444 0.4638888888888889 0.7100694444444444
0 0.24444444444444444 0.1970486111111111 0.019444444444444445 0.03993055555555555
0 0.47638888888888886 0.6006944444444444 0.48055555555555557 0.6024305555555556 0.4847222222222222 0.609375 0.4847222222222222 0.6197916666666666 0.48055555555555557 0.6215277777777778 0.4666666666666667 0.6215277777777778 0.46111111111111114 0.6145833333333334 0.46111111111111114 0.609375 0.4652777777777778 0.6024305555555556 0.475 0.6006944444444444
0 0.47291666666666665 0.9071180555555556 0.020833333333333332 0.022569444444444444
0 0.7069444444444445 0.5694444444444444 0.7083333333333334 0.5798611111111112 0.7041666666666667 0.5850694444444444 0.6944444444444444 0.5902777777777778 0.6875 0.5868055555555556 0.6888888888888889 0.5729166666666666 0.6930555555555555 0.5677083333333334 0.6986111111111111 0.5659722222222222 0.7055555555555556 0.5694444444444444
0 0.9166666666666666 0.3506944444444444 0.9194444444444444 0.3559027777777778 0.9194444444444444 0.3645833333333333 0.9138888888888889 0.3715277777777778 0.9013888888888889 0.3715277777777778 0.8986111111111111 0.3697916666666667 0.8972222222222223 0.3628472222222222 0.9041666666666667 0.3524305555555556 0.9097222222222222 0.3489583333333333 0.9152777777777777 0.3506944444444444
0 0.4909722222222222 0.7508680555555556 0.020833333333333332 0.022569444444444444
0 0.31666666666666665 0.7552083333333334 0.32222222222222224 0.7604166666666666 0.325 0.7743055555555556 0.325 0.7829861111111112 0.32222222222222224 0.7916666666666666 0.31666666666666665 0.796875 0.3125 0.7934027777777778 0.3111111111111111 0.78125 0.31527777777777777 0.7569444444444444
0 0.4861111111111111 0.9618055555555556 0.4888888888888889 0.9652777777777778 0.4875 0.9756944444444444 0.4777777777777778 0.984375 0.4722222222222222 0.9861111111111112 0.4652777777777778 0.9826388888888888 0.4638888888888889 0.9791666666666666 0.4652777777777778 0.96875 0.4708333333333333 0.9635416666666666 0.4847222222222222 0.9618055555555556
0 0.5861111111111111 0.4670138888888889 0.5944444444444444 0.4739583333333333 0.6013888888888889 0.4878472222222222 0.6013888888888889 0.4947916666666667 0.5902777777777778 0.4947916666666667 0.5861111111111111 0.4930555555555556 0.5805555555555556 0.4861111111111111 0.5777777777777777 0.4722222222222222 0.5805555555555556 0.4670138888888889 0.5847222222222223 0.4670138888888889
0 0.44722222222222224 0.6579861111111112 0.4444444444444444 0.6440972222222222 0.44722222222222224 0.6336805555555556 0.4513888888888889 0.6284722222222222 0.45694444444444443 0.6302083333333334 0.4597222222222222 0.6371527777777778 0.4597222222222222 0.6493055555555556 0.4527777777777778 0.6597222222222222 0.4486111111111111 0.6579861111111112
0 0.7138888888888889 0.8958333333333334 0.7222222222222222 0.9045138888888888 0.7236111111111111 0.9097222222222222 0.7208333333333333 0.921875 0.7166666666666667 0.9253472222222222 0.7097222222222223 0.921875 0.7041666666666667 0.9149305555555556 0.7055555555555556 0.8958333333333334 0.7069444444444445 0.8940972222222222 0.7125 0.8958333333333334
0 0.8458333333333333 0.2899305555555556 0.85 0.2881944444444444 0.8541666666666666 0.2934027777777778 0.8569444444444444 0.3020833333333333 0.8555555555555555 0.3159722222222222 0.8513888888888889 0.3194444444444444 0.8472222222222222 0.3177083333333333 0.8444444444444444 0.3142361111111111 0.8430555555555556 0.3038194444444444 0.8458333333333333 0.2916666666666667
0 0.425 0.11284722222222222 0.42777777777777776 0.11631944444444445 0.42916666666666664 0.1267361111111111 0.42777777777777776 0.13194444444444445 0.41944444444444445 0.1388888888888889 0.41388888888888886 0.1388888888888889 0.4111111111111111 0.13541666666666666 0.4111111111111111 0.1267361111111111 0.41388888888888886 0.11805555555555555 0.41805555555555557 0.11284722222222222 0.42083333333333334 0.1111111111111111 0.4236111111111111 0.11284722222222222
0 0.24166666666666667 0.4809027777777778 0.24861111111111112 0.4913194444444444 0.24861111111111112 0.5052083333333334 0.24583333333333332 0.515625 0.24027777777777778 0.5225694444444444 0.2263888888888889 0.5225694444444444 0.21944444444444444 0.515625 0.21805555555555556 0.5104166666666666 0.21805555555555556 0.4947916666666667 0.2222222222222222 0.4826388888888889 0.2263888888888889 0.4791666666666667 0.24027777777777778 0.4809027777777778
0 0.8777777777777778 0.515625 0.8819444444444444 0.5208333333333334 0.8819444444444444 0.5381944444444444 0.8625 0.5486111111111112 0.8555555555555555 0.5451388888888888 0.8527777777777777 0.5381944444444444 0.8513888888888889 0.5260416666666666 0.8541666666666666 0.5173611111111112 0.8597222222222223 0.5138888888888888 0.8763888888888889 0.515625
0 0.25833333333333336 0.125 0.2625 0.13541666666666666 0.25972222222222224 0.1423611111111111 0.25416666666666665 0.14756944444444445 0.24861111111111112 0.14583333333333334 0.24722222222222223 0.13368055555555555 0.2513888888888889 0.125 0.25416666666666665 0.1232638888888889 0.2569444444444444 0.125
0 0.7944444444444444 0.3680555555555556 0.7972222222222223 0.3802083333333333 0.7930555555555555 0.3940972222222222 0.7833333333333333 0.3940972222222222 0.7791666666666667 0.3888888888888889 0.7791666666666667 0.3697916666666667 0.7861111111111111 0.3645833333333333 0.7930555555555555 0.3680555555555556
0 0.7777777777777778 0.34375 0.7833333333333333 0.3472222222222222 0.7861111111111111 0.3524305555555556 0.7861111111111111 0.3663194444444444 0.7805555555555556 0.3697916666666667 0.7722222222222223 0.3663194444444444 0.7680555555555556 0.359375 0.7680555555555556 0.3454861111111111 0.7763888888888889 0.34375
0 0.3277777777777778 0.5069444444444444 0.3375 0.5121527777777778 0.34305555555555556 0.5190972222222222 0.34444444444444444 0.5225694444444444 0.34305555555555556 0.5347222222222222 0.3333333333333333 0.5364583333333334 0.3263888888888889 0.5329861111111112 0.32083333333333336 0.5260416666666666 0.3194444444444444 0.5173611111111112 0.32222222222222224 0.5104166666666666 0.3263888888888889 0.5086805555555556
0 0.8819444444444444 0.5399305555555556 0.8861111111111111 0.546875 0.8847222222222222 0.5555555555555556 0.8777777777777778 0.5625 0.8625 0.5677083333333334 0.8569444444444444 0.5642361111111112 0.8569444444444444 0.5555555555555556 0.8597222222222223 0.5486111111111112 0.8736111111111111 0.5399305555555556 0.8777777777777778 0.5381944444444444 0.8805555555555555 0.5399305555555556