0 0.4152777777777778 0.3993055555555556 0.4166666666666667 0.4010416666666667 0.4152777777777778 0.4184027777777778 0.4111111111111111 0.4253472222222222 0.40694444444444444 0.4270833333333333 0.4013888888888889 0.4270833333333333 0.3972222222222222 0.421875 0.3972222222222222 0.4131944444444444 0.40694444444444444 0.4010416666666667 0.41388888888888886 0.3993055555555556
0 0.2569444444444444 0.109375 0.2625 0.11631944444444445 0.2625 0.1284722222222222 0.2513888888888889 0.13541666666666666 0.24722222222222223 0.13541666666666666 0.24305555555555555 0.13020833333333334 0.24305555555555555 0.11979166666666667 0.24861111111111112 0.109375 0.25555555555555554 0.109375
0 0.6541666666666667 0.5373263888888888 0.016666666666666666 0.026041666666666668
0 0.5819444444444445 0.40625 0.5888888888888889 0.4097222222222222 0.5888888888888889 0.4149305555555556 0.5861111111111111 0.4201388888888889 0.5763888888888888 0.4305555555555556 0.5680555555555555 0.4288194444444444 0.5666666666666667 0.4253472222222222 0.5680555555555555 0.4114583333333333 0.5805555555555556 0.4079861111111111
0 0.5847222222222223 0.7881944444444444 0.5888888888888889 0.7916666666666666 0.5916666666666667 0.8055555555555556 0.5888888888888889 0.8107638888888888 0.5819444444444445 0.8125 0.5777777777777777 0.8125 0.5722222222222222 0.8055555555555556 0.5708333333333333 0.7986111111111112 0.5763888888888888 0.7881944444444444 0.5805555555555556 0.7864583333333334 0.5833333333333334 0.7881944444444444
0 0.8722222222222222 0.5381944444444444 0.8791666666666667 0.5399305555555556 0.8847222222222222 0.546875 0.8888888888888888 0.5607638888888888 0.8875 0.5711805555555556 0.8791666666666667 0.5729166666666666 0.8708333333333333 0.5590277777777778 0.8722222222222222 0.5399305555555556
0 0.21666666666666667 0.7534722222222222 0.2222222222222222 0.7604166666666666 0.2125 0.7760416666666666 0.20416666666666666 0.7760416666666666 0.2 0.7708333333333334 0.2 0.7621527777777778 0.2013888888888889 0.7569444444444444 0.20555555555555555 0.7534722222222222 0.2152777777777778 0.7534722222222222
0 0.5208333333333334 0.7829861111111112 0.5236111111111111 0.7881944444444444 0.5222222222222223 0.7951388888888888 0.5194444444444445 0.8020833333333334 0.5138888888888888 0.8072916666666666 0.5097222222222222 0.8072916666666666 0.5055555555555555 0.8020833333333334 0.5041666666666667 0.7934027777777778 0.5069444444444444 0.7864583333333334 0.5125 0.7829861111111112 0.5194444444444445 0.7829861111111112
0 0.6125 0.005208333333333333 0.6305555555555555 0.015625 0.6291666666666667 0.020833333333333332 0.6180555555555556 0.027777777777777776 0.6055555555555555 0.027777777777777776 0.6 0.020833333333333332 0.6013888888888889 0.006944444444444444 0.6111111111111112 0.005208333333333333
0 0.9291666666666667 0.14322916666666666 0.013888888888888888 0.046875
0 0.11666666666666667 0.125 0.12222222222222222 0.13368055555555555 0.12222222222222222 0.14930555555555555 0.11666666666666667 0.1545138888888889 0.1111111111111111 0.1527777777777778 0.10694444444444444 0.140625 0.10972222222222222 0.1267361111111111 0.11527777777777778 0.125
0 0.6416666666666667 0.8524305555555556 0.019444444444444445 0.020833333333333332
0 0.7319444444444444 0.2152777777777778 0.7361111111111112 0.2204861111111111 0.7472222222222222 0.2465277777777778 0.7472222222222222 0.2621527777777778 0.7430555555555556 0.2673611111111111 0.7361111111111112 0.265625 0.7277777777777777 0.2552083333333333 0.725 0.2482638888888889 0.7236111111111111 0.22916666666666666 0.7263888888888889 0.2170138888888889 0.7305555555555555 0.2152777777777778
0 0.8625 0.4444444444444444 0.8722222222222222 0.4496527777777778 0.8777777777777778 0.4583333333333333 0.8777777777777778 0.46875 0.8722222222222222 0.4756944444444444 0.8652777777777778 0.4739583333333333 0.8569444444444444 0.4583333333333333 0.8555555555555555 0.4496527777777778 0.8569444444444444 0.4461805555555556 0.8611111111111112 0.4444444444444444
0 0.8416666666666667 0.05555555555555555 0.8458333333333333 0.059027777777777776 0.85 0.07118055555555555 0.8486111111111111 0.08680555555555555 0.8430555555555556 0.0954861111111111 0.8319444444444445 0.0920138888888889 0.8263888888888888 0.08159722222222222 0.8277777777777777 0.0642361111111111 0.8305555555555556 0.059027777777777776 0.8402777777777778 0.05555555555555555
0 0.7138888888888889 0.4427083333333333 0.7194444444444444 0.4479166666666667 0.7208333333333333 0.4548611111111111 0.7208333333333333 0.4600694444444444 0.7166666666666667 0.4652777777777778 0.7111111111111111 0.4652777777777778 0.7041666666666667 0.4600694444444444 0.6972222222222222 0.4444444444444444 0.6986111111111111 0.4409722222222222 0.7125 0.4427083333333333
0 0.9291666666666667 0.6979166666666666 0.9361111111111111 0.7152777777777778 0.9361111111111111 0.7326388888888888 0.9319444444444445 0.7447916666666666 0.9277777777777778 0.7447916666666666 0.9236111111111112 0.7413194444444444 0.9180555555555555 0.7152777777777778 0.9222222222222223 0.6996527777777778 0.9277777777777778 0.6979166666666666
0 0.8805555555555555 0.8229166666666666 0.8875 0.8298611111111112 0.8902777777777777 0.8489583333333334 0.8875 0.8628472222222222 0.8819444444444444 0.8680555555555556 0.8694444444444445 0.8663194444444444 0.8625 0.8541666666666666 0.8625 0.8420138888888888 0.8652777777777778 0.8333333333333334 0.8791666666666667 0.8229166666666666
0 0.30694444444444446 0.8975694444444444 0.31527777777777777 0.9010416666666666 0.32083333333333336 0.9114583333333334 0.32083333333333336 0.9236111111111112 0.31805555555555554 0.9288194444444444 0.30833333333333335 0.9288194444444444 0.30277777777777776 0.9236111111111112 0.2972222222222222 0.8993055555555556 0.3 0.8958333333333334 0.3055555555555556 0.8975694444444444
0 0.3125 0.6145833333333334 0.31527777777777777 0.6163194444444444 0.31805555555555554 0.6232638888888888 0.30694444444444446 0.6354166666666666 0.2902777777777778 0.6354166666666666 0.2875 0.6319444444444444 0.2875 0.6232638888888888 0.3 0.6128472222222222 0.3111111111111111 0.6145833333333334
0 0.6541666666666667 0.4930555555555556 0.6722222222222223 0.5086805555555556 0.6736111111111112 0.5173611111111112 0.6694444444444444 0.5225694444444444 0.6638888888888889 0.5225694444444444 0.6513888888888889 0.515625 0.6444444444444445 0.515625 0.6402777777777777 0.5104166666666666 0.6388888888888888 0.5052083333333334 0.6402777777777777 0.4947916666666667 0.6472222222222223 0.4913194444444444 0.6527777777777778 0.4930555555555556
0 0.8694444444444445 0.9548611111111112 0.8791666666666667 0.953125 0.8833333333333333 0.9652777777777778 0.8833333333333333 0.984375 0.8805555555555555 0.9930555555555556 0.8694444444444445 0.9947916666666666 0.8652777777777778 0.984375 0.8666666666666667 0.9652777777777778 0.8694444444444445 0.9565972222222222
0 0.9388888888888889 0.671875 0.9430555555555555 0.6753472222222222 0.9416666666666667 0.6944444444444444 0.9333333333333333 0.6944444444444444 0.9291666666666667 0.6892361111111112 0.9319444444444445 0.6788194444444444 0.9347222222222222 0.6736111111111112 0.9375 0.6736111111111112
0 0.9527777777777777 0.5868055555555556 0.9541666666666667 0.5989583333333334 0.9527777777777777 0.6197916666666666 0.9486111111111111 0.6163194444444444 0.9472222222222222 0.6059027777777778 0.9472222222222222 0.5920138888888888 0.9513888888888888 0.5868055555555556
0 0.5666666666666667 0.9340277777777778 0.5722222222222222 0.9340277777777778 0.5763888888888888 0.9409722222222222 0.5763888888888888 0.9496527777777778 0.5736111111111111 0.953125 0.5666666666666667 0.953125 0.5652777777777778 0.9496527777777778 0.5666666666666667 0.9357638888888888
0 0.6416666666666667 0.5651041666666666 0.019444444444444445 0.03993055555555555
0 0.32916666666666666 0.6927083333333334 0.33194444444444443 0.6961805555555556 0.33194444444444443 0.7013888888888888 0.3277777777777778 0.7065972222222222 0.30972222222222223 0.7048611111111112 0.3111111111111111 0.6979166666666666 0.32083333333333336 0.6927083333333334 0.3277777777777778 0.6927083333333334
0 0.8541666666666666 0.8038194444444444 0.8652777777777778 0.8107638888888888 0.8638888888888889 0.8194444444444444 0.8597222222222223 0.8211805555555556 0.8513888888888889 0.8333333333333334 0.8458333333333333 0.8333333333333334 0.8402777777777778 0.8298611111111112 0.8361111111111111 0.8211805555555556 0.8375 0.8142361111111112 0.8472222222222222 0.8055555555555556 0.8527777777777777 0.8055555555555556
0 0.8340277777777778 0.984375 0.018055555555555554 0.027777777777777776
0 0.16944444444444445 0.7916666666666666 0.175 0.7899305555555556 0.18333333333333332 0.796875 0.18055555555555555 0.8090277777777778 0.175 0.8142361111111112 0.17083333333333334 0.8107638888888888 0.16805555555555557 0.8038194444444444 0.16944444444444445 0.7934027777777778
0 0.2791666666666667 0.59375 0.2861111111111111 0.6267361111111112 0.2861111111111111 0.6354166666666666 0.28194444444444444 0.6510416666666666 0.2791666666666667 0.6527777777777778 0.275 0.6440972222222222 0.2652777777777778 0.6354166666666666 0.26666666666666666 0.6059027777777778 0.26805555555555555 0.6024305555555556 0.2777777777777778 0.5954861111111112
0 0.9402777777777778 0.8628472222222222 0.9444444444444444 0.875 0.9430555555555555 0.8784722222222222 0.9444444444444444 0.8888888888888888 0.9402777777777778 0.8975694444444444 0.9361111111111111 0.8975694444444444 0.9319444444444445 0.8888888888888888 0.9319444444444445 0.8732638888888888 0.9347222222222222 0.8645833333333334 0.9388888888888889 0.8628472222222222
0 0.7083333333333334 0.4166666666666667 0.7111111111111111 0.4236111111111111 0.7111111111111111 0.4305555555555556 0.7055555555555556 0.4340277777777778 0.6986111111111111 0.4322916666666667 0.6986111111111111 0.4184027777777778 0.7069444444444445 0.4166666666666667
0 0.04722222222222222 0.8524305555555556 0.06111111111111111 0.8611111111111112 0.058333333333333334 0.8645833333333334 0.043055555555555555 0.8697916666666666 0.04027777777777778 0.8663194444444444 0.04027777777777778 0.8506944444444444 0.043055555555555555 0.8489583333333334 0.04583333333333333 0.8524305555555556