0 0.4166666666666667 0.4010416666666667 0.42083333333333334 0.40625 0.42083333333333334 0.4166666666666667 0.41805555555555557 0.4236111111111111 0.41388888888888886 0.4270833333333333 0.4041666666666667 0.4270833333333333 0.4 0.421875 0.4 0.4149305555555556 0.40555555555555556 0.40625 0.4152777777777778 0.4010416666666667
0 0.2652777777777778 0.10243055555555555 0.2722222222222222 0.109375 0.2722222222222222 0.12152777777777778 0.26944444444444443 0.1267361111111111 0.25833333333333336 0.13194444444444445 0.25277777777777777 0.13020833333333334 0.2513888888888889 0.11979166666666667 0.25416666666666665 0.1076388888888889 0.25972222222222224 0.10243055555555555 0.2638888888888889 0.10243055555555555
0 0.6638888888888889 0.5260416666666666 0.6666666666666666 0.5295138888888888 0.6680555555555555 0.5381944444444444 0.6666666666666666 0.5434027777777778 0.6597222222222222 0.5503472222222222 0.6541666666666667 0.5486111111111112 0.65 0.5416666666666666 0.6527777777777778 0.5277777777777778 0.6569444444444444 0.5243055555555556 0.6625 0.5260416666666666
0 0.12222222222222222 0.1232638888888889 0.12916666666666668 0.1284722222222222 0.13194444444444445 0.13541666666666666 0.13194444444444445 0.14583333333333334 0.12638888888888888 0.15104166666666666 0.11944444444444445 0.15104166666666666 0.11666666666666667 0.14756944444444445 0.11527777777777778 0.13194444444444445 0.12083333333333333 0.125
0 0.19722222222222222 0.6232638888888888 0.2013888888888889 0.6284722222222222 0.2013888888888889 0.6371527777777778 0.19722222222222222 0.640625 0.18472222222222223 0.640625 0.17777777777777778 0.6319444444444444 0.17916666666666667 0.6215277777777778 0.19583333333333333 0.6232638888888888
0 0.6222222222222222 0.005208333333333333 0.6402777777777777 0.010416666666666666 0.6444444444444445 0.015625 0.6430555555555556 0.019097222222222224 0.6236111111111111 0.029513888888888888 0.6166666666666667 0.029513888888888888 0.6111111111111112 0.024305555555555556 0.6111111111111112 0.012152777777777778 0.6152777777777778 0.006944444444444444 0.6208333333333333 0.005208333333333333
0 0.5277777777777778 0.7795138888888888 0.5291666666666667 0.7847222222222222 0.5263888888888889 0.7899305555555556 0.5263888888888889 0.7951388888888888 0.5194444444444445 0.8038194444444444 0.5083333333333333 0.8020833333333334 0.5069444444444444 0.7986111111111112 0.5083333333333333 0.7864583333333334 0.5125 0.78125 0.5208333333333334 0.7777777777777778 0.5263888888888889 0.7795138888888888
0 0.5902777777777778 0.4461805555555556 0.5958333333333333 0.4548611111111111 0.5958333333333333 0.46875 0.5888888888888889 0.4774305555555556 0.5833333333333334 0.4756944444444444 0.5791666666666667 0.4635416666666667 0.5805555555555556 0.4513888888888889 0.5847222222222223 0.4461805555555556 0.5888888888888889 0.4461805555555556
0 0.5861111111111111 0.7899305555555556 0.5916666666666667 0.7951388888888888 0.5930555555555556 0.8072916666666666 0.5902777777777778 0.8125 0.5847222222222223 0.8142361111111112 0.5777777777777777 0.8125 0.5736111111111111 0.8020833333333334 0.575 0.7916666666666666 0.5847222222222223 0.7899305555555556
0 0.7319444444444444 0.22569444444444445 0.7416666666666667 0.2361111111111111 0.7472222222222222 0.2482638888888889 0.7472222222222222 0.2604166666666667 0.7430555555555556 0.2673611111111111 0.7333333333333333 0.2638888888888889 0.7263888888888889 0.2534722222222222 0.7236111111111111 0.24305555555555555 0.7236111111111111 0.2326388888888889 0.7263888888888889 0.22569444444444445 0.7305555555555555 0.22569444444444445
0 0.04722222222222222 0.8784722222222222 0.0625 0.890625 0.06666666666666667 0.9010416666666666 0.06666666666666667 0.9097222222222222 0.0625 0.9149305555555556 0.05555555555555555 0.9131944444444444 0.05277777777777778 0.9097222222222222 0.044444444444444446 0.8871527777777778 0.04583333333333333 0.8802083333333334
0 0.8791666666666667 0.5399305555555556 0.8847222222222222 0.5399305555555556 0.8902777777777777 0.5451388888888888 0.8958333333333334 0.5572916666666666 0.8958333333333334 0.5694444444444444 0.8930555555555556 0.5729166666666666 0.8875 0.5729166666666666 0.8833333333333333 0.5694444444444444 0.8791666666666667 0.5572916666666666 0.8791666666666667 0.5416666666666666
0 0.7152777777777778 0.4427083333333333 0.7208333333333333 0.4513888888888889 0.7208333333333333 0.4600694444444444 0.7180555555555556 0.4635416666666667 0.7069444444444445 0.4618055555555556 0.6972222222222222 0.4427083333333333 0.6986111111111111 0.4392361111111111 0.7138888888888889 0.4427083333333333
0 0.8541666666666666 0.052083333333333336 0.8583333333333333 0.05555555555555555 0.8597222222222223 0.06076388888888889 0.8597222222222223 0.0763888888888889 0.8541666666666666 0.08854166666666667 0.8444444444444444 0.08680555555555555 0.8402777777777778 0.08159722222222222 0.8375 0.07118055555555555 0.8375 0.06076388888888889 0.8402777777777778 0.05381944444444445 0.8527777777777777 0.052083333333333336
0 0.2263888888888889 0.7482638888888888 0.22916666666666666 0.7552083333333334 0.21666666666666667 0.7708333333333334 0.20694444444444443 0.7690972222222222 0.20416666666666666 0.7638888888888888 0.20416666666666666 0.7552083333333334 0.20972222222222223 0.7465277777777778 0.21666666666666667 0.7447916666666666 0.225 0.7482638888888888
0 0.8305555555555556 0.05555555555555555 0.8333333333333334 0.06076388888888889 0.8333333333333334 0.0798611111111111 0.8305555555555556 0.09027777777777778 0.8277777777777777 0.09375 0.8208333333333333 0.0920138888888889 0.8208333333333333 0.07118055555555555 0.8236111111111111 0.0625 0.8291666666666667 0.057291666666666664
0 0.9388888888888889 0.7048611111111112 0.016666666666666666 0.04513888888888889
0 0.8666666666666667 0.4479166666666667 0.8722222222222222 0.4513888888888889 0.8777777777777778 0.4618055555555556 0.8763888888888889 0.4704861111111111 0.8722222222222222 0.4739583333333333 0.8680555555555556 0.4739583333333333 0.8611111111111112 0.4652777777777778 0.8555555555555555 0.4513888888888889 0.8569444444444444 0.4461805555555556 0.8652777777777778 0.4479166666666667
0 0.6638888888888889 0.4930555555555556 0.6791666666666667 0.5052083333333334 0.6819444444444445 0.5121527777777778 0.6819444444444445 0.5190972222222222 0.6777777777777778 0.5225694444444444 0.6708333333333333 0.5208333333333334 0.6638888888888889 0.515625 0.6555555555555556 0.515625 0.6527777777777778 0.5121527777777778 0.65 0.5052083333333334 0.65 0.4947916666666667 0.6541666666666667 0.4913194444444444 0.6625 0.4930555555555556
0 0.6541666666666667 0.8489583333333334 0.022222222222222223 0.020833333333333332
0 0.8819444444444444 0.9583333333333334 0.8861111111111111 0.9652777777777778 0.8875 0.9774305555555556 0.8847222222222222 0.9930555555555556 0.8805555555555555 0.9965277777777778 0.8666666666666667 0.9947916666666666 0.8666666666666667 0.9774305555555556 0.8694444444444445 0.9652777777777778 0.8736111111111111 0.9583333333333334 0.8805555555555555 0.9583333333333334
0 0.8888888888888888 0.8263888888888888 0.8958333333333334 0.8333333333333334 0.8958333333333334 0.8559027777777778 0.8944444444444445 0.8628472222222222 0.8888888888888888 0.8697916666666666 0.8847222222222222 0.8715277777777778 0.875 0.8680555555555556 0.8694444444444445 0.8611111111111112 0.8680555555555556 0.84375 0.8736111111111111 0.8333333333333334 0.8875 0.8263888888888888
0 0.9458333333333333 0.11805555555555555 0.9486111111111111 0.11805555555555555 0.9486111111111111 0.14583333333333334 0.9444444444444444 0.16145833333333334 0.9402777777777778 0.16493055555555555 0.9361111111111111 0.16319444444444445 0.9333333333333333 0.14756944444444445 0.9375 0.13194444444444445 0.9458333333333333 0.11979166666666667