0 0.4 0.3732638888888889 0.4041666666666667 0.3802083333333333 0.4041666666666667 0.3888888888888889 0.4 0.3940972222222222 0.39305555555555555 0.3923611111111111 0.3875 0.3819444444444444 0.3875 0.375 0.3902777777777778 0.3715277777777778 0.39861111111111114 0.3732638888888889
0 0.5118055555555555 0.7942708333333334 0.020833333333333332 0.026041666666666668
0 0.21319444444444444 0.7769097222222222 0.020833333333333332 0.029513888888888888
0 0.24027777777777778 0.11805555555555555 0.24305555555555555 0.1232638888888889 0.24305555555555555 0.13194444444444445 0.24027777777777778 0.1371527777777778 0.23194444444444445 0.140625 0.22777777777777777 0.140625 0.225 0.1371527777777778 0.225 0.1267361111111111 0.23055555555555557 0.11631944444444445 0.2388888888888889 0.11805555555555555
0 0.5805555555555556 0.7864583333333334 0.5861111111111111 0.796875 0.5861111111111111 0.8020833333333334 0.5805555555555556 0.8072916666666666 0.5736111111111111 0.8072916666666666 0.5666666666666667 0.7986111111111112 0.5680555555555555 0.7864583333333334 0.5708333333333333 0.7847222222222222 0.5791666666666667 0.7864583333333334
0 0.6194444444444445 0.390625 0.6263888888888889 0.3975694444444444 0.6194444444444445 0.4079861111111111 0.6097222222222223 0.4079861111111111 0.6055555555555555 0.4027777777777778 0.6055555555555555 0.3940972222222222 0.6083333333333333 0.390625 0.6180555555555556 0.390625
0 0.10833333333333334 0.13541666666666666 0.1111111111111111 0.1440972222222222 0.1111111111111111 0.1527777777777778 0.10694444444444444 0.16145833333333334 0.10277777777777777 0.16145833333333334 0.1 0.1579861111111111 0.09722222222222222 0.14583333333333334 0.09861111111111111 0.1371527777777778 0.10138888888888889 0.13368055555555555 0.10694444444444444 0.13541666666666666
0 0.08055555555555556 0.7673611111111112 0.08611111111111111 0.7690972222222222 0.09027777777777778 0.7829861111111112 0.09027777777777778 0.7986111111111112 0.0875 0.8055555555555556 0.08333333333333333 0.8090277777777778 0.07916666666666666 0.8090277777777778 0.0763888888888889 0.8055555555555556 0.07777777777777778 0.7743055555555556 0.08055555555555556 0.7690972222222222
0 0.6875 0.4409722222222222 0.7027777777777777 0.4409722222222222 0.7097222222222223 0.4479166666666667 0.7097222222222223 0.4600694444444444 0.6986111111111111 0.4618055555555556 0.6888888888888889 0.4513888888888889 0.6875 0.4427083333333333
0 0.9111111111111111 0.5416666666666666 0.9152777777777777 0.5451388888888888 0.9138888888888889 0.5659722222222222 0.9111111111111111 0.5694444444444444 0.9041666666666667 0.5694444444444444 0.9 0.5625 0.9013888888888889 0.5503472222222222 0.9069444444444444 0.5434027777777778 0.9097222222222222 0.5434027777777778
0 0.64375 0.5390625 0.018055555555555554 0.022569444444444444
0 0.6041666666666666 0.006944444444444444 0.6125 0.015625 0.6125 0.019097222222222224 0.5986111111111111 0.026041666666666668 0.5930555555555556 0.026041666666666668 0.5875 0.022569444444444444 0.5861111111111111 0.010416666666666666 0.5902777777777778 0 0.5972222222222222 0 0.6027777777777777 0.006944444444444444
0 0.9222222222222223 0.71875 0.9277777777777778 0.7274305555555556 0.9277777777777778 0.7430555555555556 0.9208333333333333 0.7517361111111112 0.9097222222222222 0.7482638888888888 0.9083333333333333 0.7361111111111112 0.9111111111111111 0.7222222222222222 0.9208333333333333 0.71875
0 0.6222222222222222 0.8454861111111112 0.6263888888888889 0.8472222222222222 0.6291666666666667 0.8524305555555556 0.6291666666666667 0.8576388888888888 0.6236111111111111 0.8663194444444444 0.6152777777777778 0.8663194444444444 0.6083333333333333 0.8611111111111112 0.6083333333333333 0.8559027777777778 0.6152777777777778 0.8472222222222222 0.6208333333333333 0.8454861111111112
0 0.8513888888888889 0.4427083333333333 0.8638888888888889 0.4444444444444444 0.8708333333333333 0.4496527777777778 0.8777777777777778 0.4600694444444444 0.8777777777777778 0.4670138888888889 0.875 0.4722222222222222 0.8722222222222222 0.4739583333333333 0.8666666666666667 0.4722222222222222 0.8541666666666666 0.4548611111111111 0.8513888888888889 0.4496527777777778 0.8513888888888889 0.4444444444444444
0 0.8583333333333333 0.5416666666666666 0.8652777777777778 0.546875 0.8722222222222222 0.5607638888888888 0.8708333333333333 0.5763888888888888 0.8638888888888889 0.578125 0.8583333333333333 0.5711805555555556 0.8555555555555555 0.5625 0.8569444444444444 0.5434027777777778
0 0.9048611111111111 0.1527777777777778 0.015277777777777777 0.034722222222222224
0 0.4583333333333333 0.6354166666666666 0.4722222222222222 0.6423611111111112 0.47638888888888886 0.6475694444444444 0.4791666666666667 0.6597222222222222 0.4736111111111111 0.6631944444444444 0.4625 0.6631944444444444 0.45555555555555555 0.6579861111111112 0.45416666666666666 0.6371527777777778 0.45694444444444443 0.6354166666666666
0 0.9166666666666666 0.05381944444444445 0.9236111111111112 0.05555555555555555 0.9333333333333333 0.0642361111111111 0.9347222222222222 0.06944444444444445 0.9305555555555556 0.07465277777777778 0.9208333333333333 0.07465277777777778 0.9125 0.06770833333333333 0.9111111111111111 0.057291666666666664 0.9152777777777777 0.05381944444444445
0 0.7333333333333333 0.22569444444444445 0.7402777777777778 0.234375 0.7472222222222222 0.25 0.7472222222222222 0.2604166666666667 0.7444444444444445 0.265625 0.7361111111111112 0.265625 0.725 0.2482638888888889 0.7236111111111111 0.2326388888888889 0.7277777777777777 0.22569444444444445 0.7319444444444444 0.22569444444444445
0 0.6305555555555555 0.4965277777777778 0.65 0.5104166666666666 0.6527777777777778 0.5173611111111112 0.6527777777777778 0.5225694444444444 0.65 0.5260416666666666 0.6263888888888889 0.5208333333333334 0.6208333333333333 0.5138888888888888 0.6194444444444445 0.5017361111111112 0.625 0.4965277777777778 0.6291666666666667 0.4965277777777778
0 0.6791666666666667 0.421875 0.6833333333333333 0.4236111111111111 0.6861111111111111 0.4288194444444444 0.6888888888888889 0.4375 0.6875 0.4444444444444444 0.6805555555555556 0.4427083333333333 0.6722222222222223 0.4357638888888889 0.6708333333333333 0.4253472222222222 0.6736111111111112 0.421875 0.6777777777777778 0.421875
0 0.8652777777777778 0.8246527777777778 0.8763888888888889 0.8385416666666666 0.8777777777777778 0.84375 0.8763888888888889 0.8611111111111112 0.8694444444444445 0.8680555555555556 0.8611111111111112 0.8680555555555556 0.8555555555555555 0.8645833333333334 0.8513888888888889 0.8576388888888888 0.8513888888888889 0.8420138888888888 0.8555555555555555 0.8315972222222222 0.8638888888888889 0.8263888888888888
0 0.75 0 0.7625 0 0.7638888888888888 0.003472222222222222 0.7625 0.013888888888888888 0.7541666666666667 0.019097222222222224 0.7486111111111111 0.012152777777777778 0.75 0.001736111111111111
0 0.5736111111111111 0.9357638888888888 0.5763888888888888 0.9409722222222222 0.5763888888888888 0.9479166666666666 0.5708333333333333 0.953125 0.5666666666666667 0.953125 0.5625 0.9444444444444444 0.5652777777777778 0.9357638888888888 0.5722222222222222 0.9357638888888888
0 0.8180555555555555 0.06770833333333333 0.8222222222222222 0.0763888888888889 0.8222222222222222 0.08854166666666667 0.8180555555555555 0.10243055555555555 0.8 0.10243055555555555 0.7986111111111112 0.10069444444444445 0.8 0.07291666666666667 0.8055555555555556 0.06597222222222222 0.8166666666666667 0.06770833333333333
0 0.8583333333333333 0.9583333333333334 0.8638888888888889 0.9600694444444444 0.8736111111111111 0.9739583333333334 0.8722222222222222 0.9913194444444444 0.8666666666666667 0.9965277777777778 0.8625 0.9965277777777778 0.8597222222222223 0.9930555555555556 0.8569444444444444 0.9791666666666666 0.8513888888888889 0.96875 0.8527777777777777 0.9635416666666666 0.8569444444444444 0.9600694444444444
0 0.6416666666666667 0.5668402777777778 0.019444444444444445 0.036458333333333336
0 0.8430555555555556 0.8072916666666666 0.8486111111111111 0.8107638888888888 0.8513888888888889 0.8211805555555556 0.8361111111111111 0.8368055555555556 0.8291666666666667 0.8350694444444444 0.825 0.8298611111111112 0.8236111111111111 0.8177083333333334 0.8333333333333334 0.8090277777777778 0.8416666666666667 0.8072916666666666
0 0.9111111111111111 0.7465277777777778 0.9208333333333333 0.7517361111111112 0.9180555555555555 0.7690972222222222 0.9138888888888889 0.7777777777777778 0.9083333333333333 0.7795138888888888 0.9055555555555556 0.7725694444444444 0.9055555555555556 0.7586805555555556 0.9097222222222222 0.7482638888888888
0 0.12361111111111112 0.5243055555555556 0.011111111111111112 0.017361111111111112