0 0.11527777777777778 0.6024305555555556 0.11805555555555555 0.6059027777777778 0.11805555555555555 0.6163194444444444 0.1125 0.625 0.10555555555555556 0.6284722222222222 0.0875 0.6284722222222222 0.08611111111111111 0.625 0.0875 0.6197916666666666 0.10416666666666667 0.6024305555555556 0.10833333333333334 0.6006944444444444 0.11388888888888889 0.6024305555555556
0 0.4736111111111111 0.9079861111111112 0.025 0.024305555555555556
0 0.4388888888888889 0.6571180555555556 0.013888888888888888 0.03298611111111111
0 0.7041666666666667 0.8975694444444444 0.7097222222222223 0.9045138888888888 0.7083333333333334 0.9253472222222222 0.6986111111111111 0.9236111111111112 0.6930555555555555 0.9131944444444444 0.6944444444444444 0.8993055555555556 0.7027777777777777 0.8975694444444444
0 0.7027777777777777 0.3211805555555556 0.7125 0.3194444444444444 0.7166666666666667 0.3263888888888889 0.7152777777777778 0.3385416666666667 0.7027777777777777 0.3541666666666667 0.7 0.3524305555555556 0.6986111111111111 0.3472222222222222 0.7 0.3298611111111111 0.7027777777777777 0.3229166666666667
0 0.8819444444444444 0.5347222222222222 0.8847222222222222 0.5416666666666666 0.8847222222222222 0.5503472222222222 0.8819444444444444 0.5555555555555556 0.8763888888888889 0.5590277777777778 0.8638888888888889 0.5590277777777778 0.8597222222222223 0.5503472222222222 0.8666666666666667 0.5399305555555556 0.8805555555555555 0.5347222222222222
0 0.2152777777777778 0.5989583333333334 0.2222222222222222 0.6024305555555556 0.2263888888888889 0.6076388888888888 0.2263888888888889 0.6180555555555556 0.2222222222222222 0.6215277777777778 0.2125 0.6197916666666666 0.20694444444444443 0.609375 0.20694444444444443 0.6024305555555556 0.21388888888888888 0.5989583333333334
0 0.30277777777777776 0.765625 0.30833333333333335 0.7673611111111112 0.3111111111111111 0.7829861111111112 0.30972222222222223 0.796875 0.30694444444444446 0.8020833333333334 0.3013888888888889 0.8038194444444444 0.2986111111111111 0.8003472222222222 0.2986111111111111 0.7795138888888888 0.30277777777777776 0.7673611111111112
0 0.5847222222222223 0.5173611111111112 0.5861111111111111 0.5260416666666666 0.5805555555555556 0.53125 0.5736111111111111 0.53125 0.5638888888888889 0.5260416666666666 0.5625 0.515625 0.5666666666666667 0.5121527777777778 0.5763888888888888 0.5121527777777778 0.5833333333333334 0.5173611111111112
0 0.9055555555555556 0.3602430555555556 0.019444444444444445 0.022569444444444444
0 0.4444444444444444 0.7256944444444444 0.4486111111111111 0.734375 0.4486111111111111 0.7447916666666666 0.44166666666666665 0.7534722222222222 0.43472222222222223 0.7517361111111112 0.43194444444444446 0.7465277777777778 0.43194444444444446 0.7378472222222222 0.4361111111111111 0.7291666666666666 0.44305555555555554 0.7256944444444444
0 0.5805555555555556 0.46875 0.5944444444444444 0.4739583333333333 0.6 0.4826388888888889 0.6 0.4930555555555556 0.5972222222222222 0.4965277777777778 0.5861111111111111 0.4965277777777778 0.5805555555555556 0.4930555555555556 0.5763888888888888 0.4826388888888889 0.5763888888888888 0.4722222222222222 0.5791666666666667 0.4704861111111111
0 0.8138888888888889 0.5538194444444444 0.8208333333333333 0.5625 0.8208333333333333 0.5694444444444444 0.8166666666666667 0.5729166666666666 0.8013888888888889 0.5729166666666666 0.7986111111111112 0.5711805555555556 0.7972222222222223 0.5659722222222222 0.8 0.5538194444444444 0.8125 0.5538194444444444
0 0.08055555555555556 0.7239583333333334 0.08055555555555556 0.734375 0.08333333333333333 0.7430555555555556 0.08055555555555556 0.7517361111111112 0.0763888888888889 0.7552083333333334 0.06111111111111111 0.7534722222222222 0.059722222222222225 0.7413194444444444 0.06666666666666667 0.7274305555555556 0.0763888888888889 0.7222222222222222 0.07916666666666666 0.7239583333333334
0 0.8444444444444444 0.2899305555555556 0.8486111111111111 0.2881944444444444 0.8555555555555555 0.3020833333333333 0.8555555555555555 0.3177083333333333 0.8513888888888889 0.3229166666666667 0.8458333333333333 0.3211805555555556 0.8416666666666667 0.3125 0.8416666666666667 0.2986111111111111 0.8444444444444444 0.2916666666666667
0 0.8472222222222222 0.5208333333333334 0.8527777777777777 0.5260416666666666 0.8555555555555555 0.546875 0.8486111111111111 0.5486111111111112 0.8430555555555556 0.5572916666666666 0.8347222222222223 0.5555555555555556 0.8277777777777777 0.5486111111111112 0.8263888888888888 0.5329861111111112 0.8333333333333334 0.5243055555555556 0.8458333333333333 0.5208333333333334
0 0.4777777777777778 0.7569444444444444 0.48055555555555557 0.75 0.4888888888888889 0.7413194444444444 0.49583333333333335 0.7413194444444444 0.49722222222222223 0.75 0.49166666666666664 0.7586805555555556 0.48333333333333334 0.7621527777777778 0.4791666666666667 0.7586805555555556
0 0.45625 0.9887152777777778 0.02361111111111111 0.019097222222222224
0 0.4652777777777778 0.7118055555555556 0.4708333333333333 0.71875 0.4708333333333333 0.7413194444444444 0.4625 0.7569444444444444 0.4527777777777778 0.7552083333333334 0.4486111111111111 0.7413194444444444 0.44722222222222224 0.7239583333333334 0.4527777777777778 0.7118055555555556 0.45555555555555555 0.7100694444444444 0.4638888888888889 0.7118055555555556
0 0.8493055555555555 0.5529513888888888 0.015277777777777777 0.022569444444444444
0 0.3236111111111111 0.1267361111111111 0.325 0.1371527777777778 0.32083333333333336 0.16319444444444445 0.31666666666666665 0.171875 0.30833333333333335 0.1701388888888889 0.30694444444444446 0.1545138888888889 0.31805555555555554 0.13020833333333334 0.32222222222222224 0.1267361111111111
0 0.2611111111111111 0.125 0.26805555555555555 0.1284722222222222 0.2625 0.1388888888888889 0.25555555555555554 0.14756944444444445 0.2513888888888889 0.14930555555555555 0.24583333333333332 0.14583333333333334 0.24444444444444444 0.140625 0.24583333333333332 0.13020833333333334 0.25 0.125 0.25972222222222224 0.125
0 0.23194444444444445 0.4791666666666667 0.24027777777777778 0.4826388888888889 0.24583333333333332 0.4947916666666667 0.24444444444444444 0.5138888888888888 0.24027777777777778 0.5208333333333334 0.23333333333333334 0.5260416666666666 0.2263888888888889 0.5260416666666666 0.21944444444444444 0.5225694444444444 0.21388888888888888 0.5104166666666666 0.21388888888888888 0.4965277777777778 0.21666666666666667 0.4861111111111111 0.22361111111111112 0.4809027777777778 0.23055555555555557 0.4791666666666667
0 0.7777777777777778 0.3472222222222222 0.7819444444444444 0.3506944444444444 0.7805555555555556 0.3680555555555556 0.7722222222222223 0.3680555555555556 0.7680555555555556 0.3645833333333333 0.7666666666666667 0.359375 0.7680555555555556 0.3489583333333333 0.7763888888888889 0.3472222222222222
0 0.7916666666666666 0.3680555555555556 0.7972222222222223 0.3732638888888889 0.7972222222222223 0.3871527777777778 0.7930555555555555 0.3940972222222222 0.7888888888888889 0.3958333333333333 0.7805555555555556 0.3923611111111111 0.7777777777777778 0.3715277777777778 0.7847222222222222 0.3663194444444444 0.7902777777777777 0.3680555555555556
0 0.8 0.8888888888888888 0.8041666666666667 0.8940972222222222 0.8041666666666667 0.9045138888888888 0.8 0.9114583333333334 0.7958333333333333 0.9114583333333334 0.7902777777777777 0.90625 0.7902777777777777 0.8940972222222222 0.7944444444444444 0.8888888888888888 0.7986111111111112 0.8888888888888888
0 0.3277777777777778 0.5069444444444444 0.33194444444444443 0.5104166666666666 0.3375 0.5260416666666666 0.3375 0.5347222222222222 0.3347222222222222 0.5399305555555556 0.3194444444444444 0.5381944444444444 0.31666666666666665 0.5364583333333334 0.3138888888888889 0.5295138888888888 0.3138888888888889 0.5138888888888888 0.31666666666666665 0.5069444444444444 0.31805555555555554 0.5052083333333334 0.3263888888888889 0.5069444444444444
0 0.425 0.7274305555555556 0.42916666666666664 0.734375 0.42083333333333334 0.7465277777777778 0.4152777777777778 0.7430555555555556 0.4097222222222222 0.7309027777777778 0.4152777777777778 0.7256944444444444 0.4236111111111111 0.7274305555555556
0 0.7055555555555556 0.4201388888888889 0.7027777777777777 0.4149305555555556 0.7027777777777777 0.4097222222222222 0.7083333333333334 0.4010416666666667 0.7125 0.4010416666666667 0.7166666666666667 0.40625 0.7180555555555556 0.4166666666666667 0.7152777777777778 0.421875 0.7069444444444445 0.4201388888888889
0 0.3375 0.7152777777777778 0.34305555555555556 0.7222222222222222 0.34305555555555556 0.7326388888888888 0.3388888888888889 0.7378472222222222 0.3277777777777778 0.7413194444444444 0.3263888888888889 0.71875 0.33611111111111114 0.7152777777777778