0 0.41388888888888886 0.3993055555555556 0.41805555555555557 0.4045138888888889 0.41805555555555557 0.4166666666666667 0.4083333333333333 0.4288194444444444 0.4 0.4270833333333333 0.39861111111111114 0.4149305555555556 0.40555555555555556 0.4027777777777778 0.4125 0.3993055555555556
0 0.25972222222222224 0.109375 0.2638888888888889 0.11458333333333333 0.2638888888888889 0.1267361111111111 0.2611111111111111 0.13194444444444445 0.25416666666666665 0.13541666666666666 0.24444444444444444 0.13368055555555555 0.24305555555555555 0.1232638888888889 0.24861111111111112 0.1111111111111111 0.25833333333333336 0.109375
0 0.5805555555555556 0.4270833333333333 0.022222222222222223 0.024305555555555556
0 0.6548611111111111 0.5373263888888888 0.018055555555555554 0.026041666666666668
0 0.5847222222222223 0.7881944444444444 0.5916666666666667 0.796875 0.5916666666666667 0.8072916666666666 0.5861111111111111 0.8125 0.5777777777777777 0.8125 0.5722222222222222 0.8055555555555556 0.5708333333333333 0.8003472222222222 0.5736111111111111 0.7899305555555556 0.5833333333333334 0.7881944444444444
0 0.11597222222222223 0.140625 0.015277777777777777 0.03125
0 0.7152777777777778 0.4409722222222222 0.7208333333333333 0.4496527777777778 0.7208333333333333 0.4600694444444444 0.7152777777777778 0.4652777777777778 0.7055555555555556 0.4600694444444444 0.6986111111111111 0.4461805555555556 0.7 0.4392361111111111 0.7138888888888889 0.4409722222222222
0 0.5152777777777777 0.7934027777777778 0.019444444444444445 0.024305555555555556
0 0.32083333333333336 0.8923611111111112 0.325 0.9027777777777778 0.3236111111111111 0.9097222222222222 0.32083333333333336 0.9114583333333334 0.30972222222222223 0.9097222222222222 0.30694444444444446 0.9010416666666666 0.30972222222222223 0.8940972222222222 0.3194444444444444 0.8923611111111112
0 0.8763888888888889 0.5399305555555556 0.8861111111111111 0.546875 0.8888888888888888 0.5520833333333334 0.8916666666666667 0.5642361111111112 0.8902777777777777 0.5711805555555556 0.8833333333333333 0.5746527777777778 0.8763888888888889 0.5677083333333334 0.8736111111111111 0.5538194444444444 0.875 0.5416666666666666
0 0.8583333333333333 0.4461805555555556 0.8694444444444445 0.4479166666666667 0.8777777777777778 0.4583333333333333 0.8763888888888889 0.4722222222222222 0.8680555555555556 0.4739583333333333 0.8611111111111112 0.4670138888888889 0.8583333333333333 0.4600694444444444 0.8569444444444444 0.453125 0.8583333333333333 0.4479166666666667
0 0.2111111111111111 0.7638888888888888 0.019444444444444445 0.020833333333333332
0 0.7277777777777777 0.2170138888888889 0.7305555555555555 0.2152777777777778 0.7347222222222223 0.2170138888888889 0.7375 0.22916666666666666 0.7472222222222222 0.2482638888888889 0.7472222222222222 0.2621527777777778 0.7416666666666667 0.2673611111111111 0.7347222222222223 0.2638888888888889 0.7291666666666666 0.2569444444444444 0.7236111111111111 0.24131944444444445 0.7236111111111111 0.2309027777777778 0.7277777777777777 0.21875
0 0.6125 0.005208333333333333 0.6319444444444444 0.015625 0.6291666666666667 0.022569444444444444 0.6125 0.029513888888888888 0.6041666666666666 0.026041666666666668 0.6013888888888889 0.020833333333333332 0.6027777777777777 0.006944444444444444 0.6111111111111112 0.005208333333333333
0 0.6513888888888889 0.8402777777777778 0.6541666666666667 0.84375 0.6541666666666667 0.859375 0.6472222222222223 0.8645833333333334 0.6333333333333333 0.859375 0.6319444444444444 0.8541666666666666 0.6430555555555556 0.8402777777777778 0.65 0.8402777777777778
0 0.8819444444444444 0.8211805555555556 0.8875 0.8263888888888888 0.8902777777777777 0.8333333333333334 0.8916666666666667 0.8489583333333334 0.8902777777777777 0.859375 0.8833333333333333 0.8663194444444444 0.8736111111111111 0.8663194444444444 0.8680555555555556 0.8628472222222222 0.8625 0.8506944444444444 0.8652777777777778 0.8333333333333334 0.8722222222222222 0.8246527777777778 0.8805555555555555 0.8211805555555556
0 0.6597222222222222 0.4965277777777778 0.6680555555555555 0.5017361111111112 0.6736111111111112 0.5086805555555556 0.675 0.5173611111111112 0.6708333333333333 0.5225694444444444 0.6638888888888889 0.5225694444444444 0.6541666666666667 0.515625 0.6486111111111111 0.515625 0.6430555555555556 0.5104166666666666 0.6416666666666667 0.4965277777777778 0.6444444444444445 0.4930555555555556 0.6513888888888889 0.4913194444444444 0.6583333333333333 0.4965277777777778
0 0.8444444444444444 0.057291666666666664 0.8486111111111111 0.0625 0.8513888888888889 0.07291666666666667 0.8486111111111111 0.09027777777777778 0.8444444444444444 0.0954861111111111 0.8305555555555556 0.08854166666666667 0.8277777777777777 0.08159722222222222 0.8291666666666667 0.0625 0.8375 0.05555555555555555 0.8430555555555556 0.057291666666666664
0 0.9305555555555556 0.15104166666666666 0.013888888888888888 0.03125
0 0.8597222222222223 0.9704861111111112 0.8666666666666667 0.9548611111111112 0.8722222222222222 0.9513888888888888 0.8805555555555555 0.953125 0.8847222222222222 0.9600694444444444 0.8861111111111111 0.9791666666666666 0.8791666666666667 0.9930555555555556 0.8680555555555556 0.9930555555555556 0.8611111111111112 0.9722222222222222
0 0.28125 0.6215277777777778 0.03194444444444444 0.05555555555555555
0 0.9305555555555556 0.6822916666666666 0.9291666666666667 0.6770833333333334 0.9319444444444445 0.6701388888888888 0.9402777777777778 0.6597222222222222 0.9458333333333333 0.6614583333333334 0.9458333333333333 0.6770833333333334 0.9402777777777778 0.6840277777777778 0.9319444444444445 0.6822916666666666
0 0.5666666666666667 0.9340277777777778 0.5722222222222222 0.9340277777777778 0.5763888888888888 0.9409722222222222 0.5763888888888888 0.9496527777777778 0.5736111111111111 0.953125 0.5666666666666667 0.953125 0.5638888888888889 0.9444444444444444 0.5666666666666667 0.9357638888888888
0 0.18055555555555555 0.7916666666666666 0.18472222222222223 0.7951388888888888 0.18611111111111112 0.8003472222222222 0.18611111111111112 0.8090277777777778 0.18194444444444444 0.8159722222222222 0.17222222222222222 0.8142361111111112 0.16805555555555557 0.8038194444444444 0.16944444444444445 0.7934027777777778 0.17916666666666667 0.7916666666666666
0 0.9333333333333333 0.6909722222222222 0.9361111111111111 0.7013888888888888 0.9361111111111111 0.7309027777777778 0.9277777777777778 0.7413194444444444 0.9236111111111112 0.7378472222222222 0.9222222222222223 0.7326388888888888 0.9208333333333333 0.7100694444444444 0.9236111111111112 0.6927083333333334 0.9319444444444445 0.6909722222222222
0 0.6423611111111112 0.5642361111111112 0.020833333333333332 0.03819444444444445
0 0.8520833333333333 0.8168402777777778 0.029166666666666667 0.029513888888888888
0 0.30972222222222223 0.6979166666666666 0.3194444444444444 0.6927083333333334 0.32916666666666666 0.6927083333333334 0.33194444444444443 0.6979166666666666 0.33055555555555555 0.7048611111111112 0.3277777777777778 0.7065972222222222 0.3111111111111111 0.7065972222222222 0.30972222222222223 0.6996527777777778