0 0.49027777777777776 0.7430555555555556 0.49722222222222223 0.7378472222222222 0.5041666666666667 0.7395833333333334 0.5041666666666667 0.7465277777777778 0.49583333333333335 0.7604166666666666 0.4875 0.7604166666666666 0.48333333333333334 0.7552083333333334 0.49027777777777776 0.7447916666666666
0 0.48055555555555557 0.8975694444444444 0.48333333333333334 0.9010416666666666 0.48333333333333334 0.90625 0.48055555555555557 0.9131944444444444 0.4722222222222222 0.9201388888888888 0.4652777777777778 0.9184027777777778 0.4625 0.9149305555555556 0.4625 0.9079861111111112 0.46805555555555556 0.8975694444444444 0.4708333333333333 0.8958333333333334 0.4791666666666667 0.8975694444444444
0 0.43194444444444446 0.7378472222222222 0.4305555555555556 0.7291666666666666 0.44305555555555554 0.7170138888888888 0.45 0.7170138888888888 0.4513888888888889 0.7204861111111112 0.4486111111111111 0.7395833333333334 0.44027777777777777 0.7430555555555556 0.43333333333333335 0.7378472222222222
0 0.18472222222222223 0.5711805555555556 0.19027777777777777 0.5746527777777778 0.19305555555555556 0.5798611111111112 0.19305555555555556 0.5902777777777778 0.18888888888888888 0.5954861111111112 0.17777777777777778 0.5920138888888888 0.1736111111111111 0.5850694444444444 0.1736111111111111 0.5746527777777778 0.1763888888888889 0.5711805555555556 0.18333333333333332 0.5711805555555556
0 0.5027777777777778 0.953125 0.5055555555555555 0.9583333333333334 0.5041666666666667 0.9652777777777778 0.49166666666666664 0.9774305555555556 0.48333333333333334 0.9756944444444444 0.48055555555555557 0.9704861111111112 0.48055555555555557 0.9635416666666666 0.4875 0.9548611111111112 0.5013888888888889 0.953125
0 0.44166666666666665 0.6736111111111112 0.44583333333333336 0.6770833333333334 0.44722222222222224 0.6840277777777778 0.44027777777777777 0.6979166666666666 0.43472222222222223 0.6979166666666666 0.4305555555555556 0.6909722222222222 0.43194444444444446 0.6805555555555556 0.44027777777777777 0.6736111111111112
0 0.46805555555555556 0.7083333333333334 0.4722222222222222 0.7135416666666666 0.4736111111111111 0.734375 0.4708333333333333 0.7413194444444444 0.4625 0.75 0.45555555555555555 0.75 0.4513888888888889 0.7430555555555556 0.4513888888888889 0.7135416666666666 0.4583333333333333 0.7065972222222222 0.4666666666666667 0.7083333333333334
0 0.24166666666666667 0.5989583333333334 0.24722222222222223 0.6024305555555556 0.2513888888888889 0.609375 0.2513888888888889 0.6197916666666666 0.24722222222222223 0.6232638888888888 0.2388888888888889 0.6215277777777778 0.23333333333333334 0.6111111111111112 0.23472222222222222 0.6006944444444444 0.24027777777777778 0.5989583333333334
0 0.7180555555555556 0.8940972222222222 0.7236111111111111 0.9010416666666666 0.725 0.90625 0.725 0.9184027777777778 0.7222222222222222 0.921875 0.7138888888888889 0.9201388888888888 0.7069444444444445 0.9097222222222222 0.7069444444444445 0.8975694444444444 0.7166666666666667 0.8940972222222222
0 0.8486111111111111 0.2916666666666667 0.8513888888888889 0.2899305555555556 0.8555555555555555 0.2916666666666667 0.8611111111111112 0.3003472222222222 0.8597222222222223 0.3177083333333333 0.8513888888888889 0.3211805555555556 0.8458333333333333 0.3125 0.8458333333333333 0.296875 0.8486111111111111 0.2934027777777778
0 0.5861111111111111 0.4652777777777778 0.5958333333333333 0.4739583333333333 0.6013888888888889 0.4861111111111111 0.6 0.4947916666666667 0.5916666666666667 0.4947916666666667 0.5861111111111111 0.4913194444444444 0.5805555555555556 0.4826388888888889 0.5791666666666667 0.4670138888888889 0.5847222222222223 0.4652777777777778
0 0.4597222222222222 0.6267361111111112 0.4638888888888889 0.6354166666666666 0.4638888888888889 0.6493055555555556 0.4583333333333333 0.6579861111111112 0.4527777777777778 0.6614583333333334 0.4486111111111111 0.6545138888888888 0.4486111111111111 0.6388888888888888 0.4513888888888889 0.6302083333333334 0.4583333333333333 0.6267361111111112
0 0.3236111111111111 0.75 0.3263888888888889 0.7517361111111112 0.33055555555555555 0.7673611111111112 0.32916666666666666 0.7864583333333334 0.325 0.7899305555555556 0.3194444444444444 0.7864583333333334 0.31805555555555554 0.7725694444444444 0.3236111111111111 0.7517361111111112
0 0.9097222222222222 0.3628472222222222 0.022222222222222223 0.020833333333333332
0 0.7083333333333334 0.2048611111111111 0.7125 0.21180555555555555 0.7125 0.22916666666666666 0.7111111111111111 0.234375 0.7055555555555556 0.23958333333333334 0.6986111111111111 0.22916666666666666 0.6986111111111111 0.21180555555555555 0.7027777777777777 0.2048611111111111 0.7069444444444445 0.2048611111111111
0 0.24444444444444444 0.20399305555555555 0.019444444444444445 0.029513888888888888
0 0.6680555555555555 0.4947916666666667 0.675 0.4982638888888889 0.6763888888888889 0.5017361111111112 0.6777777777777778 0.5173611111111112 0.675 0.5260416666666666 0.6680555555555555 0.5260416666666666 0.6638888888888889 0.5208333333333334 0.6611111111111111 0.5104166666666666 0.6611111111111111 0.4965277777777778 0.6666666666666666 0.4947916666666667
0 0.2611111111111111 0.1232638888888889 0.2638888888888889 0.13020833333333334 0.2625 0.1371527777777778 0.2611111111111111 0.1423611111111111 0.25555555555555554 0.14756944444444445 0.24861111111111112 0.1440972222222222 0.24722222222222223 0.13541666666666666 0.25277777777777777 0.1232638888888889 0.25972222222222224 0.1232638888888889
0 0.24583333333333332 0.4774305555555556 0.25416666666666665 0.4878472222222222 0.25416666666666665 0.5 0.24861111111111112 0.515625 0.24166666666666667 0.5208333333333334 0.23333333333333334 0.5208333333333334 0.2263888888888889 0.515625 0.22361111111111112 0.5104166666666666 0.2222222222222222 0.4982638888888889 0.22361111111111112 0.4861111111111111 0.22916666666666666 0.4774305555555556 0.23333333333333334 0.4756944444444444 0.24444444444444444 0.4774305555555556