0 0.47638888888888886 0.8958333333333334 0.48333333333333334 0.8993055555555556 0.48333333333333334 0.9079861111111112 0.47638888888888886 0.9184027777777778 0.4722222222222222 0.9201388888888888 0.4652777777777778 0.9184027777777778 0.4625 0.9149305555555556 0.4625 0.90625 0.46805555555555556 0.8975694444444444 0.475 0.8958333333333334
0 0.7027777777777777 0.3246527777777778 0.7097222222222223 0.3229166666666667 0.7125 0.3246527777777778 0.7152777777777778 0.3315972222222222 0.7125 0.34375 0.7055555555555556 0.3524305555555556 0.7013888888888888 0.3524305555555556 0.7 0.3333333333333333 0.7027777777777777 0.3263888888888889
0 0.49444444444444446 0.7413194444444444 0.49583333333333335 0.7517361111111112 0.4847222222222222 0.7621527777777778 0.4791666666666667 0.7621527777777778 0.47638888888888886 0.7552083333333334 0.48333333333333334 0.7447916666666666 0.4930555555555556 0.7413194444444444
0 0.44027777777777777 0.6423611111111112 0.44305555555555554 0.6458333333333334 0.44305555555555554 0.6666666666666666 0.4388888888888889 0.671875 0.43472222222222223 0.671875 0.4305555555555556 0.6631944444444444 0.4305555555555556 0.6510416666666666 0.43472222222222223 0.6423611111111112 0.4388888888888889 0.6423611111111112
0 0.7013888888888888 0.8958333333333334 0.7055555555555556 0.8975694444444444 0.7097222222222223 0.9045138888888888 0.7111111111111111 0.9236111111111112 0.7069444444444445 0.9288194444444444 0.6986111111111111 0.9236111111111112 0.6930555555555555 0.9149305555555556 0.6930555555555555 0.8993055555555556 0.7 0.8958333333333334
0 0.5777777777777777 0.5373263888888888 0.022222222222222223 0.026041666666666668
0 0.4444444444444444 0.7291666666666666 0.45 0.7395833333333334 0.45 0.7447916666666666 0.44166666666666665 0.7552083333333334 0.4375 0.7552083333333334 0.43333333333333335 0.7517361111111112 0.43194444444444446 0.7395833333333334 0.4361111111111111 0.7309027777777778 0.44305555555555554 0.7291666666666666
0 0.10972222222222222 0.6024305555555556 0.1111111111111111 0.609375 0.10833333333333334 0.6163194444444444 0.10277777777777777 0.6232638888888888 0.09027777777777778 0.6284722222222222 0.07916666666666666 0.6284722222222222 0.07777777777777778 0.6267361111111112 0.07916666666666666 0.6197916666666666 0.09722222222222222 0.6006944444444444 0.10277777777777777 0.5989583333333334 0.10833333333333334 0.6024305555555556
0 0.21944444444444444 0.6006944444444444 0.2263888888888889 0.609375 0.2263888888888889 0.6180555555555556 0.2222222222222222 0.6215277777777778 0.2111111111111111 0.6197916666666666 0.20694444444444443 0.6145833333333334 0.20416666666666666 0.6059027777777778 0.20694444444444443 0.5989583333333334 0.21805555555555556 0.6006944444444444
0 0.3034722222222222 0.7847222222222222 0.0125 0.03819444444444445
0 0.07361111111111111 0.7213541666666666 0.016666666666666666 0.022569444444444444
0 0.9125 0.3506944444444444 0.9152777777777777 0.3541666666666667 0.9152777777777777 0.3645833333333333 0.9083333333333333 0.3715277777777778 0.9013888888888889 0.3715277777777778 0.8958333333333334 0.3645833333333333 0.9013888888888889 0.3524305555555556 0.9111111111111111 0.3506944444444444
0 0.4625 0.9791666666666666 0.4652777777777778 0.984375 0.4652777777777778 0.9930555555555556 0.4597222222222222 0.9982638888888888 0.44166666666666665 0.9982638888888888 0.44027777777777777 0.9913194444444444 0.4444444444444444 0.9826388888888888 0.46111111111111114 0.9791666666666666
0 0.5902777777777778 0.4756944444444444 0.5958333333333333 0.4809027777777778 0.5986111111111111 0.4895833333333333 0.5972222222222222 0.4947916666666667 0.5916666666666667 0.4982638888888889 0.5805555555555556 0.4947916666666667 0.5736111111111111 0.4809027777777778 0.5736111111111111 0.4756944444444444 0.5777777777777777 0.4704861111111111 0.5861111111111111 0.4722222222222222 0.5888888888888889 0.4756944444444444
0 0.8805555555555555 0.5347222222222222 0.8847222222222222 0.5416666666666666 0.8847222222222222 0.5520833333333334 0.8763888888888889 0.5590277777777778 0.8625 0.5590277777777778 0.8611111111111112 0.546875 0.8652777777777778 0.5416666666666666 0.8791666666666667 0.5347222222222222
0 0.8277777777777777 0.5625 0.8402777777777778 0.578125 0.8402777777777778 0.5815972222222222 0.8361111111111111 0.5850694444444444 0.8236111111111111 0.5850694444444444 0.8180555555555555 0.5798611111111112 0.8166666666666667 0.5642361111111112 0.8208333333333333 0.5607638888888888 0.8263888888888888 0.5625
0 0.8444444444444444 0.2899305555555556 0.8486111111111111 0.2899305555555556 0.8513888888888889 0.2934027777777778 0.8555555555555555 0.3055555555555556 0.8541666666666666 0.3177083333333333 0.8486111111111111 0.3229166666666667 0.8458333333333333 0.3211805555555556 0.8416666666666667 0.3142361111111111 0.8416666666666667 0.2986111111111111 0.8444444444444444 0.2916666666666667
0 0.4666666666666667 0.7135416666666666 0.4708333333333333 0.7204861111111112 0.4708333333333333 0.7395833333333334 0.4625 0.7534722222222222 0.4583333333333333 0.7465277777777778 0.4527777777777778 0.75 0.4513888888888889 0.7361111111111112 0.4486111111111111 0.7309027777777778 0.4486111111111111 0.7204861111111112 0.45416666666666666 0.7118055555555556 0.4652777777777778 0.7135416666666666
0 0.8486111111111111 0.5225694444444444 0.8527777777777777 0.53125 0.8527777777777777 0.5434027777777778 0.8388888888888889 0.5555555555555556 0.8305555555555556 0.5538194444444444 0.8277777777777777 0.5486111111111112 0.825 0.5381944444444444 0.8263888888888888 0.53125 0.8347222222222223 0.5225694444444444 0.8388888888888889 0.5208333333333334 0.8472222222222222 0.5225694444444444