0 0.4222222222222222 0.4045138888888889 0.4236111111111111 0.4079861111111111 0.4222222222222222 0.4236111111111111 0.4152777777777778 0.4288194444444444 0.40555555555555556 0.4270833333333333 0.4027777777777778 0.421875 0.4027777777777778 0.4131944444444444 0.4097222222222222 0.40625 0.42083333333333334 0.4045138888888889
0 0.6652777777777777 0.5243055555555556 0.6722222222222223 0.5329861111111112 0.6722222222222223 0.5399305555555556 0.6694444444444444 0.546875 0.6652777777777777 0.5503472222222222 0.6597222222222222 0.5503472222222222 0.6555555555555556 0.5451388888888888 0.6555555555555556 0.53125 0.6569444444444444 0.5277777777777778 0.6638888888888889 0.5243055555555556
0 0.7069444444444445 0.4357638888888889 0.7152777777777778 0.4392361111111111 0.7236111111111111 0.4496527777777778 0.725 0.4583333333333333 0.7208333333333333 0.4635416666666667 0.7111111111111111 0.4618055555555556 0.7027777777777777 0.4513888888888889 0.6972222222222222 0.4375 0.7055555555555556 0.4357638888888889
0 0.6097222222222223 0.4739583333333333 0.016666666666666666 0.027777777777777776
0 0.13055555555555556 0.11805555555555555 0.1361111111111111 0.13020833333333334 0.1361111111111111 0.1388888888888889 0.13333333333333333 0.14583333333333334 0.13055555555555556 0.14756944444444445 0.12361111111111112 0.14583333333333334 0.12083333333333333 0.13368055555555555 0.12222222222222222 0.12152777777777778 0.125 0.11805555555555555 0.12916666666666668 0.11805555555555555
0 0.5847222222222223 0.7864583333333334 0.5902777777777778 0.7881944444444444 0.5958333333333333 0.7951388888888888 0.5972222222222222 0.8072916666666666 0.5902777777777778 0.8125 0.5805555555555556 0.8107638888888888 0.5763888888888888 0.8038194444444444 0.575 0.7951388888888888 0.5777777777777777 0.7881944444444444 0.5833333333333334 0.7864583333333334
0 0.5291666666666667 0.7760416666666666 0.5319444444444444 0.7795138888888888 0.5319444444444444 0.7847222222222222 0.5236111111111111 0.8020833333333334 0.5125 0.8003472222222222 0.5111111111111111 0.7864583333333334 0.5180555555555556 0.7777777777777778 0.5277777777777778 0.7760416666666666
0 0.6347222222222222 0.006944444444444444 0.6527777777777778 0.013888888888888888 0.6527777777777778 0.019097222222222224 0.6291666666666667 0.03125 0.6222222222222222 0.029513888888888888 0.6180555555555556 0.019097222222222224 0.6236111111111111 0.008680555555555556 0.6333333333333333 0.006944444444444444
0 0.12777777777777777 0.6006944444444444 0.13472222222222222 0.6041666666666666 0.14305555555555555 0.6145833333333334 0.14444444444444443 0.6180555555555556 0.14305555555555555 0.6232638888888888 0.12361111111111112 0.6232638888888888 0.11527777777777778 0.6180555555555556 0.11388888888888889 0.6059027777777778 0.11944444444444445 0.6006944444444444 0.12638888888888888 0.6006944444444444
0 0.8930555555555556 0.5399305555555556 0.9 0.5486111111111112 0.9027777777777778 0.5572916666666666 0.9027777777777778 0.5677083333333334 0.9 0.5711805555555556 0.8958333333333334 0.5711805555555556 0.8875 0.5590277777777778 0.8861111111111111 0.5416666666666666 0.8916666666666667 0.5399305555555556
0 0.7333333333333333 0.22569444444444445 0.7444444444444445 0.23958333333333334 0.7472222222222222 0.2465277777777778 0.7472222222222222 0.2604166666666667 0.7444444444444445 0.265625 0.7375 0.265625 0.7333333333333333 0.2621527777777778 0.725 0.2482638888888889 0.7236111111111111 0.2326388888888889 0.7277777777777777 0.22569444444444445 0.7319444444444444 0.22569444444444445
0 0.275 0.10416666666666667 0.2791666666666667 0.1111111111111111 0.2791666666666667 0.12152777777777778 0.2708333333333333 0.1284722222222222 0.2611111111111111 0.1267361111111111 0.2611111111111111 0.11458333333333333 0.26805555555555555 0.10243055555555555 0.27361111111111114 0.10416666666666667