0 0.11944444444444445 0.6006944444444444 0.12222222222222222 0.6076388888888888 0.12083333333333333 0.6180555555555556 0.11805555555555555 0.6215277777777778 0.1111111111111111 0.6232638888888888 0.09027777777777778 0.6197916666666666 0.0875 0.6163194444444444 0.0875 0.609375 0.10833333333333334 0.6006944444444444 0.11805555555555555 0.6006944444444444
0 0.06527777777777778 0.7517361111111112 0.022222222222222223 0.024305555555555556
0 0.48333333333333334 0.8975694444444444 0.4847222222222222 0.8993055555555556 0.48333333333333334 0.9097222222222222 0.47638888888888886 0.9184027777777778 0.4638888888888889 0.9184027777777778 0.4625 0.90625 0.4708333333333333 0.8958333333333334 0.48194444444444445 0.8975694444444444
0 0.22083333333333333 0.5989583333333334 0.225 0.6006944444444444 0.23055555555555557 0.609375 0.23055555555555557 0.6163194444444444 0.22361111111111112 0.6215277777777778 0.2152777777777778 0.6197916666666666 0.20833333333333334 0.6059027777777778 0.20972222222222223 0.5989583333333334 0.21944444444444444 0.5989583333333334
0 0.725 0.296875 0.7277777777777777 0.3020833333333333 0.7277777777777777 0.3090277777777778 0.7263888888888889 0.3142361111111111 0.7166666666666667 0.328125 0.7125 0.328125 0.7097222222222223 0.3246527777777778 0.7097222222222223 0.3125 0.7125 0.3038194444444444 0.7166666666666667 0.2986111111111111 0.7236111111111111 0.296875
0 0.30972222222222223 0.7855902777777778 0.013888888888888888 0.03298611111111111
0 0.44027777777777777 0.7395833333333334 0.016666666666666666 0.027777777777777776
0 0.4444444444444444 0.6423611111111112 0.44722222222222224 0.6475694444444444 0.4486111111111111 0.6579861111111112 0.44583333333333336 0.6666666666666666 0.44166666666666665 0.671875 0.4375 0.671875 0.43472222222222223 0.6684027777777778 0.43333333333333335 0.6579861111111112 0.4361111111111111 0.6458333333333334 0.4388888888888889 0.6423611111111112 0.44305555555555554 0.6423611111111112
0 0.8791666666666667 0.5347222222222222 0.8847222222222222 0.5416666666666666 0.8833333333333333 0.5538194444444444 0.8763888888888889 0.5590277777777778 0.8638888888888889 0.5590277777777778 0.8597222222222223 0.5538194444444444 0.8611111111111112 0.546875 0.8666666666666667 0.5399305555555556 0.8777777777777778 0.5364583333333334
0 0.8041666666666667 0.5364583333333334 0.8069444444444445 0.5399305555555556 0.8097222222222222 0.5520833333333334 0.8069444444444445 0.5590277777777778 0.8027777777777778 0.5590277777777778 0.7916666666666666 0.5520833333333334 0.7888888888888889 0.546875 0.7888888888888889 0.5381944444444444 0.7916666666666666 0.5347222222222222 0.8027777777777778 0.5364583333333334
0 0.7069444444444445 0.8975694444444444 0.7125 0.9079861111111112 0.7111111111111111 0.9236111111111112 0.7027777777777777 0.9236111111111112 0.7 0.921875 0.6972222222222222 0.9149305555555556 0.6958333333333333 0.9079861111111112 0.6972222222222222 0.8993055555555556 0.7055555555555556 0.8975694444444444
0 0.9125 0.3506944444444444 0.9166666666666666 0.3611111111111111 0.9138888888888889 0.3680555555555556 0.9097222222222222 0.3715277777777778 0.9 0.3715277777777778 0.8958333333333334 0.3680555555555556 0.8958333333333334 0.3628472222222222 0.9013888888888889 0.3524305555555556 0.9111111111111111 0.3506944444444444
0 0.5638888888888889 0.5399305555555556 0.5680555555555555 0.5434027777777778 0.5680555555555555 0.5572916666666666 0.5638888888888889 0.5677083333333334 0.5597222222222222 0.5711805555555556 0.5555555555555556 0.5711805555555556 0.5486111111111112 0.5625 0.5486111111111112 0.5572916666666666 0.5555555555555556 0.5451388888888888 0.5625 0.5416666666666666
0 0.8486111111111111 0.2899305555555556 0.8555555555555555 0.3090277777777778 0.8541666666666666 0.3177083333333333 0.8486111111111111 0.3229166666666667 0.8444444444444444 0.3194444444444444 0.8416666666666667 0.3125 0.8416666666666667 0.3003472222222222 0.8444444444444444 0.2916666666666667 0.8472222222222222 0.2899305555555556
0 0.49583333333333335 0.7413194444444444 0.49722222222222223 0.7517361111111112 0.4861111111111111 0.7621527777777778 0.48194444444444445 0.7621527777777778 0.4777777777777778 0.7569444444444444 0.4875 0.7430555555555556 0.49444444444444446 0.7413194444444444
0 0.5861111111111111 0.4670138888888889 0.5958333333333333 0.4704861111111111 0.5986111111111111 0.4756944444444444 0.5986111111111111 0.4930555555555556 0.5958333333333333 0.4965277777777778 0.5833333333333334 0.4965277777777778 0.5763888888888888 0.4861111111111111 0.575 0.4809027777777778 0.5763888888888888 0.46875 0.5847222222222223 0.4670138888888889
0 0.8513888888888889 0.5225694444444444 0.8541666666666666 0.5260416666666666 0.8555555555555555 0.5538194444444444 0.8527777777777777 0.5590277777777778 0.8486111111111111 0.5607638888888888 0.8305555555555556 0.5520833333333334 0.8263888888888888 0.5434027777777778 0.8263888888888888 0.5347222222222222 0.8361111111111111 0.5225694444444444 0.8416666666666667 0.5208333333333334 0.85 0.5225694444444444
0 0.46944444444444444 0.9791666666666666 0.4708333333333333 0.9913194444444444 0.46805555555555556 0.9982638888888888 0.44583333333333336 0.9982638888888888 0.4444444444444444 0.9947916666666666 0.44583333333333336 0.9861111111111112 0.4486111111111111 0.9826388888888888 0.4597222222222222 0.9809027777777778 0.4652777777777778 0.9774305555555556 0.46805555555555556 0.9791666666666666
0 0.29930555555555555 0.1640625 0.029166666666666667 0.026041666666666668
0 0.2361111111111111 0.4809027777777778 0.24444444444444444 0.4878472222222222 0.24583333333333332 0.5086805555555556 0.24166666666666667 0.5190972222222222 0.23194444444444445 0.5260416666666666 0.2263888888888889 0.5260416666666666 0.21805555555555556 0.5190972222222222 0.2152777777777778 0.5121527777777778 0.2152777777777778 0.4947916666666667 0.21666666666666667 0.4895833333333333 0.2222222222222222 0.4826388888888889 0.23472222222222222 0.4809027777777778
0 0.4597222222222222 0.7100694444444444 0.4652777777777778 0.7118055555555556 0.4708333333333333 0.7204861111111112 0.4708333333333333 0.7395833333333334 0.46805555555555556 0.7430555555555556 0.45555555555555555 0.7395833333333334 0.4527777777777778 0.7413194444444444 0.4513888888888889 0.7378472222222222 0.4486111111111111 0.7222222222222222 0.4513888888888889 0.7135416666666666 0.4583333333333333 0.7100694444444444
0 0.25833333333333336 0.1267361111111111 0.2611111111111111 0.13194444444444445 0.2611111111111111 0.1371527777777778 0.25833333333333336 0.1440972222222222 0.2513888888888889 0.14930555555555555 0.24583333333333332 0.14583333333333334 0.24583333333333332 0.13368055555555555 0.24722222222222223 0.1284722222222222 0.2513888888888889 0.125 0.2569444444444444 0.1267361111111111
0 0.4597222222222222 0.7482638888888888 0.016666666666666666 0.020833333333333332