0 0.4041666666666667 0.4105902777777778 0.016666666666666666 0.029513888888888888
0 0.5777777777777777 0.3975694444444444 0.5888888888888889 0.3975694444444444 0.5958333333333333 0.4027777777777778 0.5958333333333333 0.4079861111111111 0.5930555555555556 0.4114583333333333 0.5805555555555556 0.4166666666666667 0.575 0.4131944444444444 0.575 0.4045138888888889 0.5777777777777777 0.3993055555555556
0 0.25416666666666665 0.109375 0.25972222222222224 0.11631944444444445 0.25972222222222224 0.1267361111111111 0.25416666666666665 0.13368055555555555 0.24444444444444444 0.1388888888888889 0.2388888888888889 0.1371527777777778 0.2388888888888889 0.11979166666666667 0.24444444444444444 0.109375 0.24722222222222223 0.1076388888888889 0.25277777777777777 0.109375
0 0.1125 0.140625 0.016666666666666666 0.03125
0 0.6583333333333333 0.5243055555555556 0.6625 0.53125 0.6625 0.5399305555555556 0.6541666666666667 0.5503472222222222 0.6458333333333334 0.5451388888888888 0.6444444444444445 0.5295138888888888 0.6472222222222223 0.5243055555555556 0.6513888888888889 0.5225694444444444 0.6569444444444444 0.5243055555555556
0 0.6263888888888889 0.012152777777777778 0.6305555555555555 0.015625 0.6305555555555555 0.019097222222222224 0.6111111111111112 0.029513888888888888 0.6041666666666666 0.029513888888888888 0.6 0.026041666666666668 0.5972222222222222 0.010416666666666666 0.6 0.006944444444444444 0.6083333333333333 0.005208333333333333 0.625 0.012152777777777778
0 0.5805555555555556 0.7847222222222222 0.5875 0.7899305555555556 0.5916666666666667 0.8003472222222222 0.5916666666666667 0.8090277777777778 0.5819444444444445 0.8125 0.575 0.8107638888888888 0.5694444444444444 0.796875 0.5708333333333333 0.7864583333333334 0.5791666666666667 0.7847222222222222
0 0.06388888888888888 0.8350694444444444 0.06805555555555555 0.84375 0.06944444444444445 0.8645833333333334 0.06805555555555555 0.8732638888888888 0.06388888888888888 0.8802083333333334 0.059722222222222225 0.8802083333333334 0.05555555555555555 0.8732638888888888 0.05694444444444444 0.8489583333333334 0.059722222222222225 0.8368055555555556 0.0625 0.8350694444444444
0 0.9333333333333333 0.11458333333333333 0.9347222222222222 0.14583333333333334 0.9319444444444445 0.1597222222222222 0.9277777777777778 0.16493055555555555 0.9236111111111112 0.16493055555555555 0.9208333333333333 0.1597222222222222 0.9208333333333333 0.140625 0.9291666666666667 0.11631944444444445 0.9319444444444445 0.11458333333333333
0 0.6986111111111111 0.4375 0.7125 0.4409722222222222 0.7194444444444444 0.4479166666666667 0.7208333333333333 0.4583333333333333 0.7166666666666667 0.4635416666666667 0.7083333333333334 0.4635416666666667 0.7027777777777777 0.4583333333333333 0.7013888888888888 0.453125 0.6930555555555555 0.4427083333333333 0.6930555555555555 0.4392361111111111 0.6972222222222222 0.4375
0 0.5222222222222223 0.7777777777777778 0.525 0.7864583333333334 0.5194444444444445 0.8020833333333334 0.5152777777777777 0.8072916666666666 0.5055555555555555 0.8055555555555556 0.5027777777777778 0.7951388888888888 0.5041666666666667 0.7899305555555556 0.5111111111111111 0.78125 0.5208333333333334 0.7777777777777778
0 0.3388888888888889 0.6371527777777778 0.03333333333333333 0.024305555555555556
0 0.8694444444444445 0.5381944444444444 0.8722222222222222 0.5364583333333334 0.8763888888888889 0.5381944444444444 0.8833333333333333 0.5486111111111112 0.8861111111111111 0.5572916666666666 0.8861111111111111 0.5694444444444444 0.8833333333333333 0.5729166666666666 0.8763888888888889 0.5711805555555556 0.8708333333333333 0.5642361111111112 0.8680555555555556 0.5555555555555556 0.8694444444444445 0.5399305555555556
0 0.21666666666666667 0.7534722222222222 0.2222222222222222 0.7552083333333334 0.225 0.7621527777777778 0.22361111111111112 0.7673611111111112 0.21666666666666667 0.7760416666666666 0.2125 0.7777777777777778 0.2013888888888889 0.7760416666666666 0.2 0.765625 0.20416666666666666 0.7569444444444444 0.2152777777777778 0.7534722222222222
0 0.7263888888888889 0.21354166666666666 0.7291666666666666 0.21354166666666666 0.7333333333333333 0.21875 0.7472222222222222 0.2482638888888889 0.7472222222222222 0.2621527777777778 0.7444444444444445 0.265625 0.7402777777777778 0.2673611111111111 0.7305555555555555 0.2586805555555556 0.725 0.2482638888888889 0.7236111111111111 0.2378472222222222 0.7236111111111111 0.2222222222222222 0.7263888888888889 0.2152777777777778
0 0.8513888888888889 0.4461805555555556 0.8541666666666666 0.4427083333333333 0.8583333333333333 0.4427083333333333 0.8736111111111111 0.4513888888888889 0.8791666666666667 0.4652777777777778 0.8763888888888889 0.4722222222222222 0.8666666666666667 0.4739583333333333 0.8611111111111112 0.46875 0.8527777777777777 0.4479166666666667
0 0.28194444444444444 0.8871527777777778 0.28888888888888886 0.8993055555555556 0.28888888888888886 0.9149305555555556 0.2861111111111111 0.9201388888888888 0.2791666666666667 0.9201388888888888 0.2722222222222222 0.9114583333333334 0.2708333333333333 0.90625 0.2722222222222222 0.8888888888888888 0.275 0.8854166666666666 0.28055555555555556 0.8871527777777778
0 0.6444444444444445 0.4913194444444444 0.6527777777777778 0.4947916666666667 0.6680555555555555 0.5086805555555556 0.6694444444444444 0.5173611111111112 0.6611111111111111 0.5225694444444444 0.6388888888888888 0.5138888888888888 0.6347222222222222 0.5052083333333334 0.6347222222222222 0.4965277777777778 0.6430555555555556 0.4913194444444444
0 0.95 0.5572916666666666 0.9527777777777777 0.5590277777777778 0.9527777777777777 0.5815972222222222 0.9347222222222222 0.5815972222222222 0.9319444444444445 0.5763888888888888 0.9319444444444445 0.5711805555555556 0.9361111111111111 0.5659722222222222 0.9486111111111111 0.5590277777777778
0 0.9263888888888889 0.7065972222222222 0.9305555555555556 0.7152777777777778 0.9305555555555556 0.7430555555555556 0.9291666666666667 0.75 0.925 0.7534722222222222 0.9222222222222223 0.7534722222222222 0.9180555555555555 0.7482638888888888 0.9152777777777777 0.7395833333333334 0.9166666666666666 0.7135416666666666 0.9208333333333333 0.7065972222222222 0.925 0.7065972222222222
0 0.8805555555555555 0.8229166666666666 0.8861111111111111 0.8298611111111112 0.8888888888888888 0.8420138888888888 0.8875 0.8611111111111112 0.8805555555555555 0.8680555555555556 0.8680555555555556 0.8663194444444444 0.8611111111111112 0.8489583333333334 0.8652777777777778 0.8315972222222222 0.8694444444444445 0.8263888888888888 0.8791666666666667 0.8229166666666666
0 0.8347222222222223 0.059027777777777776 0.8416666666666667 0.0625 0.8458333333333333 0.07118055555555555 0.8444444444444444 0.08854166666666667 0.8402777777777778 0.09722222222222222 0.8277777777777777 0.09375 0.8222222222222222 0.08333333333333333 0.825 0.0642361111111111 0.8333333333333334 0.059027777777777776
0 0.875 0.9548611111111112 0.8805555555555555 0.9600694444444444 0.8833333333333333 0.9704861111111112 0.8833333333333333 0.984375 0.8805555555555555 0.9930555555555556 0.8763888888888889 0.9965277777777778 0.8680555555555556 0.9965277777777778 0.8652777777777778 0.9913194444444444 0.8666666666666667 0.9583333333333334 0.8694444444444445 0.9548611111111112 0.8736111111111111 0.9548611111111112
0 0.6152777777777778 0.859375 0.6194444444444445 0.8489583333333334 0.6333333333333333 0.8402777777777778 0.6458333333333334 0.8402777777777778 0.6486111111111111 0.84375 0.65 0.8524305555555556 0.6430555555555556 0.8645833333333334 0.6375 0.8663194444444444 0.6166666666666667 0.859375
0 0.9263888888888889 0.6866319444444444 0.025 0.026041666666666668
0 0.3277777777777778 0.6909722222222222 0.33194444444444443 0.6961805555555556 0.33194444444444443 0.703125 0.3277777777777778 0.7065972222222222 0.3138888888888889 0.7065972222222222 0.30833333333333335 0.703125 0.30972222222222223 0.6961805555555556 0.3263888888888889 0.6909722222222222
0 0.6513888888888889 0.5486111111111112 0.6527777777777778 0.5729166666666666 0.65 0.578125 0.6402777777777777 0.5850694444444444 0.6375 0.5850694444444444 0.6333333333333333 0.5798611111111112 0.6319444444444444 0.5625 0.6361111111111111 0.5520833333333334 0.6430555555555556 0.5451388888888888 0.6472222222222223 0.5451388888888888 0.65 0.5486111111111112
0 0.8583333333333333 0.8055555555555556 0.8625 0.8090277777777778 0.8638888888888889 0.8159722222222222 0.8625 0.8211805555555556 0.8569444444444444 0.8246527777777778 0.8513888888888889 0.8333333333333334 0.8402777777777778 0.8315972222222222 0.8361111111111111 0.8263888888888888 0.8347222222222223 0.8177083333333334 0.8472222222222222 0.8055555555555556 0.8569444444444444 0.8055555555555556
0 0.5666666666666667 0.9340277777777778 0.5722222222222222 0.9340277777777778 0.5763888888888888 0.9409722222222222 0.5763888888888888 0.9496527777777778 0.5694444444444444 0.9548611111111112 0.5652777777777778 0.9513888888888888 0.5666666666666667 0.9357638888888888
0 0.7847222222222222 0 0.7861111111111111 0.003472222222222222 0.7847222222222222 0.008680555555555556 0.7791666666666667 0.012152777777777778 0.7736111111111111 0.010416666666666666 0.7694444444444445 0.001736111111111111 0.7833333333333333 0
0 0.125 0.5138888888888888 0.12916666666666668 0.5173611111111112 0.13055555555555556 0.5243055555555556 0.12916666666666668 0.5295138888888888 0.12361111111111112 0.5347222222222222 0.11944444444444445 0.5277777777777778 0.11944444444444445 0.5173611111111112 0.12361111111111112 0.5138888888888888
0 0.2791666666666667 0.5972222222222222 0.28055555555555556 0.6302083333333334 0.2791666666666667 0.6371527777777778 0.275 0.640625 0.2708333333333333 0.640625 0.2638888888888889 0.6354166666666666 0.2625 0.6215277777777778 0.26666666666666666 0.6024305555555556 0.275 0.5954861111111112 0.2777777777777778 0.5972222222222222
0 0.3402777777777778 0.9236111111111112 0.35 0.9340277777777778 0.3527777777777778 0.9409722222222222 0.35138888888888886 0.9548611111111112 0.3486111111111111 0.9583333333333334 0.34305555555555556 0.9583333333333334 0.3388888888888889 0.9548611111111112 0.3375 0.9375 0.3347222222222222 0.9322916666666666 0.3347222222222222 0.9288194444444444 0.3388888888888889 0.9253472222222222
0 0.16805555555555557 0.7934027777777778 0.17777777777777778 0.7916666666666666 0.18194444444444444 0.7986111111111112 0.18055555555555555 0.8090277777777778 0.1763888888888889 0.8142361111111112 0.17083333333333334 0.8142361111111112 0.16805555555555557 0.8107638888888888 0.16805555555555557 0.7951388888888888
0 0.9319444444444445 0.8680555555555556 0.9347222222222222 0.8663194444444444 0.9388888888888889 0.8680555555555556 0.9444444444444444 0.8871527777777778 0.9416666666666667 0.8993055555555556 0.9375 0.8993055555555556 0.9347222222222222 0.8958333333333334 0.9291666666666667 0.8836805555555556 0.9291666666666667 0.875 0.9319444444444445 0.8697916666666666
0 0.8708333333333333 0.1267361111111111 0.019444444444444445 0.041666666666666664