0 0.2222222222222222 0.6006944444444444 0.2263888888888889 0.5989583333333334 0.23333333333333334 0.6024305555555556 0.2388888888888889 0.6128472222222222 0.2375 0.6215277777777778 0.22777777777777777 0.6215277777777778 0.22083333333333333 0.6128472222222222 0.2222222222222222 0.6024305555555556
0 0.4597222222222222 0.7048611111111112 0.46944444444444444 0.7118055555555556 0.4722222222222222 0.7239583333333334 0.4708333333333333 0.7378472222222222 0.4625 0.7517361111111112 0.45416666666666666 0.7517361111111112 0.44722222222222224 0.7378472222222222 0.4486111111111111 0.7118055555555556 0.4513888888888889 0.7065972222222222 0.4583333333333333 0.7048611111111112
0 0.11944444444444445 0.578125 0.13333333333333333 0.5746527777777778 0.14583333333333334 0.5815972222222222 0.15 0.5885416666666666 0.1486111111111111 0.6024305555555556 0.1375 0.6041666666666666 0.13055555555555556 0.5954861111111112 0.12083333333333333 0.5902777777777778 0.11944444444444445 0.5798611111111112
0 0.3958333333333333 0.10243055555555555 0.016666666666666666 0.03125
0 0.31666666666666665 0.7760416666666666 0.013888888888888888 0.041666666666666664
0 0.4388888888888889 0.7326388888888888 0.016666666666666666 0.027777777777777776
0 0.49166666666666664 0.6215277777777778 0.013888888888888888 0.03125
0 0.9166666666666666 0.3506944444444444 0.9180555555555555 0.3645833333333333 0.9111111111111111 0.3715277777777778 0.9013888888888889 0.3715277777777778 0.8972222222222223 0.3663194444444444 0.8972222222222223 0.3628472222222222 0.9069444444444444 0.3506944444444444 0.9097222222222222 0.3489583333333333 0.9152777777777777 0.3506944444444444
0 0.48194444444444445 0.8975694444444444 0.48333333333333334 0.8993055555555556 0.48194444444444445 0.9114583333333334 0.47638888888888886 0.9184027777777778 0.4708333333333333 0.9201388888888888 0.4625 0.9166666666666666 0.4638888888888889 0.9027777777777778 0.46944444444444444 0.8958333333333334 0.48055555555555557 0.8975694444444444
0 0.8493055555555555 0.3046875 0.0125 0.026041666666666668
0 0.7055555555555556 0.5590277777777778 0.019444444444444445 0.03125
0 0.4986111111111111 0.7395833333333334 0.5013888888888889 0.7430555555555556 0.4986111111111111 0.7534722222222222 0.4888888888888889 0.7621527777777778 0.48333333333333334 0.7621527777777778 0.48055555555555557 0.7586805555555556 0.48055555555555557 0.7534722222222222 0.49027777777777776 0.7413194444444444 0.49722222222222223 0.7395833333333334
0 0.48055555555555557 0.9618055555555556 0.4861111111111111 0.96875 0.4847222222222222 0.9774305555555556 0.4708333333333333 0.9895833333333334 0.4625 0.984375 0.46111111111111114 0.9791666666666666 0.4625 0.9704861111111112 0.46944444444444444 0.9652777777777778 0.4791666666666667 0.9635416666666666
0 0.7027777777777777 0.8940972222222222 0.7125 0.8958333333333334 0.7194444444444444 0.90625 0.7180555555555556 0.9236111111111112 0.7166666666666667 0.9253472222222222 0.7111111111111111 0.9236111111111112 0.7041666666666667 0.9184027777777778 0.7013888888888888 0.9131944444444444 0.7027777777777777 0.8958333333333334
0 0.7138888888888889 0.2621527777777778 0.7194444444444444 0.265625 0.7194444444444444 0.2725694444444444 0.7027777777777777 0.2864583333333333 0.6958333333333333 0.2847222222222222 0.6902777777777778 0.2777777777777778 0.6902777777777778 0.2725694444444444 0.6930555555555555 0.265625 0.6972222222222222 0.2621527777777778 0.7125 0.2621527777777778
0 0.45416666666666666 0.6319444444444444 0.45694444444444443 0.640625 0.45694444444444443 0.6510416666666666 0.4527777777777778 0.6614583333333334 0.4486111111111111 0.6631944444444444 0.4444444444444444 0.6597222222222222 0.44305555555555554 0.6440972222222222 0.44583333333333336 0.6336805555555556 0.45 0.6302083333333334 0.4527777777777778 0.6319444444444444
0 0.25416666666666665 0.17708333333333334 0.2569444444444444 0.18229166666666666 0.2569444444444444 0.1909722222222222 0.2513888888888889 0.20833333333333334 0.24722222222222223 0.21354166666666666 0.24166666666666667 0.21354166666666666 0.2388888888888889 0.1996527777777778 0.24305555555555555 0.1857638888888889 0.24722222222222223 0.18055555555555555 0.25277777777777777 0.17881944444444445
0 0.5847222222222223 0.4635416666666667 0.5902777777777778 0.4670138888888889 0.6027777777777777 0.4861111111111111 0.6027777777777777 0.4930555555555556 0.5986111111111111 0.4965277777777778 0.5902777777777778 0.4965277777777778 0.5805555555555556 0.4895833333333333 0.5777777777777777 0.4722222222222222 0.5791666666666667 0.4670138888888889 0.5833333333333334 0.4635416666666667
0 0.8763888888888889 0.515625 0.8819444444444444 0.5225694444444444 0.8833333333333333 0.5329861111111112 0.8638888888888889 0.5451388888888888 0.8569444444444444 0.5451388888888888 0.8527777777777777 0.5399305555555556 0.8513888888888889 0.5225694444444444 0.8583333333333333 0.5138888888888888 0.875 0.515625
0 0.2569444444444444 0.125 0.2611111111111111 0.1284722222222222 0.2625 0.1388888888888889 0.25555555555555554 0.14756944444444445 0.24861111111111112 0.14756944444444445 0.24583333333333332 0.1423611111111111 0.24722222222222223 0.1284722222222222 0.2513888888888889 0.125 0.25555555555555554 0.125
0 0.8791666666666667 0.5381944444444444 0.8847222222222222 0.5416666666666666 0.8861111111111111 0.5503472222222222 0.8819444444444444 0.5572916666666666 0.8694444444444445 0.5642361111111112 0.8597222222222223 0.5642361111111112 0.8569444444444444 0.5555555555555556 0.8597222222222223 0.5486111111111112 0.8777777777777778 0.5381944444444444
0 0.7875 0.3645833333333333 0.7958333333333333 0.3715277777777778 0.7958333333333333 0.3888888888888889 0.7930555555555555 0.3940972222222222 0.7833333333333333 0.3940972222222222 0.7791666666666667 0.3888888888888889 0.7791666666666667 0.3680555555555556 0.7819444444444444 0.3645833333333333 0.7861111111111111 0.3645833333333333
0 0.7763888888888889 0.34375 0.7819444444444444 0.3472222222222222 0.7833333333333333 0.3506944444444444 0.7833333333333333 0.3645833333333333 0.7805555555555556 0.3680555555555556 0.775 0.3680555555555556 0.7680555555555556 0.3611111111111111 0.7680555555555556 0.3472222222222222 0.7708333333333334 0.34375 0.775 0.34375
0 0.33611111111111114 0.5052083333333334 0.34305555555555556 0.515625 0.34444444444444444 0.5225694444444444 0.34444444444444444 0.53125 0.3402777777777778 0.5364583333333334 0.3263888888888889 0.5364583333333334 0.32083333333333336 0.5295138888888888 0.3194444444444444 0.5243055555555556 0.3194444444444444 0.515625 0.32222222222222224 0.5086805555555556 0.3263888888888889 0.5034722222222222 0.3347222222222222 0.5052083333333334
0 0.46944444444444444 0.019097222222222224 0.4777777777777778 0.024305555555555556 0.48194444444444445 0.03125 0.48194444444444445 0.046875 0.47638888888888886 0.05381944444444445 0.4666666666666667 0.05381944444444445 0.4625 0.04861111111111111 0.45694444444444443 0.03298611111111111 0.4583333333333333 0.024305555555555556 0.4638888888888889 0.019097222222222224 0.46805555555555556 0.019097222222222224
0 0.8180555555555555 0.8819444444444444 0.8208333333333333 0.8871527777777778 0.8208333333333333 0.9010416666666666 0.8138888888888889 0.9045138888888888 0.8097222222222222 0.9027777777777778 0.8055555555555556 0.8940972222222222 0.8111111111111111 0.8802083333333334 0.8166666666666667 0.8819444444444444
0 0.42430555555555555 0.7335069444444444 0.018055555555555554 0.015625
0 0.5763888888888888 0.8506944444444444 0.5791666666666667 0.8559027777777778 0.5777777777777777 0.8611111111111112 0.5680555555555555 0.8697916666666666 0.5611111111111111 0.8697916666666666 0.5555555555555556 0.8663194444444444 0.5513888888888889 0.8611111111111112 0.5513888888888889 0.8559027777777778 0.5597222222222222 0.8506944444444444 0.575 0.8506944444444444
0 0.8173611111111111 0.8550347222222222 0.015277777777777777 0.026041666666666668
0 0.2513888888888889 0.8628472222222222 0.25555555555555554 0.8732638888888888 0.24861111111111112 0.8940972222222222 0.24444444444444444 0.8975694444444444 0.23055555555555557 0.8993055555555556 0.2263888888888889 0.8888888888888888 0.2263888888888889 0.875 0.2388888888888889 0.8645833333333334 0.25 0.8628472222222222