0 0.7180555555555556 0.2725694444444444 0.7208333333333333 0.2760416666666667 0.7208333333333333 0.28125 0.7180555555555556 0.2864583333333333 0.7069444444444445 0.2986111111111111 0.7027777777777777 0.3003472222222222 0.6986111111111111 0.3003472222222222 0.6944444444444444 0.2951388888888889 0.6958333333333333 0.28125 0.7041666666666667 0.2725694444444444 0.7166666666666667 0.2725694444444444
0 0.4777777777777778 0.8958333333333334 0.48333333333333334 0.9010416666666666 0.48333333333333334 0.90625 0.47638888888888886 0.9184027777777778 0.4708333333333333 0.9201388888888888 0.4625 0.9149305555555556 0.4625 0.9079861111111112 0.46944444444444444 0.8958333333333334 0.47638888888888886 0.8958333333333334
0 0.4826388888888889 0.9713541666666666 0.02638888888888889 0.022569444444444444
0 0.4638888888888889 0.6302083333333334 0.4666666666666667 0.6336805555555556 0.4666666666666667 0.6423611111111112 0.45555555555555555 0.6579861111111112 0.4513888888888889 0.6579861111111112 0.44722222222222224 0.6545138888888888 0.44583333333333336 0.6354166666666666 0.4513888888888889 0.6284722222222222 0.4625 0.6302083333333334
0 0.5 0.7378472222222222 0.5027777777777778 0.7395833333333334 0.5027777777777778 0.7465277777777778 0.4986111111111111 0.7552083333333334 0.49027777777777776 0.7621527777777778 0.48333333333333334 0.7604166666666666 0.48194444444444445 0.7534722222222222 0.4888888888888889 0.7430555555555556 0.4986111111111111 0.7378472222222222
0 0.24027777777777778 0.5989583333333334 0.24444444444444444 0.6076388888888888 0.24166666666666667 0.6197916666666666 0.23194444444444445 0.6197916666666666 0.2263888888888889 0.6076388888888888 0.22777777777777777 0.5972222222222222 0.2388888888888889 0.5989583333333334
0 0.9125 0.3506944444444444 0.9180555555555555 0.3559027777777778 0.9180555555555555 0.3680555555555556 0.9097222222222222 0.3732638888888889 0.9 0.3715277777777778 0.8972222222222223 0.3645833333333333 0.9055555555555556 0.3524305555555556 0.9111111111111111 0.3506944444444444
0 0.3958333333333333 0.13020833333333334 0.4 0.1388888888888889 0.4 0.1527777777777778 0.39444444444444443 0.1597222222222222 0.3861111111111111 0.1579861111111111 0.38333333333333336 0.1545138888888889 0.38472222222222224 0.1371527777777778 0.3902777777777778 0.13020833333333334 0.39444444444444443 0.13020833333333334
0 0.5861111111111111 0.4652777777777778 0.5916666666666667 0.46875 0.5972222222222222 0.4774305555555556 0.6027777777777777 0.4913194444444444 0.6 0.4947916666666667 0.5875 0.4947916666666667 0.5805555555555556 0.4878472222222222 0.5777777777777777 0.4791666666666667 0.5777777777777777 0.4704861111111111 0.5805555555555556 0.4652777777777778 0.5847222222222223 0.4652777777777778
0 0.4395833333333333 0.7274305555555556 0.020833333333333332 0.027777777777777776
0 0.4625 0.703125 0.4708333333333333 0.7118055555555556 0.4722222222222222 0.7222222222222222 0.4708333333333333 0.7378472222222222 0.46805555555555556 0.7447916666666666 0.4638888888888889 0.7482638888888888 0.45416666666666666 0.7482638888888888 0.4486111111111111 0.7395833333333334 0.45 0.7065972222222222 0.45555555555555555 0.7013888888888888 0.46111111111111114 0.703125
0 0.3194444444444444 0.7586805555555556 0.3236111111111111 0.7586805555555556 0.32916666666666666 0.7690972222222222 0.3277777777777778 0.7899305555555556 0.325 0.7934027777777778 0.31666666666666665 0.7934027777777778 0.3138888888888889 0.7881944444444444 0.3138888888888889 0.7795138888888888 0.3194444444444444 0.7604166666666666
0 0.25416666666666665 0.18229166666666666 0.2569444444444444 0.1909722222222222 0.25555555555555554 0.203125 0.2513888888888889 0.21354166666666666 0.24861111111111112 0.2152777777777778 0.24305555555555555 0.2152777777777778 0.24166666666666667 0.19791666666666666 0.24444444444444444 0.1892361111111111 0.25277777777777777 0.18229166666666666
0 0.15694444444444444 0.5694444444444444 0.17083333333333334 0.578125 0.17222222222222222 0.5920138888888888 0.16805555555555557 0.5954861111111112 0.1597222222222222 0.5954861111111112 0.15 0.5868055555555556 0.14583333333333334 0.5763888888888888 0.1486111111111111 0.5711805555555556 0.15555555555555556 0.5694444444444444
0 0.8513888888888889 0.2899305555555556 0.8583333333333333 0.3020833333333333 0.8583333333333333 0.3142361111111111 0.8541666666666666 0.3194444444444444 0.8472222222222222 0.3177083333333333 0.8430555555555556 0.3055555555555556 0.8444444444444444 0.2934027777777778 0.85 0.2899305555555556
0 0.6833333333333333 0.5651041666666666 0.016666666666666666 0.026041666666666668
0 0.7138888888888889 0.8940972222222222 0.7180555555555556 0.8958333333333334 0.725 0.90625 0.7236111111111111 0.921875 0.7166666666666667 0.9236111111111112 0.7097222222222223 0.9184027777777778 0.7069444444444445 0.9131944444444444 0.7069444444444445 0.8993055555555556 0.7125 0.8958333333333334
0 0.25 0.125 0.25972222222222224 0.1232638888888889 0.2625 0.1267361111111111 0.2625 0.1371527777777778 0.25972222222222224 0.1440972222222222 0.25416666666666665 0.14756944444444445 0.25 0.14583333333333334 0.24722222222222223 0.140625 0.24722222222222223 0.13368055555555555 0.25 0.1267361111111111
0 0.2361111111111111 0.4756944444444444 0.24444444444444444 0.4791666666666667 0.2513888888888889 0.4895833333333333 0.2513888888888889 0.5034722222222222 0.24722222222222223 0.5173611111111112 0.24166666666666667 0.5225694444444444 0.22916666666666666 0.5225694444444444 0.22083333333333333 0.5121527777777778 0.21944444444444444 0.4965277777777778 0.2222222222222222 0.4861111111111111 0.2263888888888889 0.4791666666666667 0.23472222222222222 0.4774305555555556
0 0.875 0.5121527777777778 0.8833333333333333 0.5173611111111112 0.8847222222222222 0.5329861111111112 0.8833333333333333 0.5381944444444444 0.8791666666666667 0.5381944444444444 0.8722222222222222 0.5434027777777778 0.8611111111111112 0.5434027777777778 0.8569444444444444 0.5364583333333334 0.8555555555555555 0.5225694444444444 0.8583333333333333 0.515625 0.8638888888888889 0.5121527777777778 0.8736111111111111 0.5121527777777778
0 0.8722222222222222 0.5494791666666666 0.027777777777777776 0.026041666666666668
0 0.7805555555555556 0.3454861111111111 0.7861111111111111 0.3524305555555556 0.7875 0.3663194444444444 0.7833333333333333 0.3697916666666667 0.775 0.3680555555555556 0.7680555555555556 0.3576388888888889 0.7680555555555556 0.3472222222222222 0.7708333333333334 0.34375 0.7791666666666667 0.3454861111111111
0 0.3416666666666667 0.5104166666666666 0.3486111111111111 0.5225694444444444 0.3472222222222222 0.5329861111111112 0.3416666666666667 0.5381944444444444 0.3277777777777778 0.5329861111111112 0.3236111111111111 0.5260416666666666 0.3236111111111111 0.5138888888888888 0.3277777777777778 0.5086805555555556 0.33194444444444443 0.5069444444444444 0.3402777777777778 0.5104166666666666
0 0.7805555555555556 0.3680555555555556 0.7902777777777777 0.3663194444444444 0.7958333333333333 0.3715277777777778 0.7944444444444444 0.390625 0.7916666666666666 0.3940972222222222 0.7833333333333333 0.3940972222222222 0.7791666666666667 0.390625 0.7805555555555556 0.3697916666666667
0 0.2222222222222222 0.9930555555555556 0.025 0.010416666666666666
0 0.5736111111111111 0.8506944444444444 0.575 0.8611111111111112 0.5722222222222222 0.8663194444444444 0.5680555555555555 0.8680555555555556 0.5638888888888889 0.8663194444444444 0.5583333333333333 0.8576388888888888 0.5638888888888889 0.8489583333333334 0.5722222222222222 0.8506944444444444
0 0.8152777777777778 0.8784722222222222 0.8208333333333333 0.8767361111111112 0.8277777777777777 0.8802083333333334 0.8305555555555556 0.8888888888888888 0.8277777777777777 0.8993055555555556 0.8236111111111111 0.9010416666666666 0.8166666666666667 0.8993055555555556 0.8138888888888889 0.8958333333333334 0.8152777777777778 0.8802083333333334
0 0.48333333333333334 0.022569444444444444 0.4861111111111111 0.027777777777777776 0.4875 0.03819444444444445 0.4861111111111111 0.04513888888888889 0.4777777777777778 0.052083333333333336 0.46805555555555556 0.046875 0.4666666666666667 0.03125 0.46805555555555556 0.026041666666666668 0.4736111111111111 0.020833333333333332 0.48194444444444445 0.022569444444444444
0 0.8236111111111111 0.8402777777777778 0.8263888888888888 0.8385416666666666 0.8291666666666667 0.8402777777777778 0.8319444444444445 0.8524305555555556 0.8305555555555556 0.8576388888888888 0.8222222222222222 0.8645833333333334 0.8138888888888889 0.8628472222222222 0.8138888888888889 0.8489583333333334 0.8236111111111111 0.8420138888888888
0 0.23333333333333334 0.8663194444444444 0.24444444444444444 0.8611111111111112 0.25416666666666665 0.8611111111111112 0.25555555555555554 0.8663194444444444 0.25555555555555554 0.8819444444444444 0.24861111111111112 0.8871527777777778 0.24166666666666667 0.8871527777777778 0.23472222222222222 0.8836805555555556 0.23194444444444445 0.875 0.23333333333333334 0.8680555555555556
0 0.8277777777777777 0.984375 0.8305555555555556 0.9878472222222222 0.8291666666666667 0.9982638888888888 0.8152777777777778 0.9982638888888888 0.8166666666666667 0.9895833333333334 0.8222222222222222 0.984375 0.8263888888888888 0.984375
0 0.48055555555555557 0.859375 0.4791666666666667 0.8524305555555556 0.4861111111111111 0.84375 0.49027777777777776 0.84375 0.49166666666666664 0.8576388888888888 0.4888888888888889 0.8611111111111112 0.48194444444444445 0.859375