0 0.4027777777777778 0.4253472222222222 0.4013888888888889 0.4114583333333333 0.40555555555555556 0.40625 0.4125 0.4027777777777778 0.41944444444444445 0.4027777777777778 0.4222222222222222 0.40625 0.4222222222222222 0.4184027777777778 0.4152777777777778 0.4270833333333333 0.4041666666666667 0.4253472222222222
0 0.5972222222222222 0.4661458333333333 0.016666666666666666 0.03298611111111111
0 0.6597222222222222 0.5243055555555556 0.6680555555555555 0.53125 0.6666666666666666 0.5451388888888888 0.6611111111111111 0.5503472222222222 0.6527777777777778 0.5451388888888888 0.6527777777777778 0.53125 0.6555555555555556 0.5260416666666666 0.6583333333333333 0.5260416666666666
0 0.11944444444444445 0.1232638888888889 0.12222222222222222 0.12152777777777778 0.12916666666666668 0.1232638888888889 0.13333333333333333 0.13368055555555555 0.13194444444444445 0.14583333333333334 0.12916666666666668 0.14930555555555555 0.12083333333333333 0.14930555555555555 0.11666666666666667 0.1423611111111111 0.11666666666666667 0.13020833333333334 0.11944444444444445 0.125
0 0.26666666666666666 0.10069444444444445 0.275 0.1076388888888889 0.275 0.1232638888888889 0.2611111111111111 0.13194444444444445 0.25416666666666665 0.13020833333333334 0.25416666666666665 0.11284722222222222 0.2611111111111111 0.10243055555555555 0.2652777777777778 0.10069444444444445
0 0.7097222222222223 0.4375 0.7180555555555556 0.4409722222222222 0.7236111111111111 0.4513888888888889 0.7222222222222222 0.4600694444444444 0.7166666666666667 0.4635416666666667 0.7097222222222223 0.4600694444444444 0.7041666666666667 0.453125 0.7 0.4427083333333333 0.7013888888888888 0.4392361111111111 0.7083333333333334 0.4375
0 0.8888888888888888 0.5399305555555556 0.8972222222222223 0.5486111111111112 0.9 0.5590277777777778 0.9 0.5659722222222222 0.8958333333333334 0.5729166666666666 0.8888888888888888 0.5711805555555556 0.8819444444444444 0.5590277777777778 0.8819444444444444 0.5416666666666666 0.8875 0.5399305555555556
0 0.7263888888888889 0.22569444444444445 0.7347222222222223 0.22743055555555555 0.7472222222222222 0.2482638888888889 0.7472222222222222 0.2621527777777778 0.7430555555555556 0.2673611111111111 0.7333333333333333 0.2638888888888889 0.7277777777777777 0.2552083333333333 0.7236111111111111 0.24305555555555555 0.7236111111111111 0.234375 0.7263888888888889 0.22743055555555555
0 0.5763888888888888 0.7916666666666666 0.5861111111111111 0.7899305555555556 0.5916666666666667 0.7934027777777778 0.5944444444444444 0.8020833333333334 0.5916666666666667 0.8107638888888888 0.5819444444444445 0.8125 0.575 0.8038194444444444 0.5763888888888888 0.7934027777777778
0 0.6222222222222222 0.005208333333333333 0.6402777777777777 0.010416666666666666 0.6472222222222223 0.013888888888888888 0.6472222222222223 0.017361111111111112 0.6347222222222222 0.026041666666666668 0.6194444444444445 0.029513888888888888 0.6125 0.022569444444444444 0.6125 0.013888888888888888 0.6152777777777778 0.008680555555555556 0.6208333333333333 0.006944444444444444
0 0.5263888888888889 0.7760416666666666 0.5291666666666667 0.7795138888888888 0.5291666666666667 0.7881944444444444 0.5263888888888889 0.796875 0.5222222222222223 0.8020833333333334 0.5111111111111111 0.8020833333333334 0.5083333333333333 0.796875 0.5083333333333333 0.7916666666666666 0.5097222222222222 0.7847222222222222 0.5138888888888888 0.7795138888888888 0.525 0.7760416666666666
0 0.8666666666666667 0.4479166666666667 0.8763888888888889 0.4565972222222222 0.8777777777777778 0.4652777777777778 0.8736111111111111 0.4739583333333333 0.8652777777777778 0.4722222222222222 0.8555555555555555 0.453125 0.8569444444444444 0.4461805555555556 0.8652777777777778 0.4479166666666667
0 0.9430555555555555 0.6822916666666666 0.9527777777777777 0.7048611111111112 0.9513888888888888 0.7274305555555556 0.9472222222222222 0.7274305555555556 0.9416666666666667 0.7204861111111112 0.9347222222222222 0.7013888888888888 0.9347222222222222 0.6857638888888888 0.9375 0.6822916666666666 0.9416666666666667 0.6822916666666666
0 0.8541666666666666 0.041666666666666664 0.8625 0.04861111111111111 0.8652777777777778 0.06076388888888889 0.8625 0.0798611111111111 0.8583333333333333 0.08333333333333333 0.8527777777777777 0.0798611111111111 0.8444444444444444 0.08159722222222222 0.8416666666666667 0.07118055555555555 0.8416666666666667 0.05381944444444445 0.8472222222222222 0.043402777777777776 0.8527777777777777 0.041666666666666664
0 0.6652777777777777 0.8368055555555556 0.6694444444444444 0.8420138888888888 0.6694444444444444 0.8506944444444444 0.6625 0.859375 0.6541666666666667 0.8576388888888888 0.6486111111111111 0.8541666666666666 0.6458333333333334 0.8489583333333334 0.6569444444444444 0.8368055555555556 0.6611111111111111 0.8350694444444444 0.6638888888888889 0.8368055555555556
0 0.9458333333333333 0.13194444444444445 0.95 0.140625 0.95 0.1527777777777778 0.9472222222222222 0.16319444444444445 0.9416666666666667 0.1684027777777778 0.9375 0.16493055555555555 0.9361111111111111 0.1597222222222222 0.9361111111111111 0.14583333333333334 0.9388888888888889 0.1388888888888889 0.9444444444444444 0.13368055555555555
0 0.058333333333333334 0.8819444444444444 0.06388888888888888 0.8854166666666666 0.07361111111111111 0.9010416666666666 0.07222222222222222 0.9131944444444444 0.06666666666666667 0.9166666666666666 0.059722222222222225 0.9149305555555556 0.05277777777777778 0.8993055555555556 0.05 0.8819444444444444 0.05138888888888889 0.8802083333333334 0.05694444444444444 0.8819444444444444
0 0.6638888888888889 0.4895833333333333 0.675 0.4965277777777778 0.6833333333333333 0.5052083333333334 0.6861111111111111 0.5121527777777778 0.6819444444444445 0.5208333333333334 0.6736111111111112 0.5208333333333334 0.6666666666666666 0.515625 0.6611111111111111 0.515625 0.6555555555555556 0.5121527777777778 0.6527777777777778 0.5052083333333334 0.6527777777777778 0.4947916666666667 0.6583333333333333 0.4895833333333333 0.6625 0.4895833333333333
0 0.15416666666666667 0.5989583333333334 0.16111111111111112 0.6006944444444444 0.17083333333333334 0.6128472222222222 0.1736111111111111 0.6284722222222222 0.16944444444444445 0.6336805555555556 0.1597222222222222 0.6302083333333334 0.15416666666666667 0.6232638888888888 0.14722222222222223 0.6059027777777778 0.14722222222222223 0.6006944444444444 0.1527777777777778 0.5989583333333334
0 0.2222222222222222 0.7430555555555556 0.23055555555555557 0.75 0.23055555555555557 0.7586805555555556 0.21666666666666667 0.7708333333333334 0.20694444444444443 0.7690972222222222 0.20416666666666666 0.7586805555555556 0.2125 0.7430555555555556 0.2152777777777778 0.7413194444444444 0.22083333333333333 0.7430555555555556
0 0.8930555555555556 0.8246527777777778 0.8972222222222223 0.8298611111111112 0.8986111111111111 0.8506944444444444 0.8972222222222223 0.8611111111111112 0.8902777777777777 0.8697916666666666 0.8777777777777778 0.8680555555555556 0.8708333333333333 0.859375 0.8694444444444445 0.84375 0.8736111111111111 0.8333333333333334 0.8847222222222222 0.8246527777777778 0.8916666666666667 0.8246527777777778