0 0.5930555555555556 0.7899305555555556 0.5986111111111111 0.8003472222222222 0.5986111111111111 0.8090277777777778 0.5930555555555556 0.8125 0.5805555555555556 0.8107638888888888 0.5763888888888888 0.8003472222222222 0.5763888888888888 0.7934027777777778 0.5791666666666667 0.7881944444444444 0.5861111111111111 0.7864583333333334 0.5916666666666667 0.7899305555555556
0 0.6666666666666666 0.5243055555555556 0.6722222222222223 0.5295138888888888 0.6736111111111112 0.5347222222222222 0.6708333333333333 0.546875 0.6666666666666666 0.5503472222222222 0.6597222222222222 0.5503472222222222 0.6555555555555556 0.5434027777777778 0.6569444444444444 0.5277777777777778 0.6611111111111111 0.5243055555555556 0.6652777777777777 0.5243055555555556
0 0.275 0.09895833333333333 0.2833333333333333 0.10590277777777778 0.2833333333333333 0.11805555555555555 0.28194444444444444 0.12152777777777778 0.26944444444444443 0.13020833333333334 0.2638888888888889 0.13020833333333334 0.2611111111111111 0.1267361111111111 0.2611111111111111 0.11979166666666667 0.2652777777777778 0.10590277777777778 0.27361111111111114 0.09895833333333333
0 0.4041666666666667 0.4079861111111111 0.4125 0.4027777777777778 0.4222222222222222 0.4027777777777778 0.425 0.40625 0.4236111111111111 0.4201388888888889 0.4166666666666667 0.4288194444444444 0.4083333333333333 0.4288194444444444 0.4041666666666667 0.4253472222222222 0.4027777777777778 0.421875 0.4041666666666667 0.4097222222222222
0 0.5263888888888889 0.7743055555555556 0.5319444444444444 0.7795138888888888 0.5319444444444444 0.7864583333333334 0.5277777777777778 0.7986111111111112 0.5236111111111111 0.8020833333333334 0.5125 0.8003472222222222 0.5111111111111111 0.7847222222222222 0.5152777777777777 0.7795138888888888 0.525 0.7743055555555556
0 0.22361111111111112 0.7413194444444444 0.23194444444444445 0.7447916666666666 0.23333333333333334 0.7534722222222222 0.22083333333333333 0.7638888888888888 0.2152777777777778 0.7638888888888888 0.2111111111111111 0.7604166666666666 0.2111111111111111 0.7482638888888888 0.2152777777777778 0.7430555555555556 0.2222222222222222 0.7413194444444444
0 0.7138888888888889 0.4392361111111111 0.7236111111111111 0.4513888888888889 0.7236111111111111 0.4583333333333333 0.7194444444444444 0.4635416666666667 0.7111111111111111 0.4618055555555556 0.7013888888888888 0.4496527777777778 0.7 0.4444444444444444 0.7013888888888888 0.4375 0.7125 0.4392361111111111
0 0.6055555555555555 0.4861111111111111 0.6097222222222223 0.484375 0.6152777777777778 0.4878472222222222 0.6208333333333333 0.4982638888888889 0.6208333333333333 0.5086805555555556 0.6180555555555556 0.5138888888888888 0.6111111111111112 0.5173611111111112 0.6055555555555555 0.515625 0.6027777777777777 0.5069444444444444 0.6027777777777777 0.4965277777777778 0.6055555555555555 0.4878472222222222
0 0.07222222222222222 0.8715277777777778 0.07777777777777778 0.8767361111111112 0.08333333333333333 0.8923611111111112 0.08194444444444444 0.9079861111111112 0.07777777777777778 0.9114583333333334 0.07222222222222222 0.9114583333333334 0.06666666666666667 0.9045138888888888 0.06666666666666667 0.875 0.07083333333333333 0.8715277777777778
0 0.13472222222222222 0.11631944444444445 0.1388888888888889 0.125 0.14027777777777778 0.13541666666666666 0.1388888888888889 0.1423611111111111 0.13194444444444445 0.14930555555555555 0.12638888888888888 0.14756944444444445 0.12222222222222222 0.140625 0.12222222222222222 0.12152777777777778 0.12777777777777777 0.11458333333333333 0.13333333333333333 0.11631944444444445
0 0.7347222222222223 0.22743055555555555 0.7444444444444445 0.23958333333333334 0.7472222222222222 0.2465277777777778 0.7472222222222222 0.2621527777777778 0.7430555555555556 0.2673611111111111 0.7333333333333333 0.2638888888888889 0.725 0.2482638888888889 0.7236111111111111 0.2326388888888889 0.7277777777777777 0.22569444444444445 0.7333333333333333 0.22743055555555555
0 0.8930555555555556 0.5381944444444444 0.9013888888888889 0.546875 0.9041666666666667 0.5538194444444444 0.9055555555555556 0.5659722222222222 0.9013888888888889 0.5694444444444444 0.8944444444444445 0.5677083333333334 0.8888888888888888 0.5590277777777778 0.8875 0.5416666666666666 0.8916666666666667 0.5381944444444444
0 0.09444444444444444 0.6111111111111112 0.09583333333333334 0.6128472222222222 0.09444444444444444 0.6284722222222222 0.08888888888888889 0.640625 0.08194444444444444 0.6475694444444444 0.07777777777777778 0.6475694444444444 0.07361111111111111 0.6440972222222222 0.07361111111111111 0.6336805555555556 0.07916666666666666 0.6215277777777778 0.08611111111111111 0.6128472222222222 0.09305555555555556 0.6111111111111112
0 0.8375 0.1267361111111111 0.8444444444444444 0.1267361111111111 0.85 0.13020833333333334 0.8541666666666666 0.1388888888888889 0.8541666666666666 0.1440972222222222 0.8486111111111111 0.1527777777777778 0.8402777777777778 0.1545138888888889 0.8361111111111111 0.14583333333333334 0.8375 0.1284722222222222
0 0.9479166666666666 0.1501736111111111 0.009722222222222222 0.029513888888888888
0 0.8763888888888889 0.04079861111111111 0.022222222222222223 0.03993055555555555
0 0.9513888888888888 0.6736111111111112 0.9541666666666667 0.6753472222222222 0.9541666666666667 0.7135416666666666 0.9513888888888888 0.7204861111111112 0.9472222222222222 0.7083333333333334 0.9472222222222222 0.6857638888888888 0.9513888888888888 0.6753472222222222
0 0.6736111111111112 0.8315972222222222 0.6791666666666667 0.8385416666666666 0.6791666666666667 0.8472222222222222 0.6736111111111112 0.8541666666666666 0.6666666666666666 0.8559027777777778 0.6430555555555556 0.8524305555555556 0.6416666666666667 0.8420138888888888 0.6652777777777777 0.8315972222222222 0.6722222222222223 0.8315972222222222
0 0.6333333333333333 0.018229166666666668 0.027777777777777776 0.022569444444444444
0 0.8472222222222222 0.4375 0.8513888888888889 0.4375 0.8541666666666666 0.4409722222222222 0.8722222222222222 0.4496527777777778 0.8791666666666667 0.4618055555555556 0.8763888888888889 0.4739583333333333 0.8652777777777778 0.4722222222222222 0.8527777777777777 0.4496527777777778 0.8486111111111111 0.4461805555555556 0.8472222222222222 0.4392361111111111
0 0.6597222222222222 0.4913194444444444 0.6666666666666666 0.4878472222222222 0.6777777777777778 0.4913194444444444 0.6916666666666667 0.5069444444444444 0.6930555555555555 0.5138888888888888 0.6916666666666667 0.5190972222222222 0.6847222222222222 0.5208333333333334 0.6736111111111112 0.5138888888888888 0.6638888888888889 0.5121527777777778 0.6597222222222222 0.5017361111111112 0.6597222222222222 0.4930555555555556
0 0.8881944444444444 0.8446180555555556 0.029166666666666667 0.046875
0 0.8875 0.9548611111111112 0.8888888888888888 0.9618055555555556 0.8875 0.9878472222222222 0.8791666666666667 0.9930555555555556 0.875 0.9930555555555556 0.8708333333333333 0.9895833333333334 0.8708333333333333 0.9756944444444444 0.8777777777777778 0.9565972222222222 0.8805555555555555 0.953125 0.8861111111111111 0.9548611111111112
0 0.6423611111111112 0.5625 0.020833333333333332 0.041666666666666664
0 0.3277777777777778 0.6909722222222222 0.33055555555555555 0.6927083333333334 0.33055555555555555 0.703125 0.32222222222222224 0.7083333333333334 0.3111111111111111 0.7048611111111112 0.3111111111111111 0.6996527777777778 0.3138888888888889 0.6961805555555556 0.3263888888888889 0.6927083333333334
0 0.5666666666666667 0.9357638888888888 0.5736111111111111 0.9357638888888888 0.5763888888888888 0.9409722222222222 0.5763888888888888 0.9496527777777778 0.575 0.953125 0.5708333333333333 0.9548611111111112 0.5652777777777778 0.9513888888888888 0.5666666666666667 0.9375
0 0.8513888888888889 0.8055555555555556 0.8638888888888889 0.796875 0.8722222222222222 0.7986111111111112 0.8763888888888889 0.8038194444444444 0.8763888888888889 0.8142361111111112 0.8666666666666667 0.8246527777777778 0.8527777777777777 0.8246527777777778 0.8486111111111111 0.8177083333333334 0.8486111111111111 0.8125 0.8513888888888889 0.8072916666666666
0 0.7305555555555555 0.4114583333333333 0.7333333333333333 0.4166666666666667 0.7333333333333333 0.4236111111111111 0.7291666666666666 0.4322916666666667 0.7263888888888889 0.4322916666666667 0.7208333333333333 0.421875 0.7222222222222222 0.4131944444444444 0.7263888888888889 0.4097222222222222 0.7291666666666666 0.4114583333333333
0 0.6263888888888889 0.8246527777777778 0.6347222222222222 0.8263888888888888 0.6388888888888888 0.8315972222222222 0.6388888888888888 0.8454861111111112 0.6305555555555555 0.8454861111111112 0.625 0.8385416666666666 0.6263888888888889 0.8263888888888888
0 0.6541666666666667 0.4722222222222222 0.6583333333333333 0.4861111111111111 0.6541666666666667 0.4930555555555556 0.6472222222222223 0.4895833333333333 0.6458333333333334 0.4861111111111111 0.6458333333333334 0.4756944444444444 0.6486111111111111 0.4722222222222222 0.6527777777777778 0.4722222222222222
0 0.125 0.5243055555555556 0.011111111111111112 0.020833333333333332