0 0.4111111111111111 0.4140625 0.022222222222222223 0.026041666666666668
0 0.2652777777777778 0.10243055555555555 0.2722222222222222 0.109375 0.2722222222222222 0.1232638888888889 0.26805555555555555 0.1284722222222222 0.25972222222222224 0.13194444444444445 0.25277777777777777 0.13020833333333334 0.2513888888888889 0.12152777777777778 0.25416666666666665 0.1076388888888889 0.25972222222222224 0.10243055555555555 0.2638888888888889 0.10243055555555555
0 0.5868055555555556 0.4557291666666667 0.018055555555555554 0.029513888888888888
0 0.6590277777777778 0.5373263888888888 0.018055555555555554 0.026041666666666668
0 0.12361111111111112 0.13802083333333334 0.016666666666666666 0.026041666666666668
0 0.04583333333333333 0.8802083333333334 0.05 0.8802083333333334 0.05555555555555555 0.8854166666666666 0.06388888888888888 0.8958333333333334 0.06666666666666667 0.9045138888888888 0.06111111111111111 0.9149305555555556 0.05555555555555555 0.9149305555555556 0.05 0.9114583333333334 0.044444444444444446 0.890625 0.04583333333333333 0.8819444444444444
0 0.6222222222222222 0.005208333333333333 0.6361111111111111 0.010416666666666666 0.6416666666666667 0.015625 0.6402777777777777 0.020833333333333332 0.625 0.029513888888888888 0.6152777777777778 0.029513888888888888 0.6111111111111112 0.024305555555555556 0.6125 0.008680555555555556 0.6166666666666667 0.005208333333333333 0.6208333333333333 0.005208333333333333
0 0.7319444444444444 0.22569444444444445 0.7430555555555556 0.2378472222222222 0.7472222222222222 0.2482638888888889 0.7472222222222222 0.2621527777777778 0.7430555555555556 0.2673611111111111 0.7333333333333333 0.2638888888888889 0.725 0.25 0.7236111111111111 0.2326388888888889 0.7263888888888889 0.22569444444444445 0.7305555555555555 0.22569444444444445
0 0.5888888888888889 0.7916666666666666 0.5930555555555556 0.8003472222222222 0.5930555555555556 0.8090277777777778 0.5861111111111111 0.8142361111111112 0.5805555555555556 0.8142361111111112 0.575 0.8072916666666666 0.5736111111111111 0.7951388888888888 0.5763888888888888 0.7899305555555556 0.5875 0.7916666666666666
0 0.8833333333333333 0.5381944444444444 0.8944444444444445 0.5520833333333334 0.8958333333333334 0.5694444444444444 0.8930555555555556 0.5729166666666666 0.8847222222222222 0.5711805555555556 0.8805555555555555 0.5642361111111112 0.8791666666666667 0.5399305555555556 0.8819444444444444 0.5381944444444444
0 0.5236111111111111 0.7777777777777778 0.5291666666666667 0.7847222222222222 0.525 0.7986111111111112 0.5208333333333334 0.8038194444444444 0.5083333333333333 0.8020833333333334 0.5069444444444444 0.7934027777777778 0.5083333333333333 0.7864583333333334 0.5125 0.78125 0.5222222222222223 0.7777777777777778
0 0.7027777777777777 0.4392361111111111 0.7125 0.4409722222222222 0.7194444444444444 0.4479166666666667 0.7208333333333333 0.4513888888888889 0.7194444444444444 0.4635416666666667 0.7097222222222223 0.4635416666666667 0.7027777777777777 0.4565972222222222 0.6986111111111111 0.4444444444444444 0.6986111111111111 0.4409722222222222 0.7013888888888888 0.4392361111111111
0 0.8541666666666666 0.052083333333333336 0.8597222222222223 0.06076388888888889 0.8597222222222223 0.0763888888888889 0.8541666666666666 0.08854166666666667 0.8458333333333333 0.08854166666666667 0.8402777777777778 0.08506944444444445 0.8375 0.0798611111111111 0.8388888888888889 0.057291666666666664 0.8458333333333333 0.052083333333333336 0.8527777777777777 0.052083333333333336
0 0.19305555555555556 0.625 0.20277777777777778 0.6302083333333334 0.20972222222222223 0.6371527777777778 0.20972222222222223 0.6440972222222222 0.20277777777777778 0.6475694444444444 0.1875 0.6475694444444444 0.18055555555555555 0.6440972222222222 0.17916666666666667 0.6302083333333334 0.18472222222222223 0.625 0.19166666666666668 0.625
0 0.9388888888888889 0.6805555555555556 0.9416666666666667 0.6822916666666666 0.9472222222222222 0.7048611111111112 0.9458333333333333 0.7291666666666666 0.9402777777777778 0.7274305555555556 0.9347222222222222 0.7204861111111112 0.9319444444444445 0.7100694444444444 0.9305555555555556 0.6892361111111112 0.9319444444444445 0.6822916666666666 0.9375 0.6805555555555556
0 0.8555555555555555 0.4461805555555556 0.8583333333333333 0.4444444444444444 0.8638888888888889 0.4461805555555556 0.8722222222222222 0.4513888888888889 0.8777777777777778 0.4600694444444444 0.8763888888888889 0.4722222222222222 0.8680555555555556 0.4739583333333333 0.8638888888888889 0.4704861111111111 0.8583333333333333 0.4600694444444444 0.8555555555555555 0.4479166666666667
0 0.2263888888888889 0.7482638888888888 0.22916666666666666 0.75 0.22916666666666666 0.7552083333333334 0.21805555555555556 0.7690972222222222 0.21388888888888888 0.7708333333333334 0.20555555555555555 0.7673611111111112 0.20416666666666666 0.7638888888888888 0.20555555555555555 0.7517361111111112 0.2111111111111111 0.7465277777777778 0.225 0.7482638888888888
0 0.6541666666666667 0.8489583333333334 0.022222222222222223 0.020833333333333332
0 0.8902777777777777 0.828125 0.8958333333333334 0.8350694444444444 0.8944444444444445 0.8611111111111112 0.8902777777777777 0.8680555555555556 0.8833333333333333 0.8715277777777778 0.8763888888888889 0.8697916666666666 0.8694444444444445 0.8611111111111112 0.8680555555555556 0.8420138888888888 0.8736111111111111 0.8333333333333334 0.8861111111111111 0.8263888888888888 0.8888888888888888 0.828125
0 0.6583333333333333 0.4913194444444444 0.675 0.5 0.6791666666666667 0.5052083333333334 0.6819444444444445 0.5104166666666666 0.6819444444444445 0.5190972222222222 0.6777777777777778 0.5225694444444444 0.6708333333333333 0.5208333333333334 0.6638888888888889 0.515625 0.6569444444444444 0.515625 0.6527777777777778 0.5121527777777778 0.65 0.4965277777777778 0.6569444444444444 0.4913194444444444
0 0.8305555555555556 0.043402777777777776 0.8347222222222223 0.046875 0.8333333333333334 0.06770833333333333 0.8305555555555556 0.07465277777777778 0.8236111111111111 0.08159722222222222 0.8194444444444444 0.0763888888888889 0.8208333333333333 0.050347222222222224 0.825 0.04513888888888889 0.8291666666666667 0.04513888888888889
0 0.9444444444444444 0.13020833333333334 0.9472222222222222 0.1371527777777778 0.9472222222222222 0.15104166666666666 0.9430555555555555 0.16319444444444445 0.9375 0.16319444444444445 0.9347222222222222 0.1597222222222222 0.9347222222222222 0.140625 0.9375 0.13368055555555555 0.9430555555555555 0.13020833333333334
0 0.8833333333333333 0.953125 0.8861111111111111 0.9565972222222222 0.8875 0.96875 0.8861111111111111 0.9878472222222222 0.8833333333333333 0.9947916666666666 0.8722222222222222 0.9982638888888888 0.8666666666666667 0.9947916666666666 0.8680555555555556 0.9739583333333334 0.8722222222222222 0.9618055555555556 0.8777777777777778 0.9548611111111112 0.8819444444444444 0.953125
0 0.3486111111111111 0.96875 0.3527777777777778 0.9756944444444444 0.3541666666666667 0.984375 0.3527777777777778 0.9982638888888888 0.34305555555555556 0.9982638888888888 0.3416666666666667 0.9930555555555556 0.3416666666666667 0.9774305555555556 0.34305555555555556 0.9722222222222222 0.3472222222222222 0.96875
0 0.5666666666666667 0.9340277777777778 0.5722222222222222 0.9340277777777778 0.5763888888888888 0.9409722222222222 0.5763888888888888 0.9496527777777778 0.5736111111111111 0.953125 0.5666666666666667 0.953125 0.5652777777777778 0.9513888888888888 0.5666666666666667 0.9357638888888888
0 0.65 0.5434027777777778 0.6513888888888889 0.5677083333333334 0.6472222222222223 0.5798611111111112 0.6430555555555556 0.5833333333333334 0.6361111111111111 0.5833333333333334 0.6333333333333333 0.5798611111111112 0.6319444444444444 0.5659722222222222 0.6361111111111111 0.5538194444444444 0.6444444444444445 0.5434027777777778 0.6486111111111111 0.5434027777777778
0 0.8652777777777778 0.8003472222222222 0.8736111111111111 0.8072916666666666 0.8736111111111111 0.8159722222222222 0.8652777777777778 0.8246527777777778 0.8625 0.8315972222222222 0.8486111111111111 0.828125 0.8458333333333333 0.8246527777777778 0.8458333333333333 0.8177083333333334 0.8513888888888889 0.8055555555555556 0.8597222222222223 0.8003472222222222 0.8638888888888889 0.8003472222222222
0 0.35555555555555557 0.9288194444444444 0.36527777777777776 0.9496527777777778 0.36527777777777776 0.9583333333333334 0.3625 0.9635416666666666 0.35138888888888886 0.9600694444444444 0.3472222222222222 0.9513888888888888 0.3458333333333333 0.9357638888888888 0.35 0.9288194444444444 0.3541666666666667 0.9288194444444444