0 0.7180555555555556 0.4409722222222222 0.725 0.4513888888888889 0.7236111111111111 0.4618055555555556 0.7138888888888889 0.4600694444444444 0.7055555555555556 0.4461805555555556 0.7083333333333334 0.4392361111111111 0.7166666666666667 0.4409722222222222
0 0.5930555555555556 0.7899305555555556 0.5986111111111111 0.7986111111111112 0.5986111111111111 0.8090277777777778 0.5958333333333333 0.8107638888888888 0.5847222222222223 0.8107638888888888 0.5791666666666667 0.8020833333333334 0.5791666666666667 0.7934027777777778 0.5819444444444445 0.7899305555555556 0.5916666666666667 0.7899305555555556
0 0.41805555555555557 0.4105902777777778 0.027777777777777776 0.026041666666666668
0 0.1361111111111111 0.109375 0.14027777777777778 0.1111111111111111 0.14583333333333334 0.1232638888888889 0.14722222222222223 0.1284722222222222 0.14583333333333334 0.13541666666666666 0.1361111111111111 0.1440972222222222 0.12916666666666668 0.1423611111111111 0.12777777777777777 0.12152777777777778 0.13055555555555556 0.11458333333333333 0.13472222222222222 0.1111111111111111
0 0.5305555555555556 0.7725694444444444 0.5347222222222222 0.7777777777777778 0.5347222222222222 0.78125 0.5263888888888889 0.7986111111111112 0.5180555555555556 0.7986111111111112 0.5138888888888888 0.7916666666666666 0.5138888888888888 0.7847222222222222 0.5180555555555556 0.7777777777777778 0.5291666666666667 0.7725694444444444
0 0.6555555555555556 0.012152777777777778 0.6569444444444444 0.019097222222222224 0.6416666666666667 0.03125 0.6347222222222222 0.03125 0.6291666666666667 0.026041666666666668 0.6277777777777778 0.020833333333333332 0.6291666666666667 0.012152777777777778 0.6333333333333333 0.008680555555555556 0.6458333333333334 0.008680555555555556 0.6541666666666667 0.012152777777777778
0 0.23333333333333334 0.7430555555555556 0.2375 0.7482638888888888 0.23333333333333334 0.7552083333333334 0.2263888888888889 0.7604166666666666 0.21666666666666667 0.7604166666666666 0.21388888888888888 0.7569444444444444 0.21388888888888888 0.7465277777777778 0.21805555555555556 0.7413194444444444 0.23194444444444445 0.7430555555555556
0 0.7263888888888889 0.22569444444444445 0.7347222222222223 0.22743055555555555 0.7472222222222222 0.24479166666666666 0.7458333333333333 0.2638888888888889 0.7416666666666667 0.2673611111111111 0.7333333333333333 0.2638888888888889 0.7263888888888889 0.2552083333333333 0.7236111111111111 0.24479166666666666 0.7236111111111111 0.2309027777777778 0.7263888888888889 0.22743055555555555
0 0.9027777777777778 0.5381944444444444 0.9083333333333333 0.5434027777777778 0.9111111111111111 0.5503472222222222 0.9111111111111111 0.5625 0.9083333333333333 0.5659722222222222 0.9 0.5642361111111112 0.8958333333333334 0.5572916666666666 0.8944444444444445 0.5381944444444444 0.8958333333333334 0.5364583333333334 0.9013888888888889 0.5381944444444444
0 0.6715277777777777 0.5390625 0.015277777777777777 0.022569444444444444
0 0.8277777777777777 0.19618055555555555 0.8319444444444445 0.1996527777777778 0.8333333333333334 0.20833333333333334 0.8305555555555556 0.2170138888888889 0.825 0.22395833333333334 0.8152777777777778 0.22395833333333334 0.8125 0.2204861111111111 0.8125 0.203125 0.8166666666666667 0.19618055555555555 0.8263888888888888 0.19618055555555555
0 0.8847222222222222 0 0.8902777777777777 0.005208333333333333 0.8930555555555556 0.017361111111111112 0.8902777777777777 0.027777777777777776 0.8833333333333333 0.03819444444444445 0.875 0.03298611111111111 0.8694444444444445 0.024305555555555556 0.8708333333333333 0.006944444444444444 0.8763888888888889 0 0.8833333333333333 0
0 0.8625 0.4461805555555556 0.8722222222222222 0.4513888888888889 0.8763888888888889 0.4565972222222222 0.8777777777777778 0.4652777777777778 0.875 0.4722222222222222 0.8680555555555556 0.4722222222222222 0.8611111111111112 0.4652777777777778 0.8555555555555555 0.4513888888888889 0.8569444444444444 0.4461805555555556 0.8611111111111112 0.4461805555555556
0 0.6402777777777777 0.5069444444444444 0.65 0.5052083333333334 0.6569444444444444 0.5121527777777778 0.6569444444444444 0.5225694444444444 0.65 0.5277777777777778 0.6430555555555556 0.5243055555555556 0.6402777777777777 0.5173611111111112 0.6402777777777777 0.5086805555555556
0 0.2861111111111111 0.0954861111111111 0.29305555555555557 0.10243055555555555 0.29583333333333334 0.11284722222222222 0.2902777777777778 0.12152777777777778 0.2763888888888889 0.13020833333333334 0.26944444444444443 0.1284722222222222 0.2708333333333333 0.1111111111111111 0.2722222222222222 0.10590277777777778 0.2791666666666667 0.09722222222222222 0.2847222222222222 0.0954861111111111
0 0.6875 0.8298611111111112 0.6902777777777778 0.8350694444444444 0.6902777777777778 0.8420138888888888 0.6847222222222222 0.8489583333333334 0.675 0.8472222222222222 0.6708333333333333 0.8385416666666666 0.675 0.8315972222222222 0.6805555555555556 0.828125 0.6861111111111111 0.8298611111111112
0 0.6888888888888889 0.4982638888888889 0.6986111111111111 0.5017361111111112 0.7027777777777777 0.5104166666666666 0.6986111111111111 0.5208333333333334 0.6916666666666667 0.5190972222222222 0.6861111111111111 0.5121527777777778 0.6861111111111111 0.5052083333333334 0.6888888888888889 0.5