0 0.4166666666666667 0.4027777777777778 0.42083333333333334 0.4097222222222222 0.41944444444444445 0.4201388888888889 0.4152777777777778 0.4270833333333333 0.4097222222222222 0.4288194444444444 0.4027777777777778 0.4270833333333333 0.4 0.4236111111111111 0.4 0.4166666666666667 0.40694444444444444 0.40625 0.4111111111111111 0.4027777777777778 0.4152777777777778 0.4027777777777778
0 0.26805555555555555 0.10243055555555555 0.2722222222222222 0.109375 0.2708333333333333 0.12152777777777778 0.2652777777777778 0.1284722222222222 0.2569444444444444 0.13194444444444445 0.25277777777777777 0.1284722222222222 0.25416666666666665 0.1076388888888889 0.2611111111111111 0.10069444444444445 0.26666666666666666 0.10243055555555555
0 0.18472222222222223 0.6163194444444444 0.19305555555555556 0.6180555555555556 0.2 0.6232638888888888 0.20277777777777778 0.6284722222222222 0.20277777777777778 0.6336805555555556 0.19305555555555556 0.6371527777777778 0.17777777777777778 0.6354166666666666 0.1763888888888889 0.6232638888888888 0.17916666666666667 0.6180555555555556 0.18333333333333332 0.6180555555555556
0 0.6597222222222222 0.5243055555555556 0.6638888888888889 0.5260416666666666 0.6680555555555555 0.5347222222222222 0.6652777777777777 0.5451388888888888 0.6597222222222222 0.5503472222222222 0.6513888888888889 0.5451388888888888 0.6513888888888889 0.5329861111111112 0.6541666666666667 0.5260416666666666 0.6583333333333333 0.5243055555555556
0 0.6125 0.027777777777777776 0.6111111111111112 0.012152777777777778 0.6166666666666667 0.006944444444444444 0.6361111111111111 0.008680555555555556 0.6402777777777777 0.010416666666666666 0.6430555555555556 0.017361111111111112 0.6236111111111111 0.029513888888888888 0.6138888888888889 0.027777777777777776
0 0.12430555555555556 0.13802083333333334 0.018055555555555554 0.026041666666666668
0 0.7347222222222223 0.22743055555555555 0.7444444444444445 0.23958333333333334 0.7472222222222222 0.2465277777777778 0.7472222222222222 0.2621527777777778 0.7430555555555556 0.2673611111111111 0.7333333333333333 0.2638888888888889 0.725 0.2482638888888889 0.725 0.22916666666666666 0.7277777777777777 0.22569444444444445 0.7333333333333333 0.22743055555555555
0 0.5847222222222223 0.4409722222222222 0.5902777777777778 0.4409722222222222 0.5944444444444444 0.4461805555555556 0.5972222222222222 0.4548611111111111 0.5958333333333333 0.4756944444444444 0.5875 0.4739583333333333 0.5833333333333334 0.4635416666666667 0.5847222222222223 0.4427083333333333
0 0.5875 0.7916666666666666 0.5916666666666667 0.7951388888888888 0.5930555555555556 0.8055555555555556 0.5916666666666667 0.8107638888888888 0.5847222222222223 0.8142361111111112 0.5763888888888888 0.8090277777777778 0.5736111111111111 0.796875 0.5777777777777777 0.7899305555555556 0.5861111111111111 0.7916666666666666
0 0.5083333333333333 0.8020833333333334 0.5069444444444444 0.796875 0.5083333333333333 0.7864583333333334 0.5125 0.78125 0.5180555555555556 0.7795138888888888 0.5277777777777778 0.78125 0.525 0.7986111111111112 0.5194444444444445 0.8038194444444444 0.5097222222222222 0.8020833333333334
0 0.6972222222222222 0.4409722222222222 0.7055555555555556 0.4392361111111111 0.7180555555555556 0.4444444444444444 0.7208333333333333 0.4496527777777778 0.7208333333333333 0.4600694444444444 0.7180555555555556 0.4635416666666667 0.7111111111111111 0.4635416666666667 0.7027777777777777 0.4565972222222222 0.6986111111111111 0.4427083333333333
0 0.8847222222222222 0.5399305555555556 0.8930555555555556 0.5486111111111112 0.8958333333333334 0.5572916666666666 0.8958333333333334 0.5694444444444444 0.8930555555555556 0.5729166666666666 0.8888888888888888 0.5729166666666666 0.8819444444444444 0.5659722222222222 0.8805555555555555 0.5416666666666666 0.8833333333333333 0.5399305555555556
0 0.8305555555555556 0.05381944444444445 0.8347222222222223 0.07118055555555555 0.8333333333333334 0.08854166666666667 0.8291666666666667 0.09375 0.825 0.09375 0.8208333333333333 0.09027777777777778 0.8236111111111111 0.06597222222222222 0.8291666666666667 0.05555555555555555
0 0.6430555555555556 0.8524305555555556 0.6486111111111111 0.8420138888888888 0.6541666666666667 0.8385416666666666 0.6611111111111111 0.8385416666666666 0.6652777777777777 0.8454861111111112 0.6638888888888889 0.8559027777777778 0.6597222222222222 0.859375 0.65 0.859375 0.6444444444444445 0.8541666666666666
0 0.2263888888888889 0.7482638888888888 0.22916666666666666 0.7517361111111112 0.22916666666666666 0.7569444444444444 0.21666666666666667 0.7708333333333334 0.20972222222222223 0.7708333333333334 0.20555555555555555 0.7673611111111112 0.20555555555555555 0.7534722222222222 0.2111111111111111 0.7465277777777778 0.225 0.7482638888888888
0 0.8583333333333333 0.05555555555555555 0.8597222222222223 0.0798611111111111 0.8555555555555555 0.08854166666666667 0.8486111111111111 0.08854166666666667 0.8416666666666667 0.08333333333333333 0.8388888888888889 0.0763888888888889 0.8388888888888889 0.0625 0.8430555555555556 0.052083333333333336 0.85 0.050347222222222224 0.8569444444444444 0.05555555555555555
0 0.04722222222222222 0.8784722222222222 0.05277777777777778 0.8784722222222222 0.06527777777777778 0.8923611111111112 0.06805555555555555 0.8993055555555556 0.06805555555555555 0.9097222222222222 0.06527777777777778 0.9131944444444444 0.059722222222222225 0.9149305555555556 0.05416666666666667 0.9114583333333334 0.04583333333333333 0.8923611111111112 0.04722222222222222 0.8802083333333334
0 0.9395833333333333 0.7057291666666666 0.015277777777777777 0.046875
0 0.8569444444444444 0.4461805555555556 0.8638888888888889 0.4461805555555556 0.8722222222222222 0.4513888888888889 0.8777777777777778 0.4618055555555556 0.8763888888888889 0.4704861111111111 0.8736111111111111 0.4739583333333333 0.8680555555555556 0.4739583333333333 0.8611111111111112 0.4652777777777778 0.8569444444444444 0.4548611111111111 0.8569444444444444 0.4479166666666667
0 0.6597222222222222 0.4913194444444444 0.675 0.5 0.6805555555555556 0.5069444444444444 0.6819444444444445 0.5190972222222222 0.675 0.5225694444444444 0.6680555555555555 0.5173611111111112 0.6541666666666667 0.5138888888888888 0.65 0.4965277777777778 0.6513888888888889 0.4930555555555556 0.6583333333333333 0.4913194444444444
0 0.9486111111111111 0.10590277777777778 0.95 0.12152777777777778 0.9486111111111111 0.1232638888888889 0.9486111111111111 0.14756944444444445 0.9458333333333333 0.1597222222222222 0.9416666666666667 0.16493055555555555 0.9375 0.16493055555555555 0.9347222222222222 0.16145833333333334 0.9333333333333333 0.1440972222222222 0.9361111111111111 0.13368055555555555 0.9444444444444444 0.11979166666666667 0.9472222222222222 0.1076388888888889
0 0.8763888888888889 0.9756944444444444 0.019444444444444445 0.041666666666666664
0 0.8930555555555556 0.828125 0.8972222222222223 0.8350694444444444 0.8972222222222223 0.8541666666666666 0.8944444444444445 0.8645833333333334 0.8888888888888888 0.8697916666666666 0.8791666666666667 0.8697916666666666 0.8736111111111111 0.8663194444444444 0.8694444444444445 0.859375 0.8680555555555556 0.8472222222222222 0.8736111111111111 0.8333333333333334 0.8861111111111111 0.8263888888888888 0.8916666666666667 0.828125
0 0.5666666666666667 0.9340277777777778 0.5722222222222222 0.9340277777777778 0.5763888888888888 0.9409722222222222 0.5763888888888888 0.9496527777777778 0.5736111111111111 0.953125 0.5666666666666667 0.953125 0.5652777777777778 0.9496527777777778 0.5666666666666667 0.9357638888888888
0 0.6416666666666667 0.5642361111111112 0.019444444444444445 0.041666666666666664