0 0.22361111111111112 0.5989583333333334 0.22777777777777777 0.6006944444444444 0.23194444444444445 0.6076388888888888 0.23055555555555557 0.6197916666666666 0.22777777777777777 0.6215277777777778 0.21805555555555556 0.6197916666666666 0.2125 0.609375 0.2125 0.6024305555555556 0.2152777777777778 0.5989583333333334 0.2222222222222222 0.5989583333333334
0 0.059722222222222225 0.7673611111111112 0.06388888888888888 0.7743055555555556 0.06388888888888888 0.7916666666666666 0.059722222222222225 0.796875 0.05138888888888889 0.7951388888888888 0.04861111111111111 0.7881944444444444 0.04861111111111111 0.7725694444444444 0.05555555555555555 0.765625 0.058333333333333334 0.7673611111111112
0 0.5444444444444444 0.5625 0.5486111111111112 0.5677083333333334 0.5472222222222223 0.5746527777777778 0.5375 0.5885416666666666 0.5333333333333333 0.5902777777777778 0.5263888888888889 0.5885416666666666 0.5236111111111111 0.5850694444444444 0.5222222222222223 0.5711805555555556 0.5291666666666667 0.5642361111111112 0.5430555555555555 0.5625
0 0.47638888888888886 0.8958333333333334 0.48333333333333334 0.9010416666666666 0.48333333333333334 0.90625 0.47638888888888886 0.9184027777777778 0.4708333333333333 0.9201388888888888 0.4625 0.9166666666666666 0.4625 0.90625 0.46805555555555556 0.8975694444444444 0.475 0.8958333333333334
0 0.13055555555555556 0.6006944444444444 0.13194444444444445 0.6128472222222222 0.12638888888888888 0.6197916666666666 0.10277777777777777 0.6180555555555556 0.09861111111111111 0.6145833333333334 0.09861111111111111 0.609375 0.11527777777777778 0.5989583333333334 0.12361111111111112 0.5972222222222222 0.12916666666666668 0.6006944444444444
0 0.7347222222222223 0.2760416666666667 0.7402777777777778 0.28125 0.7388888888888889 0.2916666666666667 0.7291666666666666 0.3055555555555556 0.7194444444444444 0.3107638888888889 0.7180555555555556 0.3090277777777778 0.7194444444444444 0.2934027777777778 0.7236111111111111 0.2829861111111111 0.7291666666666666 0.2760416666666667 0.7333333333333333 0.2760416666666667
0 0.5777777777777777 0.4704861111111111 0.5888888888888889 0.4722222222222222 0.5944444444444444 0.4774305555555556 0.5986111111111111 0.4861111111111111 0.5972222222222222 0.4965277777777778 0.5819444444444445 0.4947916666666667 0.5777777777777777 0.484375 0.5777777777777777 0.4722222222222222
0 0.49722222222222223 0.7413194444444444 0.5 0.7465277777777778 0.4986111111111111 0.7534722222222222 0.49583333333333335 0.7586805555555556 0.49027777777777776 0.7621527777777778 0.48194444444444445 0.7621527777777778 0.4791666666666667 0.7569444444444444 0.48333333333333334 0.7482638888888888 0.49166666666666664 0.7413194444444444 0.49583333333333335 0.7413194444444444
0 0.8444444444444444 0.2916666666666667 0.8486111111111111 0.2916666666666667 0.8541666666666666 0.3020833333333333 0.8527777777777777 0.3194444444444444 0.8458333333333333 0.3211805555555556 0.8416666666666667 0.3125 0.8416666666666667 0.3003472222222222 0.8444444444444444 0.2934027777777778
0 0.7055555555555556 0.8958333333333334 0.7138888888888889 0.90625 0.7152777777777778 0.9149305555555556 0.7138888888888889 0.9253472222222222 0.7125 0.9270833333333334 0.7041666666666667 0.9236111111111112 0.6986111111111111 0.9149305555555556 0.7 0.8993055555555556 0.7041666666666667 0.8975694444444444
0 0.30972222222222223 0.7604166666666666 0.31527777777777777 0.7621527777777778 0.3194444444444444 0.7743055555555556 0.3194444444444444 0.7899305555555556 0.31666666666666665 0.7986111111111112 0.30694444444444446 0.8003472222222222 0.3055555555555556 0.7777777777777778 0.30972222222222223 0.7621527777777778
0 0.46944444444444444 0.9722222222222222 0.475 0.9739583333333334 0.4777777777777778 0.9809027777777778 0.4708333333333333 0.9930555555555556 0.4652777777777778 0.9965277777777778 0.45555555555555555 0.9947916666666666 0.45555555555555555 0.9774305555555556 0.4597222222222222 0.9739583333333334 0.46805555555555556 0.9722222222222222
0 0.8986111111111111 0.3697916666666667 0.8972222222222223 0.3628472222222222 0.9041666666666667 0.3524305555555556 0.9097222222222222 0.3489583333333333 0.9138888888888889 0.3489583333333333 0.9180555555555555 0.3541666666666667 0.9180555555555555 0.3645833333333333 0.9111111111111111 0.3715277777777778 0.9 0.3697916666666667
0 0.44583333333333336 0.7239583333333334 0.4486111111111111 0.7326388888888888 0.4486111111111111 0.7413194444444444 0.44305555555555554 0.75 0.4361111111111111 0.75 0.43194444444444446 0.7447916666666666 0.43194444444444446 0.7378472222222222 0.4375 0.7256944444444444 0.4444444444444444 0.7239583333333334
0 0.8423611111111111 0.5399305555555556 0.029166666666666667 0.03819444444444445
0 0.45 0.6388888888888888 0.4527777777777778 0.6423611111111112 0.45416666666666666 0.6510416666666666 0.45 0.6649305555555556 0.44722222222222224 0.6666666666666666 0.4388888888888889 0.6649305555555556 0.4375 0.6475694444444444 0.44166666666666665 0.640625 0.4486111111111111 0.6388888888888888
0 0.8729166666666667 0.546875 0.02361111111111111 0.024305555555555556
0 0.23472222222222222 0.4791666666666667 0.24305555555555555 0.484375 0.24722222222222223 0.4930555555555556 0.24722222222222223 0.5052083333333334 0.24444444444444444 0.515625 0.2388888888888889 0.5225694444444444 0.23472222222222222 0.5243055555555556 0.2222222222222222 0.5225694444444444 0.21805555555555556 0.5173611111111112 0.2152777777777778 0.5069444444444444 0.2152777777777778 0.4947916666666667 0.21805555555555556 0.4861111111111111 0.2263888888888889 0.4791666666666667 0.23333333333333334 0.4791666666666667
0 0.7819444444444444 0.5034722222222222 0.7916666666666666 0.5104166666666666 0.7930555555555555 0.5138888888888888 0.7916666666666666 0.5243055555555556 0.7888888888888889 0.5277777777777778 0.7819444444444444 0.5260416666666666 0.7722222222222223 0.5086805555555556 0.7736111111111111 0.5034722222222222 0.7805555555555556 0.5034722222222222
0 0.29583333333333334 0.1440972222222222 0.3 0.1440972222222222 0.3 0.171875 0.2972222222222222 0.1857638888888889 0.29583333333333334 0.1892361111111111 0.2902777777777778 0.19270833333333334 0.2847222222222222 0.1909722222222222 0.28194444444444444 0.1857638888888889 0.2861111111111111 0.16666666666666666 0.29583333333333334 0.14583333333333334
0 0.4666666666666667 0.7118055555555556 0.4708333333333333 0.71875 0.4722222222222222 0.7309027777777778 0.4708333333333333 0.7395833333333334 0.4625 0.7552083333333334 0.45555555555555555 0.7552083333333334 0.4513888888888889 0.7517361111111112 0.44722222222222224 0.7239583333333334 0.45 0.7152777777777778 0.45416666666666666 0.7100694444444444 0.4652777777777778 0.7118055555555556
0 0.25833333333333336 0.1267361111111111 0.2611111111111111 0.1371527777777778 0.25416666666666665 0.14756944444444445 0.25 0.14756944444444445 0.24722222222222223 0.1440972222222222 0.24583333333333332 0.13194444444444445 0.2513888888888889 0.125 0.2569444444444444 0.1267361111111111
0 0.4666666666666667 0.027777777777777776 0.46944444444444444 0.03125 0.46944444444444444 0.046875 0.4625 0.05381944444444445 0.4527777777777778 0.050347222222222224 0.4486111111111111 0.034722222222222224 0.45555555555555555 0.027777777777777776 0.4652777777777778 0.027777777777777776
0 0.4527777777777778 0.013888888888888888 0.45694444444444443 0.029513888888888888 0.4513888888888889 0.03819444444444445 0.44722222222222224 0.03819444444444445 0.44166666666666665 0.029513888888888888 0.44166666666666665 0.015625 0.44583333333333336 0.012152777777777778 0.4513888888888889 0.013888888888888888