0 0.4777777777777778 0.8975694444444444 0.48194444444444445 0.9010416666666666 0.48194444444444445 0.90625 0.48055555555555557 0.9114583333333334 0.475 0.9184027777777778 0.4652777777777778 0.9184027777777778 0.4625 0.9149305555555556 0.4625 0.90625 0.4666666666666667 0.8993055555555556 0.47638888888888886 0.8975694444444444
0 0.7166666666666667 0.2482638888888889 0.7263888888888889 0.2552083333333333 0.7319444444444444 0.2708333333333333 0.7305555555555555 0.2777777777777778 0.7138888888888889 0.2708333333333333 0.7055555555555556 0.2604166666666667 0.7055555555555556 0.2534722222222222 0.7152777777777778 0.2482638888888889
0 0.2222222222222222 0.6006944444444444 0.23333333333333334 0.6041666666666666 0.2361111111111111 0.609375 0.2375 0.6163194444444444 0.2361111111111111 0.6215277777777778 0.23333333333333334 0.6232638888888888 0.2263888888888889 0.6232638888888888 0.21944444444444444 0.6180555555555556 0.21666666666666667 0.6111111111111112 0.21666666666666667 0.6041666666666666 0.22083333333333333 0.6006944444444444
0 0.3138888888888889 0.7638888888888888 0.32083333333333336 0.7708333333333334 0.3236111111111111 0.7795138888888888 0.32083333333333336 0.7951388888888888 0.31666666666666665 0.8003472222222222 0.3111111111111111 0.7986111111111112 0.30972222222222223 0.7916666666666666 0.3138888888888889 0.765625
0 0.4909722222222222 0.7517361111111112 0.018055555555555554 0.020833333333333332
0 0.9076388888888889 0.3611111111111111 0.020833333333333332 0.020833333333333332
0 0.8666666666666667 0.5225694444444444 0.8694444444444445 0.5260416666666666 0.8694444444444445 0.5364583333333334 0.8652777777777778 0.5434027777777778 0.8541666666666666 0.5538194444444444 0.8430555555555556 0.5486111111111112 0.8402777777777778 0.5381944444444444 0.8416666666666667 0.5295138888888888 0.8513888888888889 0.5208333333333334 0.8652777777777778 0.5225694444444444
0 0.7111111111111111 0.8975694444444444 0.7166666666666667 0.9045138888888888 0.7166666666666667 0.9201388888888888 0.7125 0.9236111111111112 0.7055555555555556 0.9201388888888888 0.7013888888888888 0.9149305555555556 0.7013888888888888 0.8993055555555556 0.7041666666666667 0.8958333333333334 0.7097222222222223 0.8975694444444444
0 0.48333333333333334 0.9670138888888888 0.4847222222222222 0.9704861111111112 0.48333333333333334 0.9791666666666666 0.46944444444444444 0.9930555555555556 0.4625 0.9913194444444444 0.4597222222222222 0.984375 0.46111111111111114 0.9756944444444444 0.46805555555555556 0.9704861111111112 0.48194444444444445 0.9670138888888888
0 0.49444444444444446 0.5902777777777778 0.5 0.5868055555555556 0.5097222222222222 0.5868055555555556 0.5166666666666667 0.5902777777777778 0.5152777777777777 0.5989583333333334 0.5083333333333333 0.6076388888888888 0.5041666666666667 0.609375 0.49722222222222223 0.6076388888888888 0.49444444444444446 0.6041666666666666 0.4930555555555556 0.6006944444444444 0.49444444444444446 0.5920138888888888
0 0.5888888888888889 0.4739583333333333 0.6013888888888889 0.4895833333333333 0.6027777777777777 0.4930555555555556 0.6 0.4965277777777778 0.5888888888888889 0.4965277777777778 0.5819444444444445 0.4895833333333333 0.5777777777777777 0.4791666666666667 0.5777777777777777 0.4739583333333333 0.5791666666666667 0.4722222222222222 0.5875 0.4739583333333333
0 0.7583333333333333 0.5104166666666666 0.7597222222222222 0.5243055555555556 0.7569444444444444 0.53125 0.7486111111111111 0.5381944444444444 0.7416666666666667 0.5347222222222222 0.7402777777777778 0.5243055555555556 0.7444444444444445 0.515625 0.7486111111111111 0.5121527777777778 0.7569444444444444 0.5104166666666666
0 0.44583333333333336 0.7222222222222222 0.4486111111111111 0.7291666666666666 0.4486111111111111 0.7413194444444444 0.44305555555555554 0.7482638888888888 0.4361111111111111 0.7482638888888888 0.43194444444444446 0.7430555555555556 0.43194444444444446 0.7361111111111112 0.4388888888888889 0.7239583333333334 0.4444444444444444 0.7222222222222222
0 0.8513888888888889 0.2916666666666667 0.8555555555555555 0.3020833333333333 0.8555555555555555 0.3142361111111111 0.8513888888888889 0.3211805555555556 0.8472222222222222 0.3194444444444444 0.8430555555555556 0.3125 0.8444444444444444 0.2934027777777778 0.85 0.2916666666666667
0 0.25833333333333336 0.16666666666666666 0.26666666666666666 0.1701388888888889 0.26944444444444443 0.1736111111111111 0.26805555555555555 0.17881944444444445 0.25833333333333336 0.1875 0.24861111111111112 0.1875 0.24583333333333332 0.18229166666666666 0.24722222222222223 0.171875 0.25 0.1684027777777778 0.2569444444444444 0.1684027777777778
0 0.4527777777777778 0.6354166666666666 0.45555555555555555 0.640625 0.45555555555555555 0.65625 0.45 0.6649305555555556 0.44305555555555554 0.6631944444444444 0.44166666666666665 0.6458333333333334 0.44722222222222224 0.6354166666666666 0.4513888888888889 0.6354166666666666
0 0.4625 0.7083333333333334 0.4708333333333333 0.7170138888888888 0.4708333333333333 0.7378472222222222 0.4625 0.7534722222222222 0.4527777777777778 0.7517361111111112 0.4486111111111111 0.7413194444444444 0.44722222222222224 0.7256944444444444 0.45 0.7135416666666666 0.45416666666666666 0.7083333333333334 0.46111111111111114 0.7083333333333334
0 0.1284722222222222 0.5946180555555556 0.03194444444444444 0.022569444444444444
0 0.8555555555555555 0.5607638888888888 0.8541666666666666 0.5572916666666666 0.8555555555555555 0.5503472222222222 0.875 0.5381944444444444 0.8833333333333333 0.5399305555555556 0.8847222222222222 0.5434027777777778 0.8833333333333333 0.5538194444444444 0.8666666666666667 0.5625 0.8569444444444444 0.5607638888888888
0 0.4222222222222222 0.06076388888888889 0.43194444444444446 0.06944444444444445 0.43472222222222223 0.0763888888888889 0.43472222222222223 0.08680555555555555 0.43194444444444446 0.09027777777777778 0.42083333333333334 0.08854166666666667 0.4152777777777778 0.0798611111111111 0.41388888888888886 0.06597222222222222 0.4166666666666667 0.06076388888888889 0.42083333333333334 0.06076388888888889
0 0.24583333333333332 0.1388888888888889 0.24861111111111112 0.1284722222222222 0.25833333333333336 0.1267361111111111 0.25972222222222224 0.1284722222222222 0.25833333333333336 0.1440972222222222 0.25555555555555554 0.14756944444444445 0.24861111111111112 0.14756944444444445 0.24722222222222223 0.140625
0 0.24166666666666667 0.4826388888888889 0.24722222222222223 0.4913194444444444 0.24722222222222223 0.5086805555555556 0.24444444444444444 0.5173611111111112 0.2361111111111111 0.5243055555555556 0.22777777777777777 0.5243055555555556 0.21944444444444444 0.5173611111111112 0.21666666666666667 0.5104166666666666 0.21666666666666667 0.4965277777777778 0.21944444444444444 0.4861111111111111 0.225 0.4809027777777778 0.23472222222222222 0.4791666666666667 0.24027777777777778 0.4826388888888889
0 0.33055555555555555 0.5208333333333334 0.025 0.034722222222222224
0 0.8125 0.8854166666666666 0.8180555555555555 0.890625 0.8194444444444444 0.8958333333333334 0.8180555555555555 0.9027777777777778 0.8138888888888889 0.9079861111111112 0.8069444444444445 0.9079861111111112 0.8027777777777778 0.9045138888888888 0.8027777777777778 0.8923611111111112 0.8111111111111111 0.8854166666666666
0 0.7888888888888889 0.3663194444444444 0.7944444444444444 0.3732638888888889 0.7944444444444444 0.390625 0.7902777777777777 0.3940972222222222 0.7833333333333333 0.3940972222222222 0.7791666666666667 0.3888888888888889 0.7791666666666667 0.375 0.7833333333333333 0.3680555555555556 0.7875 0.3663194444444444
0 0.775 0.3454861111111111 0.7805555555555556 0.3472222222222222 0.7833333333333333 0.3541666666666667 0.7847222222222222 0.3663194444444444 0.7805555555555556 0.3697916666666667 0.7763888888888889 0.3697916666666667 0.7680555555555556 0.3611111111111111 0.7680555555555556 0.3489583333333333 0.7736111111111111 0.3454861111111111
0 0.4263888888888889 0.7291666666666666 0.4305555555555556 0.734375 0.4305555555555556 0.7430555555555556 0.4263888888888889 0.7447916666666666 0.4222222222222222 0.7430555555555556 0.41944444444444445 0.7378472222222222 0.41944444444444445 0.7309027777777778 0.425 0.7291666666666666
0 0.7958333333333333 0.4756944444444444 0.7986111111111112 0.4809027777777778 0.7986111111111112 0.4861111111111111 0.7958333333333333 0.4913194444444444 0.7902777777777777 0.4930555555555556 0.7847222222222222 0.4913194444444444 0.7847222222222222 0.4826388888888889 0.7888888888888889 0.4756944444444444 0.7916666666666666 0.4739583333333333 0.7944444444444444 0.4756944444444444
0 0.4625 0.020833333333333332 0.46805555555555556 0.026041666666666668 0.46944444444444444 0.043402777777777776 0.46805555555555556 0.04861111111111111 0.46111111111111114 0.05381944444444445 0.4527777777777778 0.052083333333333336 0.4486111111111111 0.041666666666666664 0.4486111111111111 0.029513888888888888 0.4513888888888889 0.024305555555555556 0.46111111111111114 0.020833333333333332
0 0.20555555555555555 0.75 0.20694444444444443 0.7586805555555556 0.20277777777777778 0.7638888888888888 0.1986111111111111 0.7638888888888888 0.19722222222222222 0.7534722222222222 0.2 0.75 0.20416666666666666 0.75
0 0.9277777777777778 0.11284722222222222 0.9319444444444445 0.1284722222222222 0.9305555555555556 0.1388888888888889 0.9277777777777778 0.1440972222222222 0.9208333333333333 0.1440972222222222 0.9180555555555555 0.13541666666666666 0.9166666666666666 0.11631944444444445 0.9180555555555555 0.1111111111111111 0.9263888888888889 0.11284722222222222
0 0.24027777777777778 0.8732638888888888 0.24583333333333332 0.8836805555555556 0.24583333333333332 0.8923611111111112 0.24305555555555555 0.8975694444444444 0.23194444444444445 0.8975694444444444 0.22777777777777777 0.8923611111111112 0.22916666666666666 0.8767361111111112 0.23194444444444445 0.8732638888888888 0.2388888888888889 0.8732638888888888
0 0.425 0.9670138888888888 0.43194444444444446 0.9739583333333334 0.43333333333333335 0.9774305555555556 0.43194444444444446 0.9826388888888888 0.42777777777777776 0.9861111111111112 0.42083333333333334 0.9791666666666666 0.42083333333333334 0.9704861111111112 0.4236111111111111 0.96875
0 0.4777777777777778 0.8645833333333334 0.011111111111111112 0.013888888888888888