0 0.11666666666666667 0.5989583333333334 0.12083333333333333 0.6024305555555556 0.12083333333333333 0.6145833333333334 0.11805555555555555 0.6197916666666666 0.11388888888888889 0.6215277777777778 0.08888888888888889 0.6197916666666666 0.08611111111111111 0.6145833333333334 0.09861111111111111 0.6041666666666666 0.11527777777777778 0.5989583333333334
0 0.22083333333333333 0.5989583333333334 0.225 0.6006944444444444 0.23055555555555557 0.6111111111111112 0.22916666666666666 0.6180555555555556 0.22361111111111112 0.6215277777777778 0.21388888888888888 0.6197916666666666 0.20972222222222223 0.609375 0.20972222222222223 0.6024305555555556 0.2125 0.5989583333333334 0.21944444444444444 0.5989583333333334
0 0.48333333333333334 0.8975694444444444 0.4861111111111111 0.9010416666666666 0.48055555555555557 0.9149305555555556 0.4708333333333333 0.9201388888888888 0.4625 0.9166666666666666 0.46111111111111114 0.9131944444444444 0.4625 0.9045138888888888 0.4708333333333333 0.8958333333333334 0.48194444444444445 0.8975694444444444
0 0.3111111111111111 0.7673611111111112 0.31666666666666665 0.7777777777777778 0.31666666666666665 0.7934027777777778 0.3111111111111111 0.8003472222222222 0.30694444444444446 0.8020833333333334 0.30277777777777776 0.8003472222222222 0.3 0.7934027777777778 0.3 0.7847222222222222 0.30277777777777776 0.7708333333333334 0.3055555555555556 0.7673611111111112 0.30972222222222223 0.7673611111111112
0 0.7055555555555556 0.8975694444444444 0.7111111111111111 0.9079861111111112 0.7097222222222223 0.9253472222222222 0.7027777777777777 0.9253472222222222 0.6958333333333333 0.9166666666666666 0.6944444444444444 0.9097222222222222 0.6958333333333333 0.8993055555555556 0.7041666666666667 0.8975694444444444
0 0.44027777777777777 0.6571180555555556 0.013888888888888888 0.03298611111111111
0 0.44027777777777777 0.7395833333333334 0.016666666666666666 0.027777777777777776
0 0.48333333333333334 0.7465277777777778 0.49027777777777776 0.7413194444444444 0.49444444444444446 0.7413194444444444 0.49722222222222223 0.7447916666666666 0.49444444444444446 0.7552083333333334 0.4861111111111111 0.7621527777777778 0.48194444444444445 0.7621527777777778 0.4777777777777778 0.7569444444444444 0.48055555555555557 0.75 0.48333333333333334 0.7482638888888888
0 0.7041666666666667 0.3020833333333333 0.7097222222222223 0.3090277777777778 0.7097222222222223 0.328125 0.7041666666666667 0.3385416666666667 0.6986111111111111 0.3368055555555556 0.6944444444444444 0.3246527777777778 0.6958333333333333 0.3090277777777778 0.6986111111111111 0.3038194444444444 0.7027777777777777 0.3020833333333333
0 0.8444444444444444 0.2916666666666667 0.8513888888888889 0.2934027777777778 0.8555555555555555 0.3055555555555556 0.8555555555555555 0.3159722222222222 0.8513888888888889 0.3229166666666667 0.8472222222222222 0.3229166666666667 0.8416666666666667 0.3125 0.8416666666666667 0.2986111111111111 0.8444444444444444 0.2934027777777778
0 0.8833333333333333 0.5364583333333334 0.8847222222222222 0.5520833333333334 0.8805555555555555 0.5572916666666666 0.8708333333333333 0.5607638888888888 0.8611111111111112 0.5572916666666666 0.8597222222222223 0.5538194444444444 0.8611111111111112 0.546875 0.8680555555555556 0.5381944444444444 0.8763888888888889 0.5347222222222222 0.8819444444444444 0.5364583333333334
0 0.4652777777777778 0.9774305555555556 0.46944444444444444 0.9826388888888888 0.46805555555555556 0.9982638888888888 0.44583333333333336 0.9982638888888888 0.4444444444444444 0.9947916666666666 0.4444444444444444 0.9895833333333334 0.45 0.9809027777777778 0.4638888888888889 0.9774305555555556
0 0.8958333333333334 0.3663194444444444 0.9027777777777778 0.3524305555555556 0.9125 0.3506944444444444 0.9152777777777777 0.3541666666666667 0.9152777777777777 0.3663194444444444 0.9111111111111111 0.3715277777777778 0.9013888888888889 0.3732638888888889 0.8972222222222223 0.3680555555555556
0 0.08055555555555556 0.7378472222222222 0.08472222222222223 0.7447916666666666 0.08611111111111111 0.7534722222222222 0.08472222222222223 0.7743055555555556 0.08055555555555556 0.7795138888888888 0.07361111111111111 0.7743055555555556 0.06666666666666667 0.7725694444444444 0.06527777777777778 0.7690972222222222 0.06666666666666667 0.7465277777777778 0.07222222222222222 0.7413194444444444 0.07916666666666666 0.7395833333333334
0 0.5902777777777778 0.4722222222222222 0.5944444444444444 0.4756944444444444 0.5972222222222222 0.484375 0.5958333333333333 0.4965277777777778 0.5861111111111111 0.4965277777777778 0.5777777777777777 0.4861111111111111 0.5763888888888888 0.4722222222222222 0.5791666666666667 0.46875 0.5888888888888889 0.4722222222222222
0 0.7958333333333333 0.5399305555555556 0.8013888888888889 0.5416666666666666 0.8055555555555556 0.546875 0.8083333333333333 0.5555555555555556 0.8055555555555556 0.5607638888888888 0.7944444444444444 0.5607638888888888 0.7875 0.5555555555555556 0.7875 0.5434027777777778 0.7944444444444444 0.5399305555555556
0 0.5680555555555555 0.5442708333333334 0.016666666666666666 0.03298611111111111
0 0.2361111111111111 0.4809027777777778 0.24444444444444444 0.4878472222222222 0.24583333333333332 0.5069444444444444 0.24166666666666667 0.5190972222222222 0.23194444444444445 0.5260416666666666 0.22777777777777777 0.5260416666666666 0.21944444444444444 0.5208333333333334 0.2152777777777778 0.5121527777777778 0.2152777777777778 0.4947916666666667 0.21805555555555556 0.4861111111111111 0.22361111111111112 0.4809027777777778 0.22916666666666666 0.4791666666666667 0.23472222222222222 0.4809027777777778
0 0.4638888888888889 0.7118055555555556 0.4708333333333333 0.7204861111111112 0.4708333333333333 0.7430555555555556 0.4666666666666667 0.7482638888888888 0.4666666666666667 0.7517361111111112 0.46111111111111114 0.7569444444444444 0.45555555555555555 0.7569444444444444 0.45 0.7482638888888888 0.4486111111111111 0.71875 0.4527777777777778 0.7118055555555556 0.4625 0.7118055555555556
0 0.8527777777777777 0.5225694444444444 0.8555555555555555 0.546875 0.8541666666666666 0.5520833333333334 0.8486111111111111 0.5590277777777778 0.8319444444444445 0.5520833333333334 0.8263888888888888 0.5434027777777778 0.8263888888888888 0.53125 0.8375 0.5208333333333334 0.8513888888888889 0.5225694444444444
0 0.30694444444444446 0.15711805555555555 0.022222222222222223 0.03298611111111111
0 0.25555555555555554 0.125 0.2611111111111111 0.13020833333333334 0.2611111111111111 0.1371527777777778 0.25416666666666665 0.14756944444444445 0.24722222222222223 0.14756944444444445 0.24583333333333332 0.1440972222222222 0.24722222222222223 0.13020833333333334 0.25416666666666665 0.125
0 0.8527777777777777 0.5399305555555556 0.8555555555555555 0.5416666666666666 0.8583333333333333 0.5520833333333334 0.8555555555555555 0.5607638888888888 0.8513888888888889 0.5642361111111112 0.8444444444444444 0.5625 0.8416666666666667 0.5572916666666666 0.8416666666666667 0.5503472222222222 0.8444444444444444 0.5451388888888888 0.8513888888888889 0.5399305555555556