0 0.23333333333333334 0.6024305555555556 0.2375 0.6059027777777778 0.2388888888888889 0.6111111111111112 0.2388888888888889 0.6197916666666666 0.23472222222222222 0.6232638888888888 0.2263888888888889 0.6215277777777778 0.21944444444444444 0.609375 0.21944444444444444 0.6041666666666666 0.225 0.5989583333333334 0.23194444444444445 0.6024305555555556
0 0.14583333333333334 0.5815972222222222 0.1527777777777778 0.5902777777777778 0.1527777777777778 0.5989583333333334 0.14583333333333334 0.6076388888888888 0.12638888888888888 0.5989583333333334 0.12083333333333333 0.5920138888888888 0.12083333333333333 0.5833333333333334 0.125 0.5798611111111112 0.14305555555555555 0.5798611111111112 0.14444444444444443 0.5815972222222222
0 0.9166666666666666 0.3506944444444444 0.9180555555555555 0.3645833333333333 0.9097222222222222 0.3715277777777778 0.8986111111111111 0.3697916666666667 0.8972222222222223 0.3628472222222222 0.9069444444444444 0.3506944444444444 0.9097222222222222 0.3489583333333333 0.9152777777777777 0.3506944444444444
0 0.32083333333333336 0.7604166666666666 0.325 0.7777777777777778 0.3236111111111111 0.7864583333333334 0.3194444444444444 0.7951388888888888 0.3125 0.7951388888888888 0.3111111111111111 0.7916666666666666 0.3111111111111111 0.7743055555555556 0.3138888888888889 0.7586805555555556 0.31666666666666665 0.7569444444444444 0.3194444444444444 0.7604166666666666
0 0.7166666666666667 0.5607638888888888 0.7208333333333333 0.5659722222222222 0.7194444444444444 0.5815972222222222 0.7166666666666667 0.5885416666666666 0.7125 0.59375 0.7041666666666667 0.59375 0.7013888888888888 0.5902777777777778 0.7027777777777777 0.5729166666666666 0.7097222222222223 0.5642361111111112 0.7152777777777778 0.5625
0 0.25277777777777777 0.17881944444444445 0.25416666666666665 0.2013888888888889 0.2513888888888889 0.21006944444444445 0.24583333333333332 0.2170138888888889 0.24027777777777778 0.2170138888888889 0.2375 0.21354166666666666 0.2375 0.19444444444444445 0.24305555555555555 0.1840277777777778 0.2513888888888889 0.17881944444444445
0 0.44583333333333336 0.71875 0.4486111111111111 0.7256944444444444 0.4486111111111111 0.7326388888888888 0.44722222222222224 0.7395833333333334 0.44305555555555554 0.7447916666666666 0.43472222222222223 0.7430555555555556 0.4305555555555556 0.7378472222222222 0.4305555555555556 0.7291666666666666 0.4361111111111111 0.7204861111111112 0.4444444444444444 0.71875
0 0.4777777777777778 0.8958333333333334 0.48333333333333334 0.9010416666666666 0.48333333333333334 0.90625 0.48055555555555557 0.9131944444444444 0.475 0.9184027777777778 0.4638888888888889 0.9184027777777778 0.4625 0.90625 0.46944444444444444 0.8958333333333334 0.47638888888888886 0.8958333333333334
0 0.44305555555555554 0.6493055555555556 0.44583333333333336 0.6336805555555556 0.4486111111111111 0.6302083333333334 0.4527777777777778 0.6302083333333334 0.45694444444444443 0.6371527777777778 0.45694444444444443 0.6510416666666666 0.4527777777777778 0.6597222222222222 0.44583333333333336 0.6597222222222222 0.4444444444444444 0.6510416666666666
0 0.85 0.3046875 0.013888888888888888 0.026041666666666668
0 0.48333333333333334 0.9600694444444444 0.4875 0.9635416666666666 0.4875 0.9756944444444444 0.475 0.9878472222222222 0.4652777777777778 0.9861111111111112 0.4638888888888889 0.9826388888888888 0.4652777777777778 0.96875 0.46944444444444444 0.9652777777777778 0.48194444444444445 0.9618055555555556
0 0.4875 0.6128472222222222 0.49722222222222223 0.6163194444444444 0.5 0.6215277777777778 0.49027777777777776 0.6336805555555556 0.4777777777777778 0.6336805555555556 0.4722222222222222 0.6267361111111112 0.4736111111111111 0.6163194444444444 0.4861111111111111 0.6128472222222222
0 0.23333333333333334 0.4774305555555556 0.24166666666666667 0.4809027777777778 0.24722222222222223 0.4878472222222222 0.24861111111111112 0.5017361111111112 0.24444444444444444 0.5173611111111112 0.2388888888888889 0.5225694444444444 0.23194444444444445 0.5243055555555556 0.22361111111111112 0.5208333333333334 0.21944444444444444 0.515625 0.21805555555555556 0.5104166666666666 0.21944444444444444 0.4861111111111111 0.2263888888888889 0.4791666666666667 0.23194444444444445 0.4791666666666667
0 0.46111111111111114 0.7065972222222222 0.4652777777777778 0.7083333333333334 0.4708333333333333 0.7170138888888888 0.4708333333333333 0.7361111111111112 0.4666666666666667 0.7465277777777778 0.4597222222222222 0.7517361111111112 0.4527777777777778 0.75 0.4486111111111111 0.7413194444444444 0.4486111111111111 0.7152777777777778 0.4527777777777778 0.7065972222222222 0.4597222222222222 0.7065972222222222
0 0.7111111111111111 0.8940972222222222 0.7180555555555556 0.9027777777777778 0.7194444444444444 0.9079861111111112 0.7194444444444444 0.9184027777777778 0.7166666666666667 0.921875 0.7097222222222223 0.921875 0.7027777777777777 0.9149305555555556 0.7013888888888888 0.9079861111111112 0.7027777777777777 0.8975694444444444 0.7055555555555556 0.8940972222222222 0.7097222222222223 0.8940972222222222
0 0.5 0.7395833333333334 0.5013888888888889 0.7465277777777778 0.4986111111111111 0.7534722222222222 0.49444444444444446 0.7586805555555556 0.4875 0.7621527777777778 0.48055555555555557 0.7586805555555556 0.48055555555555557 0.7517361111111112 0.49166666666666664 0.7395833333333334 0.4986111111111111 0.7395833333333334
0 0.8736111111111111 0.5138888888888888 0.8805555555555555 0.5208333333333334 0.8833333333333333 0.53125 0.8805555555555555 0.5364583333333334 0.8625 0.546875 0.8583333333333333 0.546875 0.8541666666666666 0.5434027777777778 0.8513888888888889 0.5364583333333334 0.8513888888888889 0.5225694444444444 0.8541666666666666 0.5173611111111112 0.8597222222222223 0.5138888888888888 0.8722222222222222 0.5138888888888888
0 0.7194444444444444 0.2638888888888889 0.7305555555555555 0.265625 0.7319444444444444 0.2708333333333333 0.7194444444444444 0.2760416666666667 0.7013888888888888 0.2899305555555556 0.6958333333333333 0.2899305555555556 0.6916666666666667 0.2847222222222222 0.6902777777777778 0.28125 0.6916666666666667 0.2725694444444444 0.7013888888888888 0.2638888888888889 0.7097222222222223 0.265625 0.7180555555555556 0.2638888888888889
0 0.5875 0.46875 0.5958333333333333 0.4774305555555556 0.6 0.4861111111111111 0.6 0.4930555555555556 0.5944444444444444 0.4965277777777778 0.5861111111111111 0.4930555555555556 0.5791666666666667 0.4826388888888889 0.5777777777777777 0.4756944444444444 0.5791666666666667 0.46875 0.5805555555555556 0.4670138888888889 0.5861111111111111 0.46875
0 0.25555555555555554 0.1232638888888889 0.2611111111111111 0.1284722222222222 0.2625 0.1371527777777778 0.25277777777777777 0.14930555555555555 0.24722222222222223 0.14756944444444445 0.24583333333333332 0.13541666666666666 0.24861111111111112 0.1267361111111111 0.25416666666666665 0.1232638888888889
0 0.8833333333333333 0.5399305555555556 0.8861111111111111 0.5451388888888888 0.8847222222222222 0.5538194444444444 0.8722222222222222 0.5625 0.8597222222222223 0.5625 0.8583333333333333 0.5520833333333334 0.8611111111111112 0.546875 0.8666666666666667 0.5451388888888888 0.8736111111111111 0.5381944444444444 0.8819444444444444 0.5399305555555556
0 0.3972222222222222 0.11979166666666667 0.3958333333333333 0.0763888888888889 0.4 0.06944444444444445 0.4027777777777778 0.07465277777777778 0.40555555555555556 0.0920138888888889 0.4111111111111111 0.10416666666666667 0.4111111111111111 0.11979166666666667 0.4083333333333333 0.1232638888888889 0.4013888888888889 0.1232638888888889 0.39861111111111114 0.11979166666666667
0 0.7791666666666667 0.3680555555555556 0.7888888888888889 0.3663194444444444 0.7958333333333333 0.3715277777777778 0.7944444444444444 0.390625 0.7916666666666666 0.3940972222222222 0.7833333333333333 0.3940972222222222 0.7791666666666667 0.3888888888888889 0.7791666666666667 0.3697916666666667
0 0.7763888888888889 0.34375 0.7819444444444444 0.3472222222222222 0.7833333333333333 0.3506944444444444 0.7833333333333333 0.3628472222222222 0.7791666666666667 0.3680555555555556 0.7680555555555556 0.3611111111111111 0.7680555555555556 0.3454861111111111 0.775 0.34375
0 0.33194444444444443 0.5069444444444444 0.3375 0.5104166666666666 0.34444444444444444 0.5225694444444444 0.34444444444444444 0.5329861111111112 0.3416666666666667 0.5364583333333334 0.33055555555555555 0.5364583333333334 0.325 0.5329861111111112 0.3194444444444444 0.5225694444444444 0.32083333333333336 0.5121527777777778 0.3263888888888889 0.5069444444444444 0.33055555555555555 0.5069444444444444
0 0.5666666666666667 0.8472222222222222 0.5763888888888888 0.8524305555555556 0.5777777777777777 0.8559027777777778 0.5763888888888888 0.8611111111111112 0.5680555555555555 0.8697916666666666 0.5625 0.8697916666666666 0.5569444444444445 0.8663194444444444 0.5527777777777778 0.859375 0.5541666666666667 0.8559027777777778 0.5652777777777778 0.8489583333333334
0 0.4305555555555556 0.7256944444444444 0.43333333333333335 0.7395833333333334 0.43194444444444446 0.7413194444444444 0.4236111111111111 0.7413194444444444 0.41805555555555557 0.734375 0.41805555555555557 0.7274305555555556 0.42916666666666664 0.7256944444444444
0 0.3416666666666667 0.7100694444444444 0.3472222222222222 0.7204861111111112 0.3416666666666667 0.7326388888888888 0.33611111111111114 0.7326388888888888 0.3333333333333333 0.7256944444444444 0.3347222222222222 0.7118055555555556 0.3402777777777778 0.7100694444444444
0 0.4861111111111111 0.8472222222222222 0.4875 0.859375 0.48333333333333334 0.8680555555555556 0.47638888888888886 0.8663194444444444 0.475 0.8576388888888888 0.4777777777777778 0.8506944444444444 0.4847222222222222 0.8472222222222222
0 0.8138888888888889 0.8854166666666666 0.013888888888888888 0.03125
0 0.475 0.022569444444444444 0.48194444444444445 0.03125 0.48194444444444445 0.04513888888888889 0.47638888888888886 0.052083333333333336 0.4666666666666667 0.052083333333333336 0.46111111111111114 0.04513888888888889 0.4597222222222222 0.03993055555555555 0.46111111111111114 0.029513888888888888 0.4666666666666667 0.022569444444444444 0.4736111111111111 0.022569444444444444