0 0.41180555555555554 0.4166666666666667 0.020833333333333332 0.024305555555555556
0 0.5986111111111111 0.4496527777777778 0.6055555555555555 0.4565972222222222 0.6083333333333333 0.4635416666666667 0.6083333333333333 0.4739583333333333 0.6055555555555555 0.4809027777777778 0.6013888888888889 0.4826388888888889 0.5958333333333333 0.4756944444444444 0.5944444444444444 0.4548611111111111 0.5972222222222222 0.4513888888888889
0 0.6638888888888889 0.5260416666666666 0.6680555555555555 0.53125 0.6680555555555555 0.5416666666666666 0.6625 0.5503472222222222 0.6569444444444444 0.5503472222222222 0.6527777777777778 0.5434027777777778 0.6541666666666667 0.5277777777777778 0.6569444444444444 0.5243055555555556 0.6625 0.5260416666666666
0 0.2722222222222222 0.10416666666666667 0.275 0.1076388888888889 0.275 0.12152777777777778 0.25972222222222224 0.13368055555555555 0.25416666666666665 0.13194444444444445 0.25416666666666665 0.11805555555555555 0.2569444444444444 0.1076388888888889 0.2625 0.10243055555555555 0.2708333333333333 0.10416666666666667
0 0.7069444444444445 0.4375 0.7180555555555556 0.4427083333333333 0.7236111111111111 0.4496527777777778 0.725 0.4565972222222222 0.7194444444444444 0.4635416666666667 0.7097222222222223 0.4600694444444444 0.7027777777777777 0.4513888888888889 0.6986111111111111 0.4392361111111111 0.7055555555555556 0.4375
0 0.15 0.6059027777777778 0.1597222222222222 0.609375 0.16527777777777777 0.6163194444444444 0.16527777777777777 0.6215277777777778 0.1625 0.625 0.15138888888888888 0.6267361111111112 0.14166666666666666 0.625 0.1361111111111111 0.6180555555555556 0.1375 0.6111111111111112 0.1486111111111111 0.6059027777777778
0 0.12638888888888888 0.11979166666666667 0.13333333333333333 0.13020833333333334 0.13333333333333333 0.14756944444444445 0.13055555555555556 0.14930555555555555 0.12361111111111112 0.14930555555555555 0.11805555555555555 0.1371527777777778 0.11805555555555555 0.1267361111111111 0.125 0.11979166666666667
0 0.21944444444444444 0.7560763888888888 0.025 0.022569444444444444
0 0.525 0.7760416666666666 0.5291666666666667 0.7795138888888888 0.5291666666666667 0.7881944444444444 0.525 0.7986111111111112 0.5180555555555556 0.8038194444444444 0.5097222222222222 0.8003472222222222 0.5097222222222222 0.7881944444444444 0.5125 0.78125 0.5236111111111111 0.7760416666666666
0 0.5916666666666667 0.7916666666666666 0.5944444444444444 0.7986111111111112 0.5944444444444444 0.8072916666666666 0.5930555555555556 0.8107638888888888 0.5888888888888889 0.8125 0.5791666666666667 0.8107638888888888 0.5736111111111111 0.7986111111111112 0.5777777777777777 0.7881944444444444 0.5875 0.7881944444444444 0.5902777777777778 0.7916666666666666
0 0.8861111111111111 0.5381944444444444 0.8902777777777777 0.5399305555555556 0.8986111111111111 0.5503472222222222 0.9 0.5555555555555556 0.8986111111111111 0.5694444444444444 0.8902777777777777 0.5711805555555556 0.8833333333333333 0.5625 0.8819444444444444 0.5416666666666666 0.8847222222222222 0.5399305555555556
0 0.9388888888888889 0.16493055555555555 0.9375 0.1440972222222222 0.9444444444444444 0.13541666666666666 0.9486111111111111 0.13541666666666666 0.95 0.1388888888888889 0.95 0.15625 0.9458333333333333 0.16493055555555555 0.9430555555555555 0.16666666666666666 0.9402777777777778 0.16493055555555555
0 0.058333333333333334 0.8802083333333334 0.06805555555555555 0.8871527777777778 0.075 0.9010416666666666 0.075 0.9097222222222222 0.06805555555555555 0.9149305555555556 0.06111111111111111 0.9131944444444444 0.05277777777777778 0.8958333333333334 0.05138888888888889 0.8819444444444444 0.05694444444444444 0.8802083333333334
0 0.8555555555555555 0.4461805555555556 0.8638888888888889 0.4461805555555556 0.8722222222222222 0.4513888888888889 0.8777777777777778 0.4618055555555556 0.8763888888888889 0.4704861111111111 0.8722222222222222 0.4739583333333333 0.8680555555555556 0.4739583333333333 0.8583333333333333 0.4600694444444444 0.8555555555555555 0.4479166666666667
0 0.7263888888888889 0.22569444444444445 0.7333333333333333 0.22569444444444445 0.7430555555555556 0.2378472222222222 0.7472222222222222 0.2482638888888889 0.7458333333333333 0.2638888888888889 0.7375 0.265625 0.725 0.2482638888888889 0.7263888888888889 0.22743055555555555
0 0.6347222222222222 0.006944444444444444 0.6486111111111111 0.013888888888888888 0.65 0.017361111111111112 0.625 0.03125 0.6180555555555556 0.027777777777777776 0.6125 0.020833333333333332 0.6125 0.013888888888888888 0.6194444444444445 0.005208333333333333 0.6333333333333333 0.006944444444444444
0 0.9416666666666667 0.6805555555555556 0.9472222222222222 0.6857638888888888 0.9527777777777777 0.703125 0.9513888888888888 0.7274305555555556 0.9472222222222222 0.7274305555555556 0.9444444444444444 0.7239583333333334 0.9375 0.7083333333333334 0.9361111111111111 0.6909722222222222 0.9375 0.6840277777777778 0.9402777777777778 0.6822916666666666
0 0.6652777777777777 0.8368055555555556 0.6694444444444444 0.8420138888888888 0.6694444444444444 0.8524305555555556 0.6638888888888889 0.859375 0.6569444444444444 0.859375 0.65 0.8541666666666666 0.6472222222222223 0.8489583333333334 0.6569444444444444 0.8368055555555556 0.6638888888888889 0.8368055555555556
0 0.6638888888888889 0.4895833333333333 0.6833333333333333 0.5034722222222222 0.6861111111111111 0.5086805555555556 0.6861111111111111 0.5173611111111112 0.6819444444444445 0.5208333333333334 0.675 0.5208333333333334 0.6694444444444444 0.515625 0.6583333333333333 0.5138888888888888 0.6555555555555556 0.5104166666666666 0.6541666666666667 0.4930555555555556 0.6583333333333333 0.4895833333333333 0.6625 0.4895833333333333
0 0.06666666666666667 0.9392361111111112 0.06527777777777778 0.9322916666666666 0.0763888888888889 0.9270833333333334 0.08888888888888889 0.9270833333333334 0.09305555555555556 0.9322916666666666 0.09444444444444444 0.9409722222222222 0.09027777777777778 0.9461805555555556 0.08055555555555556 0.9479166666666666 0.06805555555555555 0.9392361111111112
0 0.8625 0.036458333333333336 0.8666666666666667 0.046875 0.8666666666666667 0.06944444444444445 0.8555555555555555 0.0763888888888889 0.85 0.07465277777777778 0.8444444444444444 0.06597222222222222 0.8430555555555556 0.059027777777777776 0.8444444444444444 0.03993055555555555 0.85 0.034722222222222224 0.8611111111111112 0.036458333333333336
0 0.8902777777777777 0.8229166666666666 0.8972222222222223 0.8298611111111112 0.8986111111111111 0.8350694444444444 0.8986111111111111 0.8506944444444444 0.8972222222222223 0.8611111111111112 0.8944444444444445 0.8663194444444444 0.8902777777777777 0.8697916666666666 0.8819444444444444 0.8697916666666666 0.8736111111111111 0.8645833333333334 0.8694444444444445 0.8559027777777778 0.8694444444444445 0.8420138888888888 0.8722222222222222 0.8350694444444444 0.8819444444444444 0.8263888888888888 0.8888888888888888 0.8246527777777778
0 0.8541666666666666 0.07465277777777778 0.8652777777777778 0.07291666666666667 0.8694444444444445 0.08159722222222222 0.8694444444444445 0.0920138888888889 0.8666666666666667 0.0954861111111111 0.8625 0.0954861111111111 0.8569444444444444 0.0920138888888889 0.8527777777777777 0.08159722222222222 0.8541666666666666 0.0763888888888889
0 0.8861111111111111 0.9565972222222222 0.8875 0.9826388888888888 0.8833333333333333 0.9930555555555556 0.8791666666666667 0.9947916666666666 0.8694444444444445 0.9947916666666666 0.8666666666666667 0.984375 0.875 0.9583333333333334 0.8791666666666667 0.9548611111111112 0.8847222222222222 0.9565972222222222
0 0.5708333333333333 0.9444444444444444 0.011111111111111112 0.020833333333333332
0 0.3236111111111111 0.6909722222222222 0.33055555555555555 0.6961805555555556 0.33055555555555555 0.703125 0.32083333333333336 0.7083333333333334 0.3125 0.7065972222222222 0.3111111111111111 0.703125 0.3125 0.6979166666666666 0.32222222222222224 0.6927083333333334
0 0.65 0.5416666666666666 0.6541666666666667 0.5486111111111112 0.6513888888888889 0.5572916666666666 0.6513888888888889 0.5711805555555556 0.6402777777777777 0.5850694444444444 0.6333333333333333 0.5798611111111112 0.6319444444444444 0.5642361111111112 0.6388888888888888 0.5486111111111112 0.6430555555555556 0.5434027777777778 0.6486111111111111 0.5416666666666666
0 0.17777777777777778 0.7934027777777778 0.18888888888888888 0.7916666666666666 0.19305555555555556 0.7951388888888888 0.19444444444444445 0.8003472222222222 0.19166666666666668 0.8125 0.18333333333333332 0.8142361111111112 0.17777777777777778 0.8090277777777778 0.1763888888888889 0.8020833333333334 0.17777777777777778 0.7951388888888888
0 0.8638888888888889 0.7986111111111112 0.8736111111111111 0.8055555555555556 0.8736111111111111 0.8142361111111112 0.8625 0.8298611111111112 0.8486111111111111 0.828125 0.8458333333333333 0.8246527777777778 0.8472222222222222 0.8107638888888888 0.8527777777777777 0.8038194444444444 0.8625 0.7986111111111112
0 0.7402777777777778 0.0763888888888889 0.7472222222222222 0.0763888888888889 0.7541666666666667 0.08159722222222222 0.7541666666666667 0.09375 0.7513888888888889 0.09722222222222222 0.7458333333333333 0.09722222222222222 0.7402777777777778 0.08854166666666667 0.7402777777777778 0.078125