0 0.25069444444444444 0.1996527777777778 0.015277777777777777 0.034722222222222224
0 0.9180555555555555 0.3524305555555556 0.9208333333333333 0.3611111111111111 0.9180555555555555 0.3697916666666667 0.9125 0.3732638888888889 0.9 0.3715277777777778 0.8986111111111111 0.3628472222222222 0.9083333333333333 0.3506944444444444 0.9166666666666666 0.3524305555555556
0 0.4777777777777778 0.8958333333333334 0.48333333333333334 0.9010416666666666 0.48333333333333334 0.9079861111111112 0.47638888888888886 0.9184027777777778 0.4722222222222222 0.9201388888888888 0.4625 0.9166666666666666 0.4625 0.90625 0.4666666666666667 0.8975694444444444 0.47638888888888886 0.8958333333333334
0 0.7097222222222223 0.2690972222222222 0.7152777777777778 0.2708333333333333 0.7180555555555556 0.2777777777777778 0.7097222222222223 0.2899305555555556 0.7027777777777777 0.2951388888888889 0.6944444444444444 0.2934027777777778 0.6916666666666667 0.2847222222222222 0.6930555555555555 0.2777777777777778 0.7 0.2708333333333333 0.7083333333333334 0.2690972222222222
0 0.24166666666666667 0.5989583333333334 0.24444444444444444 0.6024305555555556 0.24583333333333332 0.6163194444444444 0.24444444444444444 0.6197916666666666 0.24027777777777778 0.6215277777777778 0.23194444444444445 0.6197916666666666 0.2263888888888889 0.6076388888888888 0.2263888888888889 0.6006944444444444 0.22916666666666666 0.5972222222222222 0.24027777777777778 0.5989583333333334
0 0.6736111111111112 0.5347222222222222 0.6847222222222222 0.5486111111111112 0.6861111111111111 0.5625 0.6833333333333333 0.5659722222222222 0.6708333333333333 0.5607638888888888 0.6680555555555555 0.5555555555555556 0.6666666666666666 0.5416666666666666 0.6722222222222223 0.5347222222222222
0 0.5805555555555556 0.4652777777777778 0.5847222222222223 0.4652777777777778 0.5916666666666667 0.4704861111111111 0.6013888888888889 0.4878472222222222 0.6013888888888889 0.4947916666666667 0.5986111111111111 0.4965277777777778 0.5916666666666667 0.4965277777777778 0.5833333333333334 0.4913194444444444 0.5791666666666667 0.4809027777777778 0.5805555555555556 0.4670138888888889
0 0.48333333333333334 0.7604166666666666 0.48194444444444445 0.7517361111111112 0.49444444444444446 0.7378472222222222 0.5013888888888889 0.7378472222222222 0.5041666666666667 0.7447916666666666 0.49444444444444446 0.7586805555555556 0.4888888888888889 0.7621527777777778 0.4847222222222222 0.7604166666666666
0 0.3236111111111111 0.7569444444444444 0.32916666666666666 0.7673611111111112 0.32916666666666666 0.7829861111111112 0.3236111111111111 0.7916666666666666 0.31805555555555554 0.7899305555555556 0.31527777777777777 0.7847222222222222 0.31666666666666665 0.765625 0.3194444444444444 0.7586805555555556 0.32222222222222224 0.7569444444444444
0 0.46805555555555556 0.7065972222222222 0.4722222222222222 0.7100694444444444 0.4722222222222222 0.734375 0.4666666666666667 0.7465277777777778 0.46111111111111114 0.75 0.4527777777777778 0.7482638888888888 0.4486111111111111 0.7395833333333334 0.4513888888888889 0.7222222222222222 0.45 0.7100694444444444 0.4527777777777778 0.7048611111111112 0.45694444444444443 0.703125 0.4666666666666667 0.7065972222222222
0 0.8527777777777777 0.2916666666666667 0.8583333333333333 0.3020833333333333 0.8583333333333333 0.3142361111111111 0.8527777777777777 0.3211805555555556 0.8444444444444444 0.3142361111111111 0.8430555555555556 0.3072916666666667 0.8444444444444444 0.2951388888888889 0.8472222222222222 0.2916666666666667 0.8513888888888889 0.2916666666666667
0 0.4486111111111111 0.7135416666666666 0.45 0.7309027777777778 0.4486111111111111 0.7378472222222222 0.4444444444444444 0.7413194444444444 0.43194444444444446 0.7395833333333334 0.42777777777777776 0.7291666666666666 0.4388888888888889 0.7152777777777778 0.44722222222222224 0.7135416666666666
0 0.25972222222222224 0.1232638888888889 0.2625 0.1267361111111111 0.2625 0.1388888888888889 0.25555555555555554 0.14756944444444445 0.24722222222222223 0.1423611111111111 0.24722222222222223 0.13020833333333334 0.2513888888888889 0.1232638888888889 0.25833333333333336 0.1232638888888889
0 0.47638888888888886 0.9791666666666666 0.475 0.9756944444444444 0.47638888888888886 0.9600694444444444 0.49027777777777776 0.953125 0.49444444444444446 0.953125 0.49722222222222223 0.9565972222222222 0.49583333333333335 0.96875 0.4847222222222222 0.9809027777777778 0.4777777777777778 0.9791666666666666
0 0.24444444444444444 0.4791666666666667 0.2513888888888889 0.4861111111111111 0.25277777777777777 0.4982638888888889 0.24861111111111112 0.515625 0.24166666666666667 0.5225694444444444 0.2263888888888889 0.5208333333333334 0.22083333333333333 0.5121527777777778 0.21944444444444444 0.5 0.2222222222222222 0.4861111111111111 0.2263888888888889 0.4791666666666667 0.22916666666666666 0.4774305555555556 0.24305555555555555 0.4791666666666667
0 0.7166666666666667 0.8940972222222222 0.7277777777777777 0.9079861111111112 0.7263888888888889 0.9270833333333334 0.7222222222222222 0.9270833333333334 0.7138888888888889 0.921875 0.7097222222222223 0.9184027777777778 0.7069444444444445 0.9114583333333334 0.7069444444444445 0.8993055555555556 0.7152777777777778 0.8940972222222222
0 0.13333333333333333 0.5694444444444444 0.1361111111111111 0.5677083333333334 0.15694444444444444 0.5694444444444444 0.16527777777777777 0.5746527777777778 0.17083333333333334 0.5850694444444444 0.17083333333333334 0.5920138888888888 0.16805555555555557 0.5972222222222222 0.15833333333333333 0.5989583333333334 0.1375 0.5798611111111112 0.13333333333333333 0.5711805555555556
0 0.8847222222222222 0.515625 0.8875 0.5190972222222222 0.8861111111111111 0.5520833333333334 0.8819444444444444 0.5572916666666666 0.8680555555555556 0.5642361111111112 0.8625 0.5642361111111112 0.8583333333333333 0.5572916666666666 0.8569444444444444 0.5486111111111112 0.8583333333333333 0.5381944444444444 0.8555555555555555 0.5243055555555556 0.8583333333333333 0.5173611111111112 0.8652777777777778 0.5121527777777778 0.8777777777777778 0.5121527777777778 0.8833333333333333 0.515625
0 0.4597222222222222 0.6302083333333334 0.4625 0.6354166666666666 0.4625 0.6493055555555556 0.45694444444444443 0.6597222222222222 0.4513888888888889 0.6597222222222222 0.44722222222222224 0.65625 0.44583333333333336 0.6423611111111112 0.4486111111111111 0.6336805555555556 0.4527777777777778 0.6284722222222222 0.4583333333333333 0.6302083333333334
0 0.3861111111111111 0.16493055555555555 0.38472222222222224 0.1597222222222222 0.3861111111111111 0.1527777777777778 0.4083333333333333 0.1284722222222222 0.4125 0.1284722222222222 0.4083333333333333 0.1579861111111111 0.3972222222222222 0.1684027777777778 0.3902777777777778 0.1684027777777778 0.3875 0.16493055555555555
0 0.7875 0.3645833333333333 0.7930555555555555 0.3680555555555556 0.7958333333333333 0.3732638888888889 0.7944444444444444 0.375 0.7958333333333333 0.3888888888888889 0.7930555555555555 0.3940972222222222 0.7833333333333333 0.3940972222222222 0.7777777777777778 0.3871527777777778 0.7791666666666667 0.3680555555555556 0.7861111111111111 0.3645833333333333
0 0.7847222222222222 0.3472222222222222 0.7861111111111111 0.3663194444444444 0.7819444444444444 0.3697916666666667 0.775 0.3680555555555556 0.7694444444444445 0.3611111111111111 0.7680555555555556 0.3472222222222222 0.7708333333333334 0.34375 0.7777777777777778 0.34375 0.7833333333333333 0.3472222222222222
0 0.5736111111111111 0.8489583333333334 0.5777777777777777 0.8541666666666666 0.5777777777777777 0.859375 0.5708333333333333 0.8680555555555556 0.5666666666666667 0.8680555555555556 0.5611111111111111 0.8611111111111112 0.5611111111111111 0.8541666666666666 0.5666666666666667 0.8472222222222222 0.5722222222222222 0.8489583333333334
0 0.8263888888888888 0.8784722222222222 0.8305555555555556 0.8836805555555556 0.8305555555555556 0.8958333333333334 0.8263888888888888 0.9010416666666666 0.8194444444444444 0.9010416666666666 0.8152777777777778 0.8940972222222222 0.8152777777777778 0.8836805555555556 0.8208333333333333 0.8784722222222222 0.825 0.8784722222222222
0 0.3333333333333333 0.5069444444444444 0.3416666666666667 0.5104166666666666 0.3486111111111111 0.5190972222222222 0.35 0.5295138888888888 0.34444444444444444 0.5364583333333334 0.3347222222222222 0.5364583333333334 0.3236111111111111 0.5260416666666666 0.32222222222222224 0.5190972222222222 0.325 0.5104166666666666 0.33194444444444443 0.5069444444444444
0 0.22291666666666668 0.9930555555555556 0.02361111111111111 0.010416666666666666
0 0.8277777777777777 0.8368055555555556 0.8319444444444445 0.84375 0.8319444444444445 0.8576388888888888 0.825 0.8628472222222222 0.8208333333333333 0.8715277777777778 0.8138888888888889 0.8611111111111112 0.8138888888888889 0.8506944444444444 0.8263888888888888 0.8368055555555556