0 0.5388888888888889 0.5260416666666666 0.5486111111111112 0.53125 0.5527777777777778 0.5399305555555556 0.5527777777777778 0.5451388888888888 0.5444444444444444 0.5503472222222222 0.5361111111111111 0.5486111111111112 0.5319444444444444 0.5416666666666666 0.5319444444444444 0.53125 0.5333333333333333 0.5277777777777778 0.5375 0.5260416666666666
0 0.2861111111111111 0.1371527777777778 0.29444444444444445 0.140625 0.2986111111111111 0.14583333333333334 0.3013888888888889 0.1527777777777778 0.3013888888888889 0.1597222222222222 0.2916666666666667 0.16145833333333334 0.2861111111111111 0.1579861111111111 0.28194444444444444 0.14930555555555555 0.28194444444444444 0.140625 0.2847222222222222 0.1388888888888889
0 0.4791666666666667 0.8958333333333334 0.4847222222222222 0.9010416666666666 0.4847222222222222 0.9045138888888888 0.47638888888888886 0.9184027777777778 0.46944444444444444 0.9201388888888888 0.4638888888888889 0.9184027777777778 0.4625 0.90625 0.46805555555555556 0.8975694444444444 0.4777777777777778 0.8958333333333334
0 0.7305555555555555 0.2795138888888889 0.7347222222222223 0.2847222222222222 0.7333333333333333 0.296875 0.7208333333333333 0.3125 0.7166666666666667 0.3125 0.7138888888888889 0.3090277777777778 0.7138888888888889 0.2986111111111111 0.7166666666666667 0.2899305555555556 0.7222222222222222 0.2829861111111111 0.7291666666666666 0.2795138888888889
0 0.2263888888888889 0.5989583333333334 0.23055555555555557 0.6041666666666666 0.23194444444444445 0.6111111111111112 0.22916666666666666 0.6180555555555556 0.2152777777777778 0.6163194444444444 0.2111111111111111 0.6059027777777778 0.2111111111111111 0.6006944444444444 0.21388888888888888 0.5972222222222222 0.225 0.5989583333333334
0 0.044444444444444446 0.75 0.011111111111111112 0.024305555555555556
0 0.30972222222222223 0.7638888888888888 0.3138888888888889 0.7673611111111112 0.3194444444444444 0.7829861111111112 0.31666666666666665 0.7986111111111112 0.3125 0.8020833333333334 0.30833333333333335 0.8020833333333334 0.3055555555555556 0.8003472222222222 0.30277777777777776 0.7934027777777778 0.30277777777777776 0.7760416666666666 0.30833333333333335 0.765625
0 0.6972222222222222 0.9079861111111112 0.7013888888888888 0.8975694444444444 0.7083333333333334 0.8975694444444444 0.7138888888888889 0.9079861111111112 0.7138888888888889 0.9236111111111112 0.7069444444444445 0.9253472222222222 0.7013888888888888 0.921875 0.6986111111111111 0.9166666666666666 0.6986111111111111 0.9097222222222222
0 0.8472222222222222 0.2899305555555556 0.8527777777777777 0.2951388888888889 0.8555555555555555 0.3038194444444444 0.8541666666666666 0.3177083333333333 0.8486111111111111 0.3211805555555556 0.8444444444444444 0.3194444444444444 0.8430555555555556 0.3159722222222222 0.8416666666666667 0.3020833333333333 0.8458333333333333 0.2916666666666667
0 0.9138888888888889 0.3506944444444444 0.9166666666666666 0.3559027777777778 0.9166666666666666 0.3628472222222222 0.9111111111111111 0.3697916666666667 0.9069444444444444 0.3715277777777778 0.8986111111111111 0.3697916666666667 0.8958333333333334 0.3628472222222222 0.9027777777777778 0.3524305555555556 0.9125 0.3506944444444444
0 0.25833333333333336 0.1267361111111111 0.2611111111111111 0.13020833333333334 0.2611111111111111 0.1371527777777778 0.25277777777777777 0.14756944444444445 0.24722222222222223 0.14583333333333334 0.24583333333333332 0.13368055555555555 0.24722222222222223 0.1284722222222222 0.2513888888888889 0.125 0.2569444444444444 0.1267361111111111
0 0.5902777777777778 0.4739583333333333 0.5986111111111111 0.4809027777777778 0.6 0.4895833333333333 0.5986111111111111 0.4965277777777778 0.5847222222222223 0.4965277777777778 0.5791666666666667 0.4913194444444444 0.5763888888888888 0.4739583333333333 0.5791666666666667 0.4704861111111111 0.5888888888888889 0.4739583333333333
0 0.44583333333333336 0.7256944444444444 0.4486111111111111 0.7326388888888888 0.4486111111111111 0.7430555555555556 0.44305555555555554 0.7517361111111112 0.4361111111111111 0.7517361111111112 0.43194444444444446 0.7447916666666666 0.43194444444444446 0.7395833333333334 0.4375 0.7274305555555556 0.4444444444444444 0.7256944444444444
0 0.4388888888888889 0.6423611111111112 0.44583333333333336 0.640625 0.4513888888888889 0.6493055555555556 0.45 0.6649305555555556 0.44305555555555554 0.671875 0.4388888888888889 0.671875 0.4361111111111111 0.6649305555555556 0.4361111111111111 0.6510416666666666 0.4388888888888889 0.6440972222222222
0 0.4791666666666667 0.7604166666666666 0.4791666666666667 0.7517361111111112 0.49027777777777776 0.7413194444444444 0.4986111111111111 0.7430555555555556 0.49722222222222223 0.7534722222222222 0.4861111111111111 0.7621527777777778 0.48055555555555557 0.7604166666666666
0 0.12638888888888888 0.6006944444444444 0.12777777777777777 0.6145833333333334 0.12083333333333333 0.6215277777777778 0.09583333333333334 0.6197916666666666 0.09305555555555556 0.6128472222222222 0.10277777777777777 0.6041666666666666 0.11666666666666667 0.5989583333333334 0.125 0.6006944444444444
0 0.7972222222222223 0.5104166666666666 0.8027777777777778 0.5329861111111112 0.8027777777777778 0.5399305555555556 0.7986111111111112 0.5434027777777778 0.7916666666666666 0.5416666666666666 0.7875 0.5329861111111112 0.7875 0.5173611111111112 0.7916666666666666 0.5104166666666666 0.7958333333333333 0.5104166666666666
0 0.46319444444444446 0.9861111111111112 0.02638888888888889 0.024305555555555556
0 0.8805555555555555 0.5347222222222222 0.8847222222222222 0.5416666666666666 0.8847222222222222 0.5503472222222222 0.8805555555555555 0.5572916666666666 0.8763888888888889 0.5590277777777778 0.8652777777777778 0.5590277777777778 0.8597222222222223 0.5520833333333334 0.8666666666666667 0.5399305555555556 0.8791666666666667 0.5347222222222222
0 0.8423611111111111 0.5390625 0.029166666666666667 0.03993055555555555
0 0.4625 0.7100694444444444 0.4708333333333333 0.71875 0.4722222222222222 0.7274305555555556 0.4708333333333333 0.7413194444444444 0.4638888888888889 0.7552083333333334 0.45416666666666666 0.7552083333333334 0.4513888888888889 0.7517361111111112 0.44722222222222224 0.7291666666666666 0.44722222222222224 0.7204861111111112 0.4513888888888889 0.7118055555555556 0.46111111111111114 0.7100694444444444
0 0.2375 0.4809027777777778 0.24444444444444444 0.4878472222222222 0.24722222222222223 0.4965277777777778 0.24722222222222223 0.5052083333333334 0.24305555555555555 0.5173611111111112 0.2388888888888889 0.5225694444444444 0.23055555555555557 0.5260416666666666 0.2222222222222222 0.5225694444444444 0.21666666666666667 0.515625 0.2152777777777778 0.4930555555555556 0.21805555555555556 0.4861111111111111 0.22361111111111112 0.4809027777777778 0.22777777777777777 0.4791666666666667 0.2361111111111111 0.4809027777777778