0 0.48194444444444445 0.8975694444444444 0.4847222222222222 0.9027777777777778 0.48333333333333334 0.9079861111111112 0.4736111111111111 0.9201388888888888 0.46805555555555556 0.9201388888888888 0.4625 0.9166666666666666 0.4625 0.90625 0.46944444444444444 0.8958333333333334 0.48055555555555557 0.8975694444444444
0 0.10555555555555556 0.6006944444444444 0.1111111111111111 0.6041666666666666 0.10833333333333334 0.6197916666666666 0.10277777777777777 0.6267361111111112 0.09444444444444444 0.6302083333333334 0.07916666666666666 0.6284722222222222 0.08055555555555556 0.6215277777777778 0.09166666666666666 0.6076388888888888 0.09861111111111111 0.6024305555555556 0.10416666666666667 0.6024305555555556
0 0.07291666666666667 0.7178819444444444 0.018055555555555554 0.022569444444444444
0 0.30694444444444446 0.7673611111111112 0.30972222222222223 0.7760416666666666 0.30972222222222223 0.7881944444444444 0.30416666666666664 0.8020833333333334 0.2972222222222222 0.8003472222222222 0.2972222222222222 0.7795138888888888 0.3 0.7690972222222222 0.30277777777777776 0.765625 0.3055555555555556 0.7673611111111112
0 0.21805555555555556 0.6006944444444444 0.22361111111111112 0.6041666666666666 0.225 0.6076388888888888 0.22361111111111112 0.6215277777777778 0.2125 0.6215277777777778 0.20833333333333334 0.6180555555555556 0.20555555555555555 0.6111111111111112 0.20694444444444443 0.6006944444444444 0.21666666666666667 0.6006944444444444
0 0.7097222222222223 0.3229166666666667 0.7138888888888889 0.328125 0.7138888888888889 0.3385416666666667 0.7111111111111111 0.3472222222222222 0.7055555555555556 0.3541666666666667 0.7 0.3472222222222222 0.7 0.3350694444444444 0.7027777777777777 0.3246527777777778 0.7055555555555556 0.3211805555555556 0.7083333333333334 0.3229166666666667
0 0.49027777777777776 0.7395833333333334 0.49583333333333335 0.7430555555555556 0.49444444444444446 0.7552083333333334 0.4847222222222222 0.7621527777777778 0.48055555555555557 0.7621527777777778 0.47638888888888886 0.7586805555555556 0.4777777777777778 0.75 0.4847222222222222 0.7413194444444444 0.4888888888888889 0.7413194444444444
0 0.43680555555555556 0.6588541666666666 0.0125 0.03298611111111111
0 0.7027777777777777 0.8958333333333334 0.7083333333333334 0.9045138888888888 0.7097222222222223 0.9131944444444444 0.7083333333333334 0.9270833333333334 0.6986111111111111 0.9253472222222222 0.6930555555555555 0.9166666666666666 0.6930555555555555 0.8993055555555556 0.6972222222222222 0.8958333333333334 0.7013888888888888 0.8958333333333334
0 0.44027777777777777 0.7421875 0.016666666666666666 0.026041666666666668
0 0.9097222222222222 0.3472222222222222 0.9166666666666666 0.3559027777777778 0.9152777777777777 0.3645833333333333 0.9097222222222222 0.3697916666666667 0.8986111111111111 0.3697916666666667 0.8944444444444445 0.3663194444444444 0.8972222222222223 0.3559027777777778 0.9027777777777778 0.3489583333333333 0.9083333333333333 0.3472222222222222
0 0.8416666666666667 0.2951388888888889 0.8486111111111111 0.2934027777777778 0.8541666666666666 0.3038194444444444 0.8527777777777777 0.3194444444444444 0.85 0.3229166666666667 0.8458333333333333 0.3229166666666667 0.8430555555555556 0.3211805555555556 0.8402777777777778 0.3142361111111111 0.8416666666666667 0.296875
0 0.8791666666666667 0.5347222222222222 0.8847222222222222 0.5399305555555556 0.8861111111111111 0.546875 0.8833333333333333 0.5555555555555556 0.8680555555555556 0.5607638888888888 0.8625 0.5590277777777778 0.8597222222222223 0.5538194444444444 0.8611111111111112 0.546875 0.8652777777777778 0.5416666666666666 0.8736111111111111 0.5364583333333334 0.8777777777777778 0.5364583333333334
0 0.46111111111111114 0.9739583333333334 0.4652777777777778 0.9791666666666666 0.4652777777777778 0.9878472222222222 0.4625 0.9930555555555556 0.45555555555555555 0.9982638888888888 0.44166666666666665 0.9982638888888888 0.44027777777777777 0.9861111111111112 0.44166666666666665 0.9826388888888888 0.45555555555555555 0.9739583333333334 0.4597222222222222 0.9739583333333334
0 0.5833333333333334 0.4704861111111111 0.5916666666666667 0.4722222222222222 0.5958333333333333 0.4756944444444444 0.5986111111111111 0.4826388888888889 0.5972222222222222 0.4982638888888889 0.5847222222222223 0.4982638888888889 0.5791666666666667 0.4947916666666667 0.5736111111111111 0.4809027777777778 0.5736111111111111 0.4756944444444444 0.5777777777777777 0.4704861111111111 0.5819444444444445 0.4704861111111111
0 0.8458333333333333 0.5208333333333334 0.8486111111111111 0.5243055555555556 0.8513888888888889 0.546875 0.8458333333333333 0.546875 0.8402777777777778 0.5572916666666666 0.8277777777777777 0.5538194444444444 0.8222222222222222 0.5451388888888888 0.8222222222222222 0.5381944444444444 0.8236111111111111 0.5329861111111112 0.8319444444444445 0.5243055555555556 0.8444444444444444 0.5208333333333334
0 0.8291666666666667 0.5833333333333334 0.8361111111111111 0.5902777777777778 0.8361111111111111 0.6006944444444444 0.8319444444444445 0.6059027777777778 0.825 0.6059027777777778 0.8208333333333333 0.6006944444444444 0.8208333333333333 0.5902777777777778 0.8236111111111111 0.5850694444444444 0.8277777777777777 0.5833333333333334
0 0.25972222222222224 0.125 0.2625 0.1267361111111111 0.2638888888888889 0.13194444444444445 0.2611111111111111 0.1388888888888889 0.2513888888888889 0.14930555555555555 0.24583333333333332 0.14583333333333334 0.24583333333333332 0.13194444444444445 0.2513888888888889 0.125 0.25833333333333336 0.125
0 0.9458333333333333 0.4809027777777778 0.9416666666666667 0.46875 0.9416666666666667 0.4618055555555556 0.9458333333333333 0.4583333333333333 0.9541666666666667 0.4600694444444444 0.9527777777777777 0.4809027777777778 0.9513888888888888 0.4826388888888889 0.9472222222222222 0.4809027777777778
0 0.4638888888888889 0.7135416666666666 0.46944444444444444 0.71875 0.4708333333333333 0.7239583333333334 0.4708333333333333 0.7395833333333334 0.4666666666666667 0.7465277777777778 0.45555555555555555 0.7413194444444444 0.4527777777777778 0.7326388888888888 0.4527777777777778 0.7170138888888888 0.45555555555555555 0.7135416666666666 0.4625 0.7135416666666666
0 0.8472222222222222 0.5546875 0.016666666666666666 0.022569444444444444
0 0.4583333333333333 0.7491319444444444 0.016666666666666666 0.019097222222222224
0 0.32083333333333336 0.1284722222222222 0.3236111111111111 0.13368055555555555 0.3236111111111111 0.1423611111111111 0.3194444444444444 0.171875 0.3138888888888889 0.1753472222222222 0.30833333333333335 0.1684027777777778 0.30972222222222223 0.14930555555555555 0.3194444444444444 0.13020833333333334
0 0.5861111111111111 0.5338541666666666 0.016666666666666666 0.03993055555555555
0 0.23333333333333334 0.4809027777777778 0.24166666666666667 0.4878472222222222 0.24444444444444444 0.4965277777777778 0.24166666666666667 0.515625 0.23333333333333334 0.5260416666666666 0.225 0.5260416666666666 0.21666666666666667 0.5208333333333334 0.2125 0.5104166666666666 0.2125 0.5 0.21666666666666667 0.4861111111111111 0.225 0.4809027777777778 0.23194444444444445 0.4809027777777778