0 0.6694444444444444 0.5260416666666666 0.675 0.53125 0.675 0.5434027777777778 0.6722222222222223 0.5486111111111112 0.6652777777777777 0.5520833333333334 0.6597222222222222 0.5503472222222222 0.6569444444444444 0.5399305555555556 0.6597222222222222 0.5277777777777778 0.6680555555555555 0.5260416666666666
0 0.5916666666666667 0.7899305555555556 0.5958333333333333 0.7951388888888888 0.5986111111111111 0.8055555555555556 0.5958333333333333 0.8107638888888888 0.5902777777777778 0.8142361111111112 0.5819444444444445 0.8125 0.5777777777777777 0.8055555555555556 0.5777777777777777 0.7899305555555556 0.5791666666666667 0.7881944444444444 0.5902777777777778 0.7899305555555556
0 0.28055555555555556 0.10069444444444445 0.2861111111111111 0.109375 0.2847222222222222 0.11979166666666667 0.2777777777777778 0.1267361111111111 0.26805555555555555 0.13020833333333334 0.2638888888888889 0.1267361111111111 0.2652777777777778 0.109375 0.2708333333333333 0.10069444444444445 0.27361111111111114 0.09895833333333333 0.2791666666666667 0.10069444444444445
0 0.41805555555555557 0.4027777777777778 0.425 0.40625 0.4263888888888889 0.4114583333333333 0.4236111111111111 0.421875 0.41944444444444445 0.4270833333333333 0.4083333333333333 0.4270833333333333 0.4041666666666667 0.4236111111111111 0.4041666666666667 0.4114583333333333 0.4097222222222222 0.40625 0.4166666666666667 0.4045138888888889
0 0.07361111111111111 0.59375 0.08333333333333333 0.609375 0.08333333333333333 0.6145833333333334 0.08055555555555556 0.6163194444444444 0.06666666666666667 0.6145833333333334 0.058333333333333334 0.609375 0.05555555555555555 0.6041666666666666 0.05694444444444444 0.5920138888888888 0.06944444444444445 0.5902777777777778 0.07222222222222222 0.59375
0 0.5291666666666667 0.7743055555555556 0.5319444444444444 0.7795138888888888 0.5319444444444444 0.7881944444444444 0.5291666666666667 0.796875 0.5236111111111111 0.8020833333333334 0.5152777777777777 0.8020833333333334 0.5111111111111111 0.796875 0.5111111111111111 0.7864583333333334 0.5166666666666667 0.7777777777777778 0.5277777777777778 0.7743055555555556
0 0.6263888888888889 0.4861111111111111 0.6291666666666667 0.4878472222222222 0.6319444444444444 0.4965277777777778 0.6319444444444444 0.5104166666666666 0.6277777777777778 0.5173611111111112 0.6236111111111111 0.5173611111111112 0.6180555555555556 0.5052083333333334 0.6180555555555556 0.4895833333333333 0.6208333333333333 0.4861111111111111 0.625 0.4861111111111111
0 0.6986111111111111 0.4357638888888889 0.7125 0.4375 0.7180555555555556 0.4409722222222222 0.7236111111111111 0.4513888888888889 0.7236111111111111 0.4600694444444444 0.7152777777777778 0.4635416666666667 0.7055555555555556 0.4548611111111111 0.6986111111111111 0.4427083333333333 0.6986111111111111 0.4375
0 0.13333333333333333 0.11284722222222222 0.14027777777777778 0.1267361111111111 0.14027777777777778 0.1388888888888889 0.1375 0.1440972222222222 0.13194444444444445 0.14756944444444445 0.12777777777777777 0.14756944444444445 0.12361111111111112 0.1371527777777778 0.12361111111111112 0.11979166666666667 0.12777777777777777 0.11284722222222222 0.13194444444444445 0.11284722222222222
0 0.8930555555555556 0.5381944444444444 0.9 0.5451388888888888 0.9041666666666667 0.5555555555555556 0.9055555555555556 0.5625 0.9041666666666667 0.5677083333333334 0.9013888888888889 0.5694444444444444 0.8944444444444445 0.5677083333333334 0.8888888888888888 0.5590277777777778 0.8888888888888888 0.5399305555555556 0.8916666666666667 0.5381944444444444
0 0.2263888888888889 0.7430555555555556 0.23055555555555557 0.7447916666666666 0.23333333333333334 0.7517361111111112 0.23055555555555557 0.7586805555555556 0.225 0.7638888888888888 0.21666666666666667 0.7638888888888888 0.2111111111111111 0.7569444444444444 0.2111111111111111 0.7482638888888888 0.2152777777777778 0.7430555555555556 0.225 0.7430555555555556
0 0.8652777777777778 0.4461805555555556 0.8736111111111111 0.4513888888888889 0.8777777777777778 0.4583333333333333 0.8777777777777778 0.4704861111111111 0.8736111111111111 0.4739583333333333 0.8652777777777778 0.4722222222222222 0.8583333333333333 0.4618055555555556 0.8527777777777777 0.4479166666666667 0.8541666666666666 0.4427083333333333 0.8638888888888889 0.4461805555555556
0 0.7333333333333333 0.22743055555555555 0.7430555555555556 0.2378472222222222 0.7472222222222222 0.2465277777777778 0.7472222222222222 0.2621527777777778 0.7416666666666667 0.2673611111111111 0.7333333333333333 0.2638888888888889 0.7263888888888889 0.2534722222222222 0.7236111111111111 0.24479166666666666 0.7236111111111111 0.2309027777777778 0.7291666666666666 0.22569444444444445 0.7319444444444444 0.22743055555555555
0 0.95 0.6840277777777778 0.008333333333333333 0.03819444444444445
0 0.8736111111111111 0.013888888888888888 0.8805555555555555 0.020833333333333332 0.8819444444444444 0.036458333333333336 0.8791666666666667 0.04513888888888889 0.8722222222222222 0.05381944444444445 0.8680555555555556 0.05381944444444445 0.8638888888888889 0.050347222222222224 0.8583333333333333 0.03993055555555555 0.8597222222222223 0.022569444444444444 0.8652777777777778 0.015625 0.8722222222222222 0.013888888888888888
0 0.9527777777777777 0.13541666666666666 0.9541666666666667 0.1423611111111111 0.9527777777777777 0.16493055555555555 0.9486111111111111 0.16666666666666666 0.9458333333333333 0.16319444444444445 0.9458333333333333 0.14583333333333334 0.9486111111111111 0.1388888888888889 0.9513888888888888 0.1371527777777778
0 0.07083333333333333 0.8923611111111112 0.07777777777777778 0.9149305555555556 0.075 0.9253472222222222 0.06666666666666667 0.9270833333333334 0.0625 0.9270833333333334 0.059722222222222225 0.921875 0.059722222222222225 0.8993055555555556 0.06388888888888888 0.8923611111111112 0.06666666666666667 0.890625 0.06944444444444445 0.8923611111111112
0 0.6347222222222222 0.006944444444444444 0.6527777777777778 0.013888888888888888 0.6513888888888889 0.019097222222222224 0.6375 0.03125 0.6277777777777778 0.03125 0.6222222222222222 0.024305555555555556 0.6236111111111111 0.010416666666666666 0.6333333333333333 0.006944444444444444
0 0.8486111111111111 0.17708333333333334 0.8472222222222222 0.1736111111111111 0.8486111111111111 0.1597222222222222 0.8583333333333333 0.1423611111111111 0.8625 0.14583333333333334 0.8638888888888889 0.15104166666666666 0.8625 0.1736111111111111 0.8583333333333333 0.17881944444444445 0.85 0.17708333333333334
0 0.8972222222222223 0.8211805555555556 0.9 0.8229166666666666 0.9041666666666667 0.8333333333333334 0.9027777777777778 0.8559027777777778 0.8972222222222223 0.8663194444444444 0.8847222222222222 0.8663194444444444 0.875 0.8541666666666666 0.875 0.8420138888888888 0.8777777777777778 0.8333333333333334 0.8847222222222222 0.8263888888888888 0.8958333333333334 0.8211805555555556
0 0.6708333333333333 0.4895833333333333 0.6791666666666667 0.4930555555555556 0.6930555555555555 0.5069444444444444 0.6944444444444444 0.5190972222222222 0.6916666666666667 0.5208333333333334 0.6819444444444445 0.5190972222222222 0.675 0.5121527777777778 0.6666666666666666 0.5104166666666666 0.6638888888888889 0.5069444444444444 0.6625 0.4930555555555556 0.6694444444444444 0.4895833333333333
0 0.8888888888888888 0.9548611111111112 0.8902777777777777 0.9565972222222222 0.8902777777777777 0.9861111111111112 0.8875 0.9913194444444444 0.8833333333333333 0.9930555555555556 0.8722222222222222 0.9913194444444444 0.8708333333333333 0.9774305555555556 0.8791666666666667 0.9583333333333334 0.8833333333333333 0.9548611111111112 0.8875 0.9548611111111112
0 0.6444444444444445 0.8489583333333334 0.6430555555555556 0.8454861111111112 0.6444444444444445 0.8402777777777778 0.65 0.8402777777777778 0.6680555555555555 0.8315972222222222 0.6777777777777778 0.8315972222222222 0.6805555555555556 0.8350694444444444 0.6819444444444445 0.8454861111111112 0.6777777777777778 0.8524305555555556 0.6666666666666666 0.8541666666666666 0.6458333333333334 0.8489583333333334
0 0.33055555555555555 0.6927083333333334 0.33194444444444443 0.7048611111111112 0.3263888888888889 0.7100694444444444 0.3138888888888889 0.7065972222222222 0.3111111111111111 0.703125 0.3111111111111111 0.6979166666666666 0.32222222222222224 0.6927083333333334 0.32916666666666666 0.6927083333333334
0 0.65 0.5416666666666666 0.6541666666666667 0.546875 0.6527777777777778 0.5659722222222222 0.65 0.5763888888888888 0.6430555555555556 0.5833333333333334 0.6347222222222222 0.5815972222222222 0.6319444444444444 0.5677083333333334 0.6333333333333333 0.5590277777777778 0.6388888888888888 0.5486111111111112 0.6486111111111111 0.5416666666666666
0 0.5666666666666667 0.9357638888888888 0.5708333333333333 0.9340277777777778 0.5763888888888888 0.9392361111111112 0.5763888888888888 0.9496527777777778 0.5736111111111111 0.953125 0.5666666666666667 0.953125 0.5652777777777778 0.9496527777777778 0.5666666666666667 0.9375
0 0.8708333333333333 0.7951388888888888 0.8763888888888889 0.8003472222222222 0.8791666666666667 0.8090277777777778 0.8777777777777778 0.8142361111111112 0.8666666666666667 0.8246527777777778 0.8583333333333333 0.8246527777777778 0.8513888888888889 0.8211805555555556 0.8513888888888889 0.8090277777777778 0.8625 0.796875 0.8694444444444445 0.7951388888888888