0 0.21388888888888888 0.5989583333333334 0.2263888888888889 0.5989583333333334 0.23194444444444445 0.6059027777777778 0.23194444444444445 0.6163194444444444 0.22361111111111112 0.6215277777777778 0.2152777777777778 0.6163194444444444 0.2125 0.6076388888888888 0.21388888888888888 0.6006944444444444
0 0.125 0.5954861111111112 0.12777777777777777 0.5972222222222222 0.13055555555555556 0.6076388888888888 0.12916666666666668 0.6128472222222222 0.12222222222222222 0.6180555555555556 0.10277777777777777 0.6128472222222222 0.09444444444444444 0.6076388888888888 0.09444444444444444 0.6006944444444444 0.09861111111111111 0.5972222222222222 0.12361111111111112 0.5954861111111112
0 0.7333333333333333 0.2777777777777778 0.7375 0.28125 0.7361111111111112 0.2916666666666667 0.7305555555555555 0.3003472222222222 0.7166666666666667 0.3107638888888889 0.7125 0.3090277777777778 0.7125 0.3003472222222222 0.7180555555555556 0.2847222222222222 0.725 0.2777777777777778 0.7291666666666666 0.2760416666666667 0.7319444444444444 0.2777777777777778
0 0.05138888888888889 0.765625 0.05416666666666667 0.7708333333333334 0.05416666666666667 0.7881944444444444 0.04861111111111111 0.7934027777777778 0.041666666666666664 0.7899305555555556 0.04027777777777778 0.7777777777777778 0.043055555555555555 0.7690972222222222 0.04583333333333333 0.765625 0.05 0.765625
0 0.47638888888888886 0.8958333333333334 0.48333333333333334 0.9010416666666666 0.48333333333333334 0.90625 0.4777777777777778 0.9166666666666666 0.4708333333333333 0.9201388888888888 0.4625 0.9166666666666666 0.4625 0.90625 0.46805555555555556 0.8975694444444444 0.475 0.8958333333333334
0 0.7097222222222223 0.8993055555555556 0.7152777777777778 0.9097222222222222 0.7138888888888889 0.9253472222222222 0.7041666666666667 0.9236111111111112 0.6986111111111111 0.9131944444444444 0.7 0.9010416666666666 0.7027777777777777 0.8975694444444444 0.7083333333333334 0.8993055555555556
0 0.30972222222222223 0.7621527777777778 0.3138888888888889 0.765625 0.31805555555555554 0.7760416666666666 0.31805555555555554 0.7916666666666666 0.3138888888888889 0.8003472222222222 0.3111111111111111 0.8020833333333334 0.3055555555555556 0.8003472222222222 0.30277777777777776 0.7899305555555556 0.30416666666666664 0.7760416666666666 0.30833333333333335 0.7638888888888888
0 0.49444444444444446 0.7395833333333334 0.4986111111111111 0.7430555555555556 0.49722222222222223 0.7552083333333334 0.4861111111111111 0.7638888888888888 0.4791666666666667 0.7604166666666666 0.48055555555555557 0.7517361111111112 0.4930555555555556 0.7413194444444444
0 0.43333333333333335 0.7482638888888888 0.43194444444444446 0.7413194444444444 0.43472222222222223 0.7309027777777778 0.4388888888888889 0.7256944444444444 0.44583333333333336 0.7256944444444444 0.4486111111111111 0.7413194444444444 0.44722222222222224 0.7465277777777778 0.44305555555555554 0.75 0.43472222222222223 0.7482638888888888
0 0.8444444444444444 0.2916666666666667 0.8486111111111111 0.2916666666666667 0.8527777777777777 0.296875 0.8555555555555555 0.3055555555555556 0.8555555555555555 0.3125 0.8527777777777777 0.3194444444444444 0.8486111111111111 0.3229166666666667 0.8458333333333333 0.3211805555555556 0.8416666666666667 0.3125 0.8416666666666667 0.3003472222222222 0.8444444444444444 0.2934027777777778
0 0.9166666666666666 0.3506944444444444 0.9180555555555555 0.3645833333333333 0.9097222222222222 0.3715277777777778 0.9 0.3697916666666667 0.8972222222222223 0.3663194444444444 0.8972222222222223 0.3611111111111111 0.9069444444444444 0.3489583333333333 0.9152777777777777 0.3506944444444444
0 0.5875 0.46875 0.5958333333333333 0.4739583333333333 0.6013888888888889 0.4878472222222222 0.6013888888888889 0.4947916666666667 0.5930555555555556 0.5 0.5819444444444445 0.4982638888888889 0.5777777777777777 0.4878472222222222 0.5763888888888888 0.4722222222222222 0.5791666666666667 0.46875 0.5861111111111111 0.46875
0 0.44583333333333336 0.6527777777777778 0.016666666666666666 0.027777777777777776
0 0.4736111111111111 0.9739583333333334 0.47638888888888886 0.9756944444444444 0.47638888888888886 0.984375 0.4708333333333333 0.9947916666666666 0.4638888888888889 0.9982638888888888 0.4583333333333333 0.9982638888888888 0.45416666666666666 0.9947916666666666 0.4527777777777778 0.9895833333333334 0.45416666666666666 0.9809027777777778 0.4625 0.9739583333333334 0.4722222222222222 0.9739583333333334
0 0.8486111111111111 0.5190972222222222 0.8555555555555555 0.5260416666666666 0.8569444444444444 0.5347222222222222 0.8555555555555555 0.546875 0.8513888888888889 0.5486111111111112 0.8472222222222222 0.5555555555555556 0.8361111111111111 0.5538194444444444 0.8277777777777777 0.5434027777777778 0.8291666666666667 0.5295138888888888 0.8388888888888889 0.5208333333333334 0.8472222222222222 0.5190972222222222
0 0.8819444444444444 0.5347222222222222 0.8847222222222222 0.5416666666666666 0.8833333333333333 0.5538194444444444 0.8763888888888889 0.5590277777777778 0.8694444444444445 0.5607638888888888 0.8638888888888889 0.5590277777777778 0.8597222222222223 0.5538194444444444 0.8611111111111112 0.546875 0.8666666666666667 0.5399305555555556 0.8805555555555555 0.5347222222222222
0 0.2847222222222222 0.1597222222222222 0.29583333333333334 0.1527777777777778 0.3013888888888889 0.1545138888888889 0.3 0.16493055555555555 0.29583333333333334 0.1753472222222222 0.28888888888888886 0.18229166666666666 0.28194444444444444 0.18055555555555555 0.28194444444444444 0.16493055555555555 0.2847222222222222 0.16145833333333334
0 0.23472222222222222 0.4791666666666667 0.24444444444444444 0.4878472222222222 0.24722222222222223 0.5017361111111112 0.24305555555555555 0.5173611111111112 0.23472222222222222 0.5243055555555556 0.2222222222222222 0.5225694444444444 0.21666666666666667 0.515625 0.2152777777777778 0.5069444444444444 0.2152777777777778 0.4965277777777778 0.21805555555555556 0.4861111111111111 0.2263888888888889 0.4791666666666667 0.23333333333333334 0.4791666666666667
0 0.7736111111111111 0.5086805555555556 0.7763888888888889 0.5069444444444444 0.7847222222222222 0.5086805555555556 0.7930555555555555 0.5190972222222222 0.7916666666666666 0.5295138888888888 0.7888888888888889 0.53125 0.7791666666666667 0.5295138888888888 0.7736111111111111 0.5225694444444444 0.7722222222222223 0.5173611111111112 0.7736111111111111 0.5104166666666666
0 0.4236111111111111 0.013888888888888888 0.42916666666666664 0.013888888888888888 0.4388888888888889 0.03125 0.4388888888888889 0.03819444444444445 0.43472222222222223 0.043402777777777776 0.4263888888888889 0.043402777777777776 0.4222222222222222 0.036458333333333336 0.4236111111111111 0.015625
0 0.24722222222222223 0.1284722222222222 0.25416666666666665 0.125 0.25833333333333336 0.1267361111111111 0.2611111111111111 0.13194444444444445 0.25972222222222224 0.140625 0.25416666666666665 0.14756944444444445 0.24861111111111112 0.14756944444444445 0.24583333333333332 0.1423611111111111 0.24722222222222223 0.13020833333333334
0 0.4666666666666667 0.7118055555555556 0.4708333333333333 0.7170138888888888 0.4722222222222222 0.7309027777777778 0.4708333333333333 0.7395833333333334 0.4625 0.7552083333333334 0.45555555555555555 0.7552083333333334 0.4513888888888889 0.75 0.4486111111111111 0.7430555555555556 0.44722222222222224 0.7222222222222222 0.4486111111111111 0.7170138888888888 0.45416666666666666 0.7100694444444444 0.4652777777777778 0.7118055555555556
0 0.5347222222222222 0.5555555555555556 0.5416666666666666 0.5538194444444444 0.5458333333333333 0.5607638888888888 0.5430555555555555 0.5902777777777778 0.5347222222222222 0.5920138888888888 0.5305555555555556 0.5850694444444444 0.5305555555555556 0.5677083333333334 0.5347222222222222 0.5572916666666666