0 0.4027777777777778 0.4253472222222222 0.4013888888888889 0.421875 0.4027777777777778 0.4114583333333333 0.40555555555555556 0.4079861111111111 0.4152777777777778 0.4045138888888889 0.425 0.40625 0.4236111111111111 0.4201388888888889 0.41805555555555557 0.4270833333333333 0.4125 0.4288194444444444 0.4041666666666667 0.4253472222222222
0 0.12708333333333333 0.1345486111111111 0.0125 0.029513888888888888
0 0.7027777777777777 0.4392361111111111 0.7069444444444445 0.4375 0.7180555555555556 0.4409722222222222 0.725 0.4496527777777778 0.7263888888888889 0.4548611111111111 0.7222222222222222 0.4635416666666667 0.7152777777777778 0.4635416666666667 0.7069444444444445 0.4565972222222222 0.7027777777777777 0.4479166666666667 0.7027777777777777 0.4409722222222222
0 0.6652777777777777 0.5243055555555556 0.6708333333333333 0.53125 0.6708333333333333 0.5416666666666666 0.6638888888888889 0.5503472222222222 0.6569444444444444 0.5486111111111112 0.6541666666666667 0.5416666666666666 0.6555555555555556 0.5277777777777778 0.6597222222222222 0.5243055555555556 0.6638888888888889 0.5243055555555556
0 0.5861111111111111 0.8003472222222222 0.019444444444444445 0.024305555555555556
0 0.06111111111111111 0.8819444444444444 0.06805555555555555 0.8854166666666666 0.07361111111111111 0.8940972222222222 0.07361111111111111 0.90625 0.06805555555555555 0.9114583333333334 0.06388888888888888 0.9114583333333334 0.05555555555555555 0.8958333333333334 0.05555555555555555 0.8854166666666666 0.059722222222222225 0.8819444444444444
0 0.525 0.7760416666666666 0.5291666666666667 0.7795138888888888 0.5291666666666667 0.7881944444444444 0.5263888888888889 0.796875 0.5194444444444445 0.8038194444444444 0.5138888888888888 0.8020833333333334 0.5097222222222222 0.7916666666666666 0.5111111111111111 0.7847222222222222 0.5152777777777777 0.7795138888888888 0.5236111111111111 0.7760416666666666
0 0.26666666666666666 0.11979166666666667 0.022222222222222223 0.034722222222222224
0 0.6263888888888889 0.003472222222222222 0.6388888888888888 0.006944444444444444 0.6513888888888889 0.015625 0.6486111111111111 0.020833333333333332 0.6333333333333333 0.029513888888888888 0.6222222222222222 0.029513888888888888 0.6166666666666667 0.022569444444444444 0.6180555555555556 0.008680555555555556 0.625 0.003472222222222222
0 0.1361111111111111 0.6267361111111112 0.14305555555555555 0.6319444444444444 0.1486111111111111 0.640625 0.1486111111111111 0.6440972222222222 0.14166666666666666 0.6493055555555556 0.13055555555555556 0.6493055555555556 0.12222222222222222 0.6440972222222222 0.12222222222222222 0.6284722222222222 0.12638888888888888 0.625 0.13472222222222222 0.6267361111111112
0 0.9416666666666667 0.6805555555555556 0.9444444444444444 0.6788194444444444 0.9527777777777777 0.6805555555555556 0.9527777777777777 0.7204861111111112 0.9486111111111111 0.7204861111111112 0.9458333333333333 0.7170138888888888 0.9416666666666667 0.7048611111111112 0.9402777777777778 0.6961805555555556 0.9416666666666667 0.6822916666666666
0 0.07083333333333333 0.8472222222222222 0.0763888888888889 0.8506944444444444 0.07916666666666666 0.8576388888888888 0.07777777777777778 0.8732638888888888 0.075 0.8767361111111112 0.07083333333333333 0.8767361111111112 0.06388888888888888 0.8680555555555556 0.06388888888888888 0.8541666666666666 0.06666666666666667 0.8489583333333334 0.06944444444444445 0.8489583333333334
0 0.8694444444444445 0.4496527777777778 0.8763888888888889 0.4565972222222222 0.8777777777777778 0.4618055555555556 0.8763888888888889 0.4704861111111111 0.8722222222222222 0.4739583333333333 0.8652777777777778 0.4704861111111111 0.8569444444444444 0.4565972222222222 0.8583333333333333 0.4461805555555556 0.8680555555555556 0.4496527777777778
0 0.7333333333333333 0.22743055555555555 0.7458333333333333 0.24305555555555555 0.7472222222222222 0.2621527777777778 0.7444444444444445 0.2673611111111111 0.7361111111111112 0.265625 0.7263888888888889 0.2534722222222222 0.725 0.234375 0.7291666666666666 0.22569444444444445 0.7319444444444444 0.22743055555555555
0 0.6569444444444444 0.8385416666666666 0.6611111111111111 0.8350694444444444 0.6708333333333333 0.8350694444444444 0.6736111111111112 0.8402777777777778 0.6736111111111112 0.8524305555555556 0.6694444444444444 0.8576388888888888 0.6597222222222222 0.8576388888888888 0.6541666666666667 0.8524305555555556 0.6541666666666667 0.84375 0.6569444444444444 0.8402777777777778
0 0.21944444444444444 0.7413194444444444 0.22777777777777777 0.7430555555555556 0.23333333333333334 0.7482638888888888 0.23333333333333334 0.7534722222222222 0.22083333333333333 0.7638888888888888 0.2125 0.7638888888888888 0.20972222222222223 0.7621527777777778 0.20833333333333334 0.7569444444444444 0.2111111111111111 0.7447916666666666 0.21805555555555556 0.7413194444444444
0 0.8930555555555556 0.5416666666666666 0.9 0.5503472222222222 0.9013888888888889 0.5555555555555556 0.9 0.5711805555555556 0.8916666666666667 0.5694444444444444 0.8861111111111111 0.5590277777777778 0.8861111111111111 0.5434027777777778 0.8916666666666667 0.5416666666666666
0 0.6027777777777777 0.4765625 0.013888888888888888 0.029513888888888888
0 0.9486111111111111 0.13020833333333334 0.9527777777777777 0.1388888888888889 0.9513888888888888 0.16493055555555555 0.9444444444444444 0.1684027777777778 0.9402777777777778 0.1597222222222222 0.9402777777777778 0.14756944444444445 0.9472222222222222 0.13194444444444445
0 0.8791666666666667 0.03125 0.8833333333333333 0.034722222222222224 0.8847222222222222 0.03993055555555555 0.8847222222222222 0.059027777777777776 0.8819444444444444 0.06770833333333333 0.8652777777777778 0.0625 0.8611111111111112 0.052083333333333336 0.8625 0.036458333333333336 0.8694444444444445 0.029513888888888888 0.8777777777777778 0.03125
0 0.8625 0.10677083333333333 0.019444444444444445 0.036458333333333336
0 0.6708333333333333 0.4913194444444444 0.6861111111111111 0.5034722222222222 0.6888888888888889 0.5121527777777778 0.6861111111111111 0.5208333333333334 0.6777777777777778 0.5208333333333334 0.6708333333333333 0.515625 0.6652777777777777 0.515625 0.6597222222222222 0.5121527777777778 0.6555555555555556 0.5017361111111112 0.6555555555555556 0.4947916666666667 0.6611111111111111 0.4895833333333333 0.6694444444444444 0.4913194444444444