0 0.41805555555555557 0.11979166666666667 0.41944444444444445 0.12152777777777778 0.41805555555555557 0.1284722222222222 0.4097222222222222 0.140625 0.4041666666666667 0.1440972222222222 0.3972222222222222 0.1440972222222222 0.39305555555555555 0.140625 0.39166666666666666 0.1371527777777778 0.39305555555555555 0.1284722222222222 0.4041666666666667 0.11979166666666667 0.4111111111111111 0.11805555555555555 0.4166666666666667 0.11979166666666667
0 0.4777777777777778 0.8958333333333334 0.48333333333333334 0.9010416666666666 0.48333333333333334 0.9079861111111112 0.47638888888888886 0.9184027777777778 0.4722222222222222 0.9201388888888888 0.4638888888888889 0.9184027777777778 0.4625 0.9079861111111112 0.46944444444444444 0.8958333333333334 0.47638888888888886 0.8958333333333334
0 0.2375 0.6024305555555556 0.24305555555555555 0.6128472222222222 0.24166666666666667 0.6197916666666666 0.2388888888888889 0.6215277777777778 0.22916666666666666 0.6215277777777778 0.2263888888888889 0.6197916666666666 0.22361111111111112 0.6128472222222222 0.22361111111111112 0.6024305555555556 0.2263888888888889 0.5989583333333334 0.2361111111111111 0.6024305555555556
0 0.9166666666666666 0.3524305555555556 0.9194444444444444 0.3576388888888889 0.9194444444444444 0.3645833333333333 0.9138888888888889 0.3715277777777778 0.9013888888888889 0.3715277777777778 0.8986111111111111 0.3680555555555556 0.8986111111111111 0.3611111111111111 0.9069444444444444 0.3506944444444444 0.9152777777777777 0.3524305555555556
0 0.46805555555555556 0.9618055555555556 0.4861111111111111 0.9600694444444444 0.49027777777777776 0.9635416666666666 0.4888888888888889 0.9756944444444444 0.475 0.9861111111111112 0.46944444444444444 0.9861111111111112 0.4652777777777778 0.9809027777777778 0.4652777777777778 0.9704861111111112 0.46805555555555556 0.9635416666666666
0 0.5013888888888889 0.7395833333333334 0.5027777777777778 0.7430555555555556 0.4986111111111111 0.7534722222222222 0.49444444444444446 0.7586805555555556 0.4875 0.7621527777777778 0.48055555555555557 0.7586805555555556 0.48055555555555557 0.7517361111111112 0.49166666666666664 0.7395833333333334 0.49444444444444446 0.7378472222222222 0.5 0.7395833333333334
0 0.7097222222222223 0.5625 0.7125 0.5677083333333334 0.7111111111111111 0.5729166666666666 0.7055555555555556 0.5798611111111112 0.6986111111111111 0.5833333333333334 0.6902777777777778 0.5833333333333334 0.6875 0.5798611111111112 0.6888888888888889 0.5642361111111112 0.6930555555555555 0.5590277777777778 0.7027777777777777 0.5590277777777778 0.7083333333333334 0.5625
0 0.44583333333333336 0.7170138888888888 0.4486111111111111 0.71875 0.45 0.7291666666666666 0.4486111111111111 0.7378472222222222 0.4444444444444444 0.7447916666666666 0.43472222222222223 0.7430555555555556 0.42916666666666664 0.7378472222222222 0.42777777777777776 0.7326388888888888 0.4361111111111111 0.7204861111111112 0.4444444444444444 0.7170138888888888
0 0.4625 0.7065972222222222 0.4708333333333333 0.7135416666666666 0.4722222222222222 0.734375 0.46805555555555556 0.7447916666666666 0.4597222222222222 0.7517361111111112 0.4513888888888889 0.7465277777777778 0.4486111111111111 0.7395833333333334 0.4486111111111111 0.7326388888888888 0.4513888888888889 0.7100694444444444 0.45416666666666666 0.7065972222222222 0.46111111111111114 0.7065972222222222
0 0.32013888888888886 0.7751736111111112 0.015277777777777777 0.03993055555555555
0 0.2465277777777778 0.1970486111111111 0.018055555555555554 0.03993055555555555
0 0.14722222222222223 0.5694444444444444 0.1625 0.5798611111111112 0.1638888888888889 0.59375 0.1597222222222222 0.6006944444444444 0.15 0.6006944444444444 0.14027777777777778 0.5868055555555556 0.13472222222222222 0.5850694444444444 0.13055555555555556 0.5798611111111112 0.13194444444444445 0.5729166666666666 0.1388888888888889 0.5694444444444444 0.14583333333333334 0.5694444444444444
0 0.5847222222222223 0.4635416666666667 0.5916666666666667 0.4670138888888889 0.5958333333333333 0.4722222222222222 0.6027777777777777 0.4895833333333333 0.6013888888888889 0.4947916666666667 0.5888888888888889 0.4947916666666667 0.5805555555555556 0.4878472222222222 0.5777777777777777 0.4791666666666667 0.5777777777777777 0.46875 0.5791666666666667 0.4652777777777778 0.5833333333333334 0.4635416666666667
0 0.8513888888888889 0.2881944444444444 0.8569444444444444 0.3003472222222222 0.8569444444444444 0.3125 0.8527777777777777 0.3194444444444444 0.8472222222222222 0.3177083333333333 0.8430555555555556 0.3090277777777778 0.8444444444444444 0.2951388888888889 0.85 0.2881944444444444
0 0.7055555555555556 0.9184027777777778 0.7027777777777777 0.9114583333333334 0.7027777777777777 0.9027777777777778 0.7069444444444445 0.8940972222222222 0.7152777777777778 0.8958333333333334 0.725 0.9097222222222222 0.725 0.9166666666666666 0.7208333333333333 0.9253472222222222 0.7125 0.9236111111111112 0.7069444444444445 0.9184027777777778
0 0.24444444444444444 0.4826388888888889 0.25 0.4913194444444444 0.25 0.5034722222222222 0.24444444444444444 0.5190972222222222 0.2375 0.5243055555555556 0.23055555555555557 0.5243055555555556 0.22361111111111112 0.5208333333333334 0.21944444444444444 0.5138888888888888 0.21805555555555556 0.5 0.21944444444444444 0.4895833333333333 0.225 0.4809027777777778 0.24027777777777778 0.4791666666666667 0.24305555555555555 0.4826388888888889
0 0.45416666666666666 0.6302083333333334 0.46111111111111114 0.640625 0.46111111111111114 0.6579861111111112 0.4513888888888889 0.6684027777777778 0.4486111111111111 0.6684027777777778 0.44583333333333336 0.6631944444444444 0.4444444444444444 0.6475694444444444 0.44722222222222224 0.6354166666666666 0.4527777777777778 0.6302083333333334
0 0.24861111111111112 0.14583333333333334 0.24722222222222223 0.13020833333333334 0.2513888888888889 0.1232638888888889 0.25833333333333336 0.1232638888888889 0.2625 0.1284722222222222 0.2625 0.1388888888888889 0.25555555555555554 0.14756944444444445 0.25 0.14583333333333334
0 0.8777777777777778 0.5138888888888888 0.8847222222222222 0.5208333333333334 0.8861111111111111 0.5503472222222222 0.8819444444444444 0.5572916666666666 0.8638888888888889 0.5642361111111112 0.8597222222222223 0.5642361111111112 0.8569444444444444 0.5590277777777778 0.8569444444444444 0.5486111111111112 0.8541666666666666 0.5399305555555556 0.8541666666666666 0.5208333333333334 0.8555555555555555 0.5173611111111112 0.8611111111111112 0.5138888888888888 0.8763888888888889 0.5138888888888888
0 0.7138888888888889 0.2673611111111111 0.7166666666666667 0.2743055555555556 0.7041666666666667 0.2916666666666667 0.6972222222222222 0.2916666666666667 0.6916666666666667 0.2847222222222222 0.6916666666666667 0.2760416666666667 0.6944444444444444 0.2708333333333333 0.7013888888888888 0.265625 0.7125 0.2673611111111111
0 0.47638888888888886 0.6215277777777778 0.475 0.6302083333333334 0.4777777777777778 0.6458333333333334 0.47638888888888886 0.6527777777777778 0.4708333333333333 0.6579861111111112 0.4652777777777778 0.6579861111111112 0.46111111111111114 0.6527777777777778 0.4597222222222222 0.6388888888888888 0.4625 0.6319444444444444 0.4708333333333333 0.6215277777777778 0.475 0.6215277777777778
0 0.7791666666666667 0.3680555555555556 0.7847222222222222 0.3645833333333333 0.7930555555555555 0.3680555555555556 0.7958333333333333 0.3819444444444444 0.7958333333333333 0.3871527777777778 0.7916666666666666 0.3940972222222222 0.7833333333333333 0.3940972222222222 0.7791666666666667 0.3888888888888889 0.7791666666666667 0.3697916666666667
0 0.7708333333333334 0.3645833333333333 0.7680555555555556 0.359375 0.7694444444444445 0.34375 0.7791666666666667 0.34375 0.7847222222222222 0.3524305555555556 0.7847222222222222 0.3663194444444444 0.7819444444444444 0.3697916666666667 0.7777777777777778 0.3697916666666667 0.7722222222222223 0.3645833333333333
0 0.33055555555555555 0.5069444444444444 0.3458333333333333 0.5190972222222222 0.3472222222222222 0.53125 0.34305555555555556 0.5364583333333334 0.3333333333333333 0.5364583333333334 0.3236111111111111 0.5295138888888888 0.32083333333333336 0.5225694444444444 0.32083333333333336 0.515625 0.325 0.5069444444444444 0.32916666666666666 0.5069444444444444
0 0.2423611111111111 0.875 0.02361111111111111 0.027777777777777776
0 0.825 0.8420138888888888 0.8277777777777777 0.8472222222222222 0.8277777777777777 0.8541666666666666 0.8194444444444444 0.8628472222222222 0.8125 0.8611111111111112 0.8111111111111111 0.8506944444444444 0.8236111111111111 0.8420138888888888
0 0.5722222222222222 0.8506944444444444 0.5736111111111111 0.8628472222222222 0.5680555555555555 0.8680555555555556 0.5638888888888889 0.8680555555555556 0.5583333333333333 0.8628472222222222 0.5569444444444445 0.8541666666666666 0.5652777777777778 0.8489583333333334 0.5708333333333333 0.8506944444444444
0 0.8138888888888889 0.8732638888888888 0.8194444444444444 0.8732638888888888 0.825 0.8819444444444444 0.8236111111111111 0.8975694444444444 0.8208333333333333 0.9010416666666666 0.8125 0.9010416666666666 0.8097222222222222 0.8975694444444444 0.8097222222222222 0.8854166666666666 0.8138888888888889 0.875
0 0.2361111111111111 0 0.2388888888888889 0 0.24166666666666667 0.006944444444444444 0.24305555555555555 0.024305555555555556 0.24166666666666667 0.03125 0.2375 0.036458333333333336 0.22916666666666666 0.036458333333333336 0.2263888888888889 0.027777777777777776 0.22777777777777777 0.017361111111111112 0.2361111111111111 0.001736111111111111
0 0.059722222222222225 0.6354166666666666 0.06388888888888888 0.640625 0.059722222222222225 0.6475694444444444 0.05 0.6475694444444444 0.04722222222222222 0.6440972222222222 0.04861111111111111 0.6371527777777778 0.058333333333333334 0.6354166666666666