0 0.7055555555555556 0.2743055555555556 0.03333333333333333 0.024305555555555556
0 0.9166666666666666 0.3506944444444444 0.9180555555555555 0.3645833333333333 0.9111111111111111 0.3715277777777778 0.9013888888888889 0.3715277777777778 0.8972222222222223 0.3680555555555556 0.8972222222222223 0.3628472222222222 0.9069444444444444 0.3506944444444444 0.9097222222222222 0.3489583333333333 0.9152777777777777 0.3506944444444444
0 0.7236111111111111 0.5347222222222222 0.725 0.5364583333333334 0.7236111111111111 0.5520833333333334 0.7194444444444444 0.5607638888888888 0.7125 0.5659722222222222 0.7069444444444445 0.5642361111111112 0.7055555555555556 0.5503472222222222 0.7152777777777778 0.5364583333333334 0.7222222222222222 0.5347222222222222
0 0.40694444444444444 0.07118055555555555 0.4111111111111111 0.07291666666666667 0.41388888888888886 0.0798611111111111 0.4125 0.08854166666666667 0.40694444444444444 0.09375 0.39861111111111114 0.0920138888888889 0.3958333333333333 0.08854166666666667 0.3958333333333333 0.078125 0.4 0.07291666666666667 0.40555555555555556 0.07118055555555555
0 0.4708333333333333 0.9756944444444444 0.025 0.027777777777777776
0 0.4777777777777778 0.8958333333333334 0.48333333333333334 0.8993055555555556 0.48333333333333334 0.90625 0.48055555555555557 0.9131944444444444 0.475 0.9184027777777778 0.4652777777777778 0.9184027777777778 0.4625 0.9149305555555556 0.4625 0.90625 0.46944444444444444 0.8958333333333334 0.47638888888888886 0.8958333333333334
0 0.44583333333333336 0.7222222222222222 0.44722222222222224 0.7395833333333334 0.44166666666666665 0.7465277777777778 0.43472222222222223 0.7447916666666666 0.4305555555555556 0.7378472222222222 0.4305555555555556 0.7326388888888888 0.4361111111111111 0.7222222222222222 0.4388888888888889 0.7204861111111112 0.4444444444444444 0.7222222222222222
0 0.5902777777777778 0.4704861111111111 0.5972222222222222 0.4774305555555556 0.6027777777777777 0.4878472222222222 0.6027777777777777 0.4930555555555556 0.5986111111111111 0.4965277777777778 0.5833333333333334 0.4947916666666667 0.5777777777777777 0.484375 0.5791666666666667 0.4722222222222222 0.5833333333333334 0.46875 0.5888888888888889 0.4704861111111111
0 0.48055555555555557 0.7604166666666666 0.48194444444444445 0.75 0.4930555555555556 0.7395833333333334 0.5013888888888889 0.7413194444444444 0.5 0.75 0.49166666666666664 0.7604166666666666 0.4875 0.7621527777777778 0.48194444444444445 0.7604166666666666
0 0.85 0.3055555555555556 0.013888888888888888 0.027777777777777776
0 0.31805555555555554 0.7586805555555556 0.32222222222222224 0.7795138888888888 0.3194444444444444 0.7934027777777778 0.3138888888888889 0.7986111111111112 0.3111111111111111 0.7951388888888888 0.30972222222222223 0.7795138888888888 0.3125 0.7586805555555556 0.3138888888888889 0.7569444444444444 0.31666666666666665 0.7586805555555556
0 0.7083333333333334 0.8923611111111112 0.7166666666666667 0.9010416666666666 0.7180555555555556 0.9149305555555556 0.7152777777777778 0.9236111111111112 0.7083333333333334 0.921875 0.7013888888888888 0.9131944444444444 0.7013888888888888 0.8958333333333334 0.7069444444444445 0.8923611111111112
0 0.4444444444444444 0.6631944444444444 0.44305555555555554 0.640625 0.4444444444444444 0.6354166666666666 0.4486111111111111 0.6319444444444444 0.4527777777777778 0.6319444444444444 0.45555555555555555 0.6388888888888888 0.45555555555555555 0.65625 0.45 0.6649305555555556 0.44583333333333336 0.6631944444444444
0 0.4652777777777778 0.7083333333333334 0.4708333333333333 0.7170138888888888 0.4722222222222222 0.7291666666666666 0.4708333333333333 0.7378472222222222 0.4625 0.7517361111111112 0.4513888888888889 0.75 0.44722222222222224 0.7413194444444444 0.44583333333333336 0.7204861111111112 0.4486111111111111 0.7118055555555556 0.4527777777777778 0.7065972222222222 0.4638888888888889 0.7083333333333334
0 0.8638888888888889 0.5321180555555556 0.030555555555555555 0.03298611111111111
0 0.23055555555555557 0.6006944444444444 0.2388888888888889 0.6111111111111112 0.2375 0.6215277777777778 0.22777777777777777 0.6215277777777778 0.21944444444444444 0.6128472222222222 0.21944444444444444 0.6024305555555556 0.22361111111111112 0.5989583333333334 0.22916666666666666 0.6006944444444444
0 0.14722222222222223 0.5833333333333334 0.15138888888888888 0.5885416666666666 0.15138888888888888 0.5972222222222222 0.15 0.6024305555555556 0.14444444444444443 0.6059027777777778 0.1388888888888889 0.6059027777777778 0.12777777777777777 0.5989583333333334 0.12222222222222222 0.5989583333333334 0.11527777777777778 0.5920138888888888 0.12638888888888888 0.5850694444444444 0.14583333333333334 0.5833333333333334
0 0.25416666666666665 0.17708333333333334 0.25555555555555554 0.1909722222222222 0.2513888888888889 0.2013888888888889 0.24444444444444444 0.21006944444444445 0.2375 0.21006944444444445 0.23472222222222222 0.2065972222222222 0.23472222222222222 0.19444444444444445 0.24027777777777778 0.1840277777777778 0.25277777777777777 0.17708333333333334
0 0.49236111111111114 0.6232638888888888 0.015277777777777777 0.034722222222222224
0 0.8819444444444444 0.5381944444444444 0.8861111111111111 0.5451388888888888 0.8861111111111111 0.5503472222222222 0.8833333333333333 0.5555555555555556 0.8722222222222222 0.5625 0.8611111111111112 0.5625 0.8583333333333333 0.5590277777777778 0.8583333333333333 0.5503472222222222 0.875 0.5364583333333334 0.8805555555555555 0.5381944444444444
0 0.25972222222222224 0.1267361111111111 0.2611111111111111 0.1371527777777778 0.25555555555555554 0.14756944444444445 0.24722222222222223 0.14583333333333334 0.24583333333333332 0.13368055555555555 0.25 0.125 0.25833333333333336 0.1267361111111111
0 0.2375 0.4791666666666667 0.24722222222222223 0.4913194444444444 0.24722222222222223 0.5069444444444444 0.24305555555555555 0.5190972222222222 0.2361111111111111 0.5243055555555556 0.225 0.5225694444444444 0.21666666666666667 0.5121527777777778 0.21666666666666667 0.4965277777777778 0.21944444444444444 0.4861111111111111 0.2263888888888889 0.4791666666666667 0.2361111111111111 0.4791666666666667
0 0.3277777777777778 0.5052083333333334 0.3416666666666667 0.5190972222222222 0.34444444444444444 0.5277777777777778 0.34305555555555556 0.5329861111111112 0.3402777777777778 0.5364583333333334 0.3277777777777778 0.5364583333333334 0.32083333333333336 0.5295138888888888 0.3194444444444444 0.515625 0.3263888888888889 0.5069444444444444
0 0.7763888888888889 0.34375 0.7833333333333333 0.3489583333333333 0.7847222222222222 0.3541666666666667 0.7833333333333333 0.3663194444444444 0.7805555555555556 0.3680555555555556 0.7763888888888889 0.3680555555555556 0.7680555555555556 0.3611111111111111 0.7680555555555556 0.3454861111111111 0.775 0.34375
0 0.7916666666666666 0.3663194444444444 0.7958333333333333 0.3715277777777778 0.7958333333333333 0.3888888888888889 0.7930555555555555 0.3940972222222222 0.7888888888888889 0.3958333333333333 0.7791666666666667 0.390625 0.7791666666666667 0.3697916666666667 0.7847222222222222 0.3645833333333333 0.7902777777777777 0.3663194444444444
0 0.4263888888888889 0.7256944444444444 0.4305555555555556 0.7291666666666666 0.4305555555555556 0.7395833333333334 0.4263888888888889 0.7430555555555556 0.4236111111111111 0.7430555555555556 0.41805555555555557 0.7361111111111112 0.41805555555555557 0.7274305555555556 0.425 0.7256944444444444
0 0.8125 0.8940972222222222 0.016666666666666666 0.024305555555555556
0 0.23958333333333334 0.8784722222222222 0.02638888888888889 0.034722222222222224
0 0.5645833333333333 0.8602430555555556 0.02638888888888889 0.019097222222222224
0 0.4652777777777778 0.024305555555555556 0.475 0.022569444444444444 0.48055555555555557 0.026041666666666668 0.48333333333333334 0.03125 0.48194444444444445 0.04861111111111111 0.4777777777777778 0.052083333333333336 0.46944444444444444 0.05381944444444445 0.4625 0.046875 0.46111111111111114 0.03819444444444445 0.4625 0.029513888888888888 0.4652777777777778 0.026041666666666668
0 0.3416666666666667 0.7118055555555556 0.3458333333333333 0.7239583333333334 0.3402777777777778 0.734375 0.3347222222222222 0.734375 0.33194444444444443 0.7256944444444444 0.3333333333333333 0.7135416666666666 0.3375 0.7100694444444444 0.3402777777777778 0.7118055555555556