0 0.40625 0.4105902777777778 0.020833333333333332 0.029513888888888888
0 0.25416666666666665 0.1076388888888889 0.2611111111111111 0.11284722222222222 0.2625 0.1284722222222222 0.25833333333333336 0.13368055555555555 0.24722222222222223 0.1388888888888889 0.24305555555555555 0.1388888888888889 0.24027777777777778 0.13541666666666666 0.24027777777777778 0.12152777777777778 0.24583333333333332 0.109375 0.25277777777777777 0.1076388888888889
0 0.5875 0.4045138888888889 0.5902777777777778 0.4079861111111111 0.5888888888888889 0.4201388888888889 0.5847222222222223 0.4270833333333333 0.5805555555555556 0.4288194444444444 0.5722222222222222 0.4236111111111111 0.5722222222222222 0.4149305555555556 0.5763888888888888 0.40625 0.5861111111111111 0.4045138888888889
0 0.6472222222222223 0.5243055555555556 0.6569444444444444 0.5225694444444444 0.6625 0.5295138888888888 0.6611111111111111 0.5451388888888888 0.6569444444444444 0.5486111111111112 0.6513888888888889 0.5486111111111112 0.6458333333333334 0.5434027777777778 0.6472222222222223 0.5260416666666666
0 0.5819444444444445 0.7864583333333334 0.5888888888888889 0.7934027777777778 0.5916666666666667 0.8003472222222222 0.5916666666666667 0.8072916666666666 0.5888888888888889 0.8107638888888888 0.5763888888888888 0.8107638888888888 0.5708333333333333 0.8020833333333334 0.5708333333333333 0.7881944444444444 0.5805555555555556 0.7864583333333334
0 0.11388888888888889 0.125 0.12083333333333333 0.13194444444444445 0.12222222222222222 0.1371527777777778 0.12222222222222222 0.14756944444444445 0.11527777777777778 0.15625 0.10972222222222222 0.1527777777777778 0.10555555555555556 0.140625 0.10694444444444444 0.13020833333333334 0.1125 0.125
0 0.2861111111111111 0.8871527777777778 0.29444444444444445 0.8888888888888888 0.3 0.8975694444444444 0.3 0.9114583333333334 0.2986111111111111 0.9149305555555556 0.29305555555555557 0.9166666666666666 0.2875 0.9097222222222222 0.2861111111111111 0.8888888888888888
0 0.6152777777777778 0.006944444444444444 0.625 0.010416666666666666 0.6319444444444444 0.015625 0.6319444444444444 0.019097222222222224 0.6138888888888889 0.029513888888888888 0.6013888888888889 0.027777777777777776 0.5986111111111111 0.019097222222222224 0.5986111111111111 0.010416666666666666 0.6013888888888889 0.006944444444444444 0.6138888888888889 0.006944444444444444
0 0.8763888888888889 0.5399305555555556 0.8861111111111111 0.5555555555555556 0.8861111111111111 0.5694444444444444 0.8819444444444444 0.5746527777777778 0.8777777777777778 0.5729166666666666 0.8708333333333333 0.5642361111111112 0.8694444444444445 0.5590277777777778 0.8694444444444445 0.5416666666666666 0.875 0.5399305555555556
0 0.7013888888888888 0.4392361111111111 0.7125 0.4409722222222222 0.7194444444444444 0.4479166666666667 0.7208333333333333 0.4583333333333333 0.7152777777777778 0.4635416666666667 0.7097222222222223 0.4635416666666667 0.7013888888888888 0.4548611111111111 0.6972222222222222 0.4461805555555556 0.6972222222222222 0.4409722222222222 0.7 0.4392361111111111
0 0.5145833333333333 0.7934027777777778 0.020833333333333332 0.027777777777777776
0 0.9319444444444445 0.11458333333333333 0.9347222222222222 0.11805555555555555 0.9347222222222222 0.14930555555555555 0.9305555555555556 0.16145833333333334 0.925 0.16493055555555555 0.9208333333333333 0.1597222222222222 0.9208333333333333 0.1388888888888889 0.9305555555555556 0.11631944444444445
0 0.7305555555555555 0.2152777777777778 0.7472222222222222 0.2465277777777778 0.7472222222222222 0.2621527777777778 0.7430555555555556 0.2673611111111111 0.7347222222222223 0.2638888888888889 0.7263888888888889 0.2517361111111111 0.7236111111111111 0.24131944444444445 0.7236111111111111 0.2222222222222222 0.7291666666666666 0.2152777777777778
0 0.20277777777777778 0.7569444444444444 0.22083333333333333 0.7552083333333334 0.22361111111111112 0.7586805555555556 0.22361111111111112 0.765625 0.2152777777777778 0.7760416666666666 0.2013888888888889 0.7743055555555556 0.20277777777777778 0.7586805555555556
0 0.059722222222222225 0.8524305555555556 0.0625 0.8611111111111112 0.06111111111111111 0.8715277777777778 0.05694444444444444 0.8871527777777778 0.05277777777777778 0.890625 0.04583333333333333 0.8888888888888888 0.044444444444444446 0.8767361111111112 0.04861111111111111 0.8645833333333334 0.058333333333333334 0.8524305555555556
0 0.6430555555555556 0.8402777777777778 0.65 0.84375 0.6513888888888889 0.8472222222222222 0.6486111111111111 0.859375 0.6388888888888888 0.8645833333333334 0.6333333333333333 0.8628472222222222 0.6291666666666667 0.8576388888888888 0.6291666666666667 0.8524305555555556 0.6319444444444444 0.8472222222222222 0.6375 0.8420138888888888 0.6416666666666667 0.8420138888888888
0 0.8541666666666666 0.4444444444444444 0.8625 0.4444444444444444 0.8722222222222222 0.4496527777777778 0.8777777777777778 0.4583333333333333 0.8763888888888889 0.4722222222222222 0.8680555555555556 0.4739583333333333 0.8583333333333333 0.4635416666666667 0.8541666666666666 0.4461805555555556
0 0.8388888888888889 0.057291666666666664 0.8458333333333333 0.06597222222222222 0.8458333333333333 0.08506944444444445 0.8416666666666667 0.0954861111111111 0.8305555555555556 0.09375 0.8236111111111111 0.08333333333333333 0.8236111111111111 0.06770833333333333 0.8305555555555556 0.059027777777777776 0.8375 0.057291666666666664
0 0.9277777777777778 0.7048611111111112 0.9333333333333333 0.71875 0.9333333333333333 0.7361111111111112 0.9319444444444445 0.7447916666666666 0.9291666666666667 0.7482638888888888 0.9208333333333333 0.7430555555555556 0.9166666666666666 0.7274305555555556 0.9180555555555555 0.7065972222222222 0.9208333333333333 0.703125 0.9263888888888889 0.7048611111111112
0 0.93125 0.6857638888888888 0.020833333333333332 0.024305555555555556