0 0.2263888888888889 0.7395833333333334 0.2361111111111111 0.7447916666666666 0.2361111111111111 0.75 0.23333333333333334 0.7552083333333334 0.225 0.7604166666666666 0.21944444444444444 0.7604166666666666 0.21388888888888888 0.7552083333333334 0.2152777777777778 0.7430555555555556 0.225 0.7395833333333334
0 0.5944444444444444 0.7899305555555556 0.5986111111111111 0.796875 0.5986111111111111 0.8072916666666666 0.5944444444444444 0.8107638888888888 0.5847222222222223 0.8107638888888888 0.5805555555555556 0.8055555555555556 0.5805555555555556 0.7934027777777778 0.5875 0.7881944444444444 0.5930555555555556 0.7899305555555556
0 0.5333333333333333 0.7708333333333334 0.5347222222222222 0.7829861111111112 0.5291666666666667 0.7951388888888888 0.525 0.7986111111111112 0.5166666666666667 0.796875 0.5152777777777777 0.7847222222222222 0.5222222222222223 0.7743055555555556 0.5319444444444444 0.7708333333333334
0 0.6486111111111111 0.008680555555555556 0.6541666666666667 0.010416666666666666 0.6583333333333333 0.015625 0.6583333333333333 0.019097222222222224 0.6513888888888889 0.026041666666666668 0.6388888888888888 0.03298611111111111 0.6305555555555555 0.027777777777777776 0.6291666666666667 0.015625 0.6347222222222222 0.008680555555555556 0.6472222222222223 0.008680555555555556
0 0.7180555555555556 0.4409722222222222 0.725 0.4513888888888889 0.725 0.4600694444444444 0.7222222222222222 0.4635416666666667 0.7152777777777778 0.4635416666666667 0.7083333333333334 0.4548611111111111 0.7041666666666667 0.4444444444444444 0.7055555555555556 0.4392361111111111 0.7166666666666667 0.4409722222222222
0 0.2902777777777778 0.0954861111111111 0.29583333333333334 0.10416666666666667 0.29583333333333334 0.11631944444444445 0.2861111111111111 0.1232638888888889 0.2763888888888889 0.11979166666666667 0.275 0.1076388888888889 0.28194444444444444 0.0954861111111111 0.28888888888888886 0.0954861111111111
0 0.43333333333333335 0.3975694444444444 0.43472222222222223 0.40625 0.43194444444444446 0.4149305555555556 0.4263888888888889 0.421875 0.42083333333333334 0.4236111111111111 0.40555555555555556 0.421875 0.4041666666666667 0.4097222222222222 0.41388888888888886 0.4010416666666667 0.43194444444444446 0.3975694444444444
0 0.6736111111111112 0.5260416666666666 0.6791666666666667 0.5329861111111112 0.6791666666666667 0.5416666666666666 0.6736111111111112 0.5503472222222222 0.6680555555555555 0.5503472222222222 0.6638888888888889 0.5451388888888888 0.6652777777777777 0.5277777777777778 0.6722222222222223 0.5260416666666666
0 0.6527777777777778 0.4965277777777778 0.6611111111111111 0.5017361111111112 0.6611111111111111 0.5121527777777778 0.6555555555555556 0.5190972222222222 0.6458333333333334 0.5173611111111112 0.6402777777777777 0.5086805555555556 0.6402777777777777 0.5034722222222222 0.6430555555555556 0.4982638888888889 0.6513888888888889 0.4965277777777778
0 0.7333333333333333 0.22743055555555555 0.7472222222222222 0.24479166666666666 0.7472222222222222 0.2621527777777778 0.7416666666666667 0.2673611111111111 0.7333333333333333 0.2638888888888889 0.7236111111111111 0.2465277777777778 0.725 0.2309027777777778 0.7277777777777777 0.22743055555555555 0.7319444444444444 0.22743055555555555
0 0.14027777777777778 0.109375 0.14444444444444443 0.11979166666666667 0.14583333333333334 0.13194444444444445 0.14444444444444443 0.1371527777777778 0.1375 0.1423611111111111 0.12916666666666668 0.13541666666666666 0.12916666666666668 0.11979166666666667 0.13472222222222222 0.109375 0.1388888888888889 0.109375
0 0.9041666666666667 0.5381944444444444 0.9111111111111111 0.5486111111111112 0.9111111111111111 0.5642361111111112 0.9083333333333333 0.5659722222222222 0.9013888888888889 0.5642361111111112 0.8958333333333334 0.5555555555555556 0.8958333333333334 0.5381944444444444 0.8986111111111111 0.5347222222222222 0.9027777777777778 0.5381944444444444
0 0.6847222222222222 0.8246527777777778 0.6930555555555555 0.8298611111111112 0.6916666666666667 0.84375 0.6888888888888889 0.8472222222222222 0.6805555555555556 0.8472222222222222 0.6736111111111112 0.8420138888888888 0.6722222222222223 0.8385416666666666 0.6736111111111112 0.8315972222222222 0.6791666666666667 0.8263888888888888 0.6833333333333333 0.8263888888888888
0 0.8736111111111111 0.003472222222222222 0.8777777777777778 0 0.8875 0 0.8944444444444445 0.010416666666666666 0.8944444444444445 0.022569444444444444 0.8902777777777777 0.03298611111111111 0.8861111111111111 0.036458333333333336 0.8805555555555555 0.036458333333333336 0.8694444444444445 0.022569444444444444 0.8694444444444445 0.012152777777777778 0.8736111111111111 0.005208333333333333
0 0.6958333333333333 0.4982638888888889 0.7027777777777777 0.5052083333333334 0.7041666666666667 0.5121527777777778 0.7027777777777777 0.5190972222222222 0.6944444444444444 0.5190972222222222 0.6875 0.5121527777777778 0.6888888888888889 0.5034722222222222 0.6944444444444444 0.4982638888888889
0 0.8694444444444445 0.4496527777777778 0.8763888888888889 0.4565972222222222 0.8777777777777778 0.4618055555555556 0.8763888888888889 0.4704861111111111 0.8694444444444445 0.4739583333333333 0.8611111111111112 0.4652777777777778 0.8569444444444444 0.4565972222222222 0.8583333333333333 0.4461805555555556 0.8680555555555556 0.4496527777777778
0 0.08055555555555556 0.9375 0.08611111111111111 0.9409722222222222 0.09027777777777778 0.9513888888888888 0.09305555555555556 0.9670138888888888 0.09305555555555556 0.9809027777777778 0.09027777777777778 0.984375 0.08055555555555556 0.9809027777777778 0.07777777777777778 0.9739583333333334 0.07777777777777778 0.9479166666666666 0.08055555555555556 0.9392361111111112
0 0.5666666666666667 0.9357638888888888 0.5722222222222222 0.9357638888888888 0.5763888888888888 0.9409722222222222 0.5763888888888888 0.9496527777777778 0.5736111111111111 0.953125 0.5666666666666667 0.953125 0.5652777777777778 0.9496527777777778 0.5666666666666667 0.9375