0 0.4263888888888889 0.4010416666666667 0.4305555555555556 0.4045138888888889 0.4305555555555556 0.4131944444444444 0.42777777777777776 0.4201388888888889 0.4222222222222222 0.4253472222222222 0.40694444444444444 0.4236111111111111 0.4041666666666667 0.4131944444444444 0.4125 0.4027777777777778 0.425 0.4010416666666667
0 0.2708333333333333 0.10069444444444445 0.28055555555555556 0.09895833333333333 0.2875 0.10590277777777778 0.2861111111111111 0.12152777777777778 0.27361111111111114 0.13020833333333334 0.26805555555555555 0.13020833333333334 0.26666666666666666 0.1111111111111111 0.2708333333333333 0.10243055555555555
0 0.5888888888888889 0.8003472222222222 0.022222222222222223 0.024305555555555556
0 0.6347222222222222 0.4878472222222222 0.6402777777777777 0.4913194444444444 0.6430555555555556 0.4965277777777778 0.6430555555555556 0.5086805555555556 0.6402777777777777 0.5104166666666666 0.6319444444444444 0.5104166666666666 0.6291666666666667 0.5086805555555556 0.6263888888888889 0.5017361111111112 0.6263888888888889 0.4913194444444444 0.6291666666666667 0.4878472222222222 0.6333333333333333 0.4878472222222222
0 0.6736111111111112 0.5277777777777778 0.675 0.5451388888888888 0.6708333333333333 0.5503472222222222 0.6597222222222222 0.5486111111111112 0.6583333333333333 0.5347222222222222 0.6597222222222222 0.5295138888888888 0.6638888888888889 0.5260416666666666 0.6722222222222223 0.5277777777777778
0 0.1326388888888889 0.1293402777777778 0.018055555555555554 0.03298611111111111
0 0.07083333333333333 0.8888888888888888 0.075 0.8923611111111112 0.075 0.8993055555555556 0.06944444444444445 0.9079861111111112 0.06111111111111111 0.9149305555555556 0.05694444444444444 0.9149305555555556 0.05 0.9079861111111112 0.05 0.8993055555555556 0.05555555555555555 0.8923611111111112 0.0625 0.8888888888888888 0.06944444444444445 0.8888888888888888
0 0.6986111111111111 0.4375 0.7055555555555556 0.4357638888888889 0.7152777777777778 0.4392361111111111 0.7208333333333333 0.4444444444444444 0.7236111111111111 0.4513888888888889 0.7236111111111111 0.4565972222222222 0.7208333333333333 0.4618055555555556 0.7125 0.4618055555555556 0.7027777777777777 0.4513888888888889 0.6986111111111111 0.4392361111111111
0 0.2111111111111111 0.7517361111111112 0.2125 0.7465277777777778 0.21944444444444444 0.7413194444444444 0.23333333333333334 0.7430555555555556 0.2361111111111111 0.75 0.22361111111111112 0.7621527777777778 0.2152777777777778 0.7621527777777778 0.2125 0.7586805555555556 0.2125 0.7534722222222222
0 0.5222222222222223 0.7864583333333334 0.022222222222222223 0.027777777777777776
0 0.8958333333333334 0.5364583333333334 0.9041666666666667 0.546875 0.9069444444444444 0.5555555555555556 0.9069444444444444 0.5642361111111112 0.9013888888888889 0.5694444444444444 0.8958333333333334 0.5677083333333334 0.8916666666666667 0.5625 0.8888888888888888 0.5538194444444444 0.8888888888888888 0.5381944444444444 0.8944444444444445 0.5364583333333334
0 0.8347222222222223 0.1736111111111111 0.8444444444444444 0.1684027777777778 0.8472222222222222 0.1753472222222222 0.8444444444444444 0.19444444444444445 0.8375 0.203125 0.8305555555555556 0.1996527777777778 0.8305555555555556 0.18229166666666666 0.8347222222222223 0.1753472222222222
0 0.05625 0.6345486111111112 0.029166666666666667 0.019097222222222224
0 0.6527777777777778 0.010416666666666666 0.6555555555555556 0.013888888888888888 0.6555555555555556 0.019097222222222224 0.6375 0.03125 0.625 0.029513888888888888 0.6222222222222222 0.020833333333333332 0.6236111111111111 0.012152777777777778 0.6263888888888889 0.008680555555555556 0.6333333333333333 0.006944444444444444 0.6513888888888889 0.010416666666666666
0 0.6777777777777778 0.8298611111111112 0.6847222222222222 0.8350694444444444 0.6847222222222222 0.8472222222222222 0.6791666666666667 0.8541666666666666 0.6555555555555556 0.8541666666666666 0.6458333333333334 0.8472222222222222 0.6472222222222223 0.8402777777777778 0.6625 0.8368055555555556 0.6694444444444444 0.8315972222222222 0.6763888888888889 0.8298611111111112
0 0.8541666666666666 0.4461805555555556 0.8583333333333333 0.4444444444444444 0.8666666666666667 0.4479166666666667 0.875 0.453125 0.8777777777777778 0.4600694444444444 0.8777777777777778 0.4704861111111111 0.875 0.4739583333333333 0.8694444444444445 0.4739583333333333 0.8625 0.46875 0.8583333333333333 0.4618055555555556 0.8541666666666666 0.4479166666666667
0 0.9486111111111111 0.140625 0.9527777777777777 0.1388888888888889 0.9541666666666667 0.14930555555555555 0.9541666666666667 0.1597222222222222 0.9527777777777777 0.16493055555555555 0.95 0.16493055555555555 0.9472222222222222 0.1597222222222222 0.9486111111111111 0.1423611111111111
0 0.725 0.22743055555555555 0.7277777777777777 0.22569444444444445 0.7347222222222223 0.22743055555555555 0.7472222222222222 0.24479166666666666 0.7458333333333333 0.2638888888888889 0.7444444444444445 0.265625 0.7347222222222223 0.2638888888888889 0.7263888888888889 0.2534722222222222 0.7236111111111111 0.2465277777777778 0.725 0.22916666666666666
0 0.8902777777777777 0.953125 0.8930555555555556 0.9600694444444444 0.8916666666666667 0.9774305555555556 0.8902777777777777 0.984375 0.8847222222222222 0.9913194444444444 0.875 0.9913194444444444 0.8722222222222222 0.9861111111111112 0.8722222222222222 0.9774305555555556 0.8791666666666667 0.9565972222222222 0.8819444444444444 0.953125 0.8888888888888888 0.953125
0 0.8791666666666667 0.8611111111111112 0.8763888888888889 0.8559027777777778 0.8763888888888889 0.8385416666666666 0.8791666666666667 0.8315972222222222 0.8958333333333334 0.8211805555555556 0.9 0.8211805555555556 0.9055555555555556 0.828125 0.9041666666666667 0.8576388888888888 0.8986111111111111 0.8663194444444444 0.8930555555555556 0.8680555555555556 0.8861111111111111 0.8663194444444444 0.8805555555555555 0.8611111111111112
0 0.8791666666666667 0.013888888888888888 0.8861111111111111 0.022569444444444444 0.8875 0.034722222222222224 0.8833333333333333 0.046875 0.875 0.05381944444444445 0.8694444444444445 0.05381944444444445 0.8652777777777778 0.04861111111111111 0.8611111111111112 0.03298611111111111 0.8680555555555556 0.015625 0.8777777777777778 0.013888888888888888
0 0.6791666666666667 0.4895833333333333 0.6972222222222222 0.5069444444444444 0.6986111111111111 0.5173611111111112 0.6958333333333333 0.5208333333333334 0.6875 0.5208333333333334 0.6694444444444444 0.5086805555555556 0.6652777777777777 0.4982638888888889 0.6652777777777777 0.4930555555555556 0.6680555555555555 0.4895833333333333 0.6777777777777778 0.4895833333333333
0 0.8708333333333333 0.7934027777777778 0.8791666666666667 0.7986111111111112 0.8819444444444444 0.8072916666666666 0.8694444444444445 0.8229166666666666 0.8597222222222223 0.8229166666666666 0.8555555555555555 0.8211805555555556 0.8527777777777777 0.8159722222222222 0.8541666666666666 0.8055555555555556 0.8638888888888889 0.7951388888888888 0.8694444444444445 0.7934027777777778
0 0.5708333333333333 0.9340277777777778 0.5763888888888888 0.9392361111111112 0.575 0.953125 0.5666666666666667 0.953125 0.5652777777777778 0.9496527777777778 0.5652777777777778 0.9392361111111112 0.5694444444444444 0.9340277777777778
0 0.3215277777777778 0.7013888888888888 0.020833333333333332 0.017361111111111112
0 0.6513888888888889 0.5416666666666666 0.6541666666666667 0.5451388888888888 0.6513888888888889 0.5729166666666666 0.6458333333333334 0.5815972222222222 0.6402777777777777 0.5850694444444444 0.6347222222222222 0.5815972222222222 0.6319444444444444 0.5659722222222222 0.6388888888888888 0.5486111111111112 0.6430555555555556 0.5434027777777778 0.65 0.5416666666666666
0 0.9513888888888888 0.6701388888888888 0.9541666666666667 0.671875 0.9527777777777777 0.7065972222222222 0.95 0.6892361111111112 0.9513888888888888 0.671875
0 0.6541666666666667 0.4722222222222222 0.6583333333333333 0.4774305555555556 0.6611111111111111 0.4878472222222222 0.6583333333333333 0.4913194444444444 0.6513888888888889 0.4895833333333333 0.6472222222222223 0.484375 0.6458333333333334 0.4791666666666667 0.6472222222222223 0.4739583333333333 0.6527777777777778 0.4722222222222222