0 0.5888888888888889 0.7881944444444444 0.5944444444444444 0.7916666666666666 0.5986111111111111 0.8003472222222222 0.6 0.8055555555555556 0.5958333333333333 0.8107638888888888 0.5833333333333334 0.8107638888888888 0.5805555555555556 0.8090277777777778 0.5777777777777777 0.8020833333333334 0.5777777777777777 0.7916666666666666 0.5805555555555556 0.7881944444444444 0.5875 0.7881944444444444
0 0.41875 0.4131944444444444 0.029166666666666667 0.024305555555555556
0 0.28055555555555556 0.09722222222222222 0.2861111111111111 0.10069444444444445 0.28888888888888886 0.1111111111111111 0.2861111111111111 0.11979166666666667 0.275 0.1284722222222222 0.26805555555555555 0.1284722222222222 0.26666666666666666 0.11284722222222222 0.2708333333333333 0.10069444444444445 0.275 0.09722222222222222 0.2791666666666667 0.09722222222222222
0 0.5319444444444444 0.7743055555555556 0.5333333333333333 0.7864583333333334 0.5291666666666667 0.7986111111111112 0.5263888888888889 0.8003472222222222 0.5152777777777777 0.7986111111111112 0.5125 0.7951388888888888 0.5125 0.7847222222222222 0.5236111111111111 0.7743055555555556 0.5277777777777778 0.7725694444444444 0.5305555555555556 0.7743055555555556
0 0.225 0.7395833333333334 0.23333333333333334 0.7430555555555556 0.2361111111111111 0.7482638888888888 0.23194444444444445 0.7552083333333334 0.2222222222222222 0.7621527777777778 0.2152777777777778 0.7621527777777778 0.2111111111111111 0.7552083333333334 0.2111111111111111 0.7482638888888888 0.21666666666666667 0.7395833333333334 0.22361111111111112 0.7395833333333334
0 0.1361111111111111 0.11284722222222222 0.14166666666666666 0.12152777777777778 0.14166666666666666 0.13541666666666666 0.1361111111111111 0.1440972222222222 0.12916666666666668 0.1440972222222222 0.12361111111111112 0.13368055555555555 0.125 0.11805555555555555 0.13194444444444445 0.1111111111111111 0.13472222222222222 0.11284722222222222
0 0.9 0.5381944444444444 0.9069444444444444 0.5486111111111112 0.9083333333333333 0.5555555555555556 0.9083333333333333 0.5607638888888888 0.9041666666666667 0.5677083333333334 0.8972222222222223 0.5677083333333334 0.8902777777777777 0.5555555555555556 0.8888888888888888 0.5381944444444444 0.8916666666666667 0.5347222222222222 0.8958333333333334 0.5347222222222222 0.8986111111111111 0.5381944444444444
0 0.6722222222222223 0.5260416666666666 0.675 0.5295138888888888 0.6763888888888889 0.5416666666666666 0.675 0.546875 0.6708333333333333 0.5503472222222222 0.6625 0.5503472222222222 0.6583333333333333 0.5416666666666666 0.6597222222222222 0.53125 0.6638888888888889 0.5260416666666666 0.6708333333333333 0.5260416666666666
0 0.7013888888888888 0.4340277777777778 0.7194444444444444 0.4409722222222222 0.7263888888888889 0.453125 0.7263888888888889 0.4600694444444444 0.7152777777777778 0.4618055555555556 0.7097222222222223 0.4583333333333333 0.6986111111111111 0.4427083333333333 0.6986111111111111 0.4357638888888889 0.7 0.4357638888888889
0 0.6388888888888888 0.4982638888888889 0.6430555555555556 0.5034722222222222 0.6458333333333334 0.5121527777777778 0.6458333333333334 0.5243055555555556 0.6430555555555556 0.5277777777777778 0.6361111111111111 0.5277777777777778 0.6319444444444444 0.5190972222222222 0.6305555555555555 0.4982638888888889 0.6319444444444444 0.4965277777777778 0.6375 0.4982638888888889
0 0.8277777777777777 0.16319444444444445 0.8347222222222223 0.1597222222222222 0.8444444444444444 0.1597222222222222 0.8472222222222222 0.16319444444444445 0.8444444444444444 0.18055555555555555 0.8402777777777778 0.1857638888888889 0.8291666666666667 0.1857638888888889 0.8263888888888888 0.18229166666666666 0.8277777777777777 0.16493055555555555
0 0.6680555555555555 0.8420138888888888 0.03611111111111111 0.020833333333333332
0 0.8680555555555556 0.4479166666666667 0.8777777777777778 0.4600694444444444 0.8763888888888889 0.4739583333333333 0.8694444444444445 0.4739583333333333 0.8638888888888889 0.4704861111111111 0.8527777777777777 0.4479166666666667 0.8541666666666666 0.4444444444444444 0.8611111111111112 0.4444444444444444 0.8666666666666667 0.4479166666666667
0 0.9486111111111111 0.6762152777777778 0.011111111111111112 0.03298611111111111
0 0.7319444444444444 0.22569444444444445 0.7388888888888889 0.2309027777777778 0.7472222222222222 0.24305555555555555 0.7486111111111111 0.2517361111111111 0.7472222222222222 0.2621527777777778 0.7416666666666667 0.2673611111111111 0.7347222222222223 0.2638888888888889 0.7263888888888889 0.2534722222222222 0.7236111111111111 0.2465277777777778 0.7236111111111111 0.2309027777777778 0.7263888888888889 0.22569444444444445 0.7305555555555555 0.22569444444444445
0 0.8736111111111111 0.010416666666666666 0.8805555555555555 0.013888888888888888 0.8861111111111111 0.022569444444444444 0.8847222222222222 0.03993055555555555 0.8722222222222222 0.052083333333333336 0.8638888888888889 0.041666666666666664 0.8625 0.024305555555555556 0.8652777777777778 0.017361111111111112 0.8694444444444445 0.012152777777777778 0.8722222222222222 0.012152777777777778
0 0.04583333333333333 0.6119791666666666 0.011111111111111112 0.029513888888888888
0 0.06388888888888888 0.890625 0.06666666666666667 0.8923611111111112 0.06805555555555555 0.8975694444444444 0.06388888888888888 0.9253472222222222 0.05277777777777778 0.9305555555555556 0.04861111111111111 0.9270833333333334 0.04722222222222222 0.921875 0.04861111111111111 0.9097222222222222 0.05277777777777778 0.8993055555555556 0.059722222222222225 0.8923611111111112 0.0625 0.8923611111111112
0 0.9013888888888889 0.8211805555555556 0.9055555555555556 0.8263888888888888 0.9069444444444444 0.8385416666666666 0.9055555555555556 0.8559027777777778 0.8986111111111111 0.8663194444444444 0.8861111111111111 0.8663194444444444 0.8791666666666667 0.859375 0.8777777777777778 0.8385416666666666 0.8833333333333333 0.828125 0.8916666666666667 0.8229166666666666 0.9 0.8211805555555556
0 0.8833333333333333 0.9713541666666666 0.022222222222222223 0.03993055555555555
0 0.6791666666666667 0.4895833333333333 0.6958333333333333 0.5034722222222222 0.6986111111111111 0.5086805555555556 0.6986111111111111 0.5190972222222222 0.6958333333333333 0.5208333333333334 0.6888888888888889 0.5208333333333334 0.6708333333333333 0.5086805555555556 0.6680555555555555 0.5034722222222222 0.6666666666666666 0.4930555555555556 0.6708333333333333 0.4895833333333333 0.6777777777777778 0.4895833333333333
0 0.6333333333333333 0.005208333333333333 0.65 0.008680555555555556 0.6583333333333333 0.013888888888888888 0.6555555555555556 0.020833333333333332 0.6472222222222223 0.024305555555555556 0.6375 0.03298611111111111 0.6291666666666667 0.03298611111111111 0.625 0.029513888888888888 0.6236111111111111 0.024305555555555556 0.6236111111111111 0.012152777777777778 0.6319444444444444 0.005208333333333333
0 0.9527777777777777 0.1371527777777778 0.9541666666666667 0.15104166666666666 0.9527777777777777 0.16493055555555555 0.95 0.16319444444444445 0.9486111111111111 0.1579861111111111 0.9486111111111111 0.1423611111111111 0.9513888888888888 0.1388888888888889
0 0.8555555555555555 0.8020833333333334 0.8680555555555556 0.7934027777777778 0.8763888888888889 0.7951388888888888 0.8819444444444444 0.8020833333333334 0.8805555555555555 0.8142361111111112 0.8666666666666667 0.8229166666666666 0.8541666666666666 0.8194444444444444 0.8555555555555555 0.8038194444444444