0 0.23333333333333334 0.2048611111111111 0.23472222222222222 0.1892361111111111 0.2375 0.1857638888888889 0.2513888888888889 0.18229166666666666 0.2611111111111111 0.1840277777777778 0.25972222222222224 0.1909722222222222 0.2513888888888889 0.203125 0.24722222222222223 0.2065972222222222 0.23472222222222222 0.2048611111111111
0 0.49444444444444446 0.7491319444444444 0.019444444444444445 0.022569444444444444
0 0.4361111111111111 0.6918402777777778 0.019444444444444445 0.029513888888888888
0 0.4409722222222222 0.7300347222222222 0.020833333333333332 0.026041666666666668
0 0.47638888888888886 0.8958333333333334 0.48194444444444445 0.8993055555555556 0.48333333333333334 0.9027777777777778 0.48055555555555557 0.9131944444444444 0.47638888888888886 0.9184027777777778 0.4652777777777778 0.9184027777777778 0.4625 0.9131944444444444 0.4652777777777778 0.9010416666666666 0.4708333333333333 0.8958333333333334 0.475 0.8958333333333334
0 0.46944444444444444 0.7100694444444444 0.4736111111111111 0.7222222222222222 0.4736111111111111 0.734375 0.4708333333333333 0.7413194444444444 0.4625 0.75 0.45555555555555555 0.75 0.4513888888888889 0.7447916666666666 0.4513888888888889 0.71875 0.4527777777777778 0.7135416666666666 0.46111111111111114 0.7065972222222222 0.4652777777777778 0.7065972222222222 0.46805555555555556 0.7100694444444444
0 0.5013888888888889 0.9513888888888888 0.5041666666666667 0.9565972222222222 0.5027777777777778 0.9635416666666666 0.49166666666666664 0.9756944444444444 0.4875 0.9774305555555556 0.48055555555555557 0.9756944444444444 0.4791666666666667 0.9600694444444444 0.48333333333333334 0.9548611111111112 0.5 0.9513888888888888
0 0.45625 0.6432291666666666 0.015277777777777777 0.03298611111111111
0 0.24166666666666667 0.5989583333333334 0.25 0.6041666666666666 0.25277777777777777 0.6111111111111112 0.25277777777777777 0.6180555555555556 0.24722222222222223 0.6232638888888888 0.24305555555555555 0.6232638888888888 0.2361111111111111 0.6163194444444444 0.23472222222222222 0.6041666666666666 0.2361111111111111 0.6006944444444444 0.24027777777777778 0.5989583333333334
0 0.7083333333333334 0.8958333333333334 0.7180555555555556 0.8940972222222222 0.725 0.90625 0.725 0.9201388888888888 0.7152777777777778 0.921875 0.7083333333333334 0.9149305555555556 0.7069444444444445 0.9097222222222222 0.7083333333333334 0.8975694444444444
0 0.8486111111111111 0.2916666666666667 0.8513888888888889 0.2899305555555556 0.8555555555555555 0.2916666666666667 0.8611111111111112 0.3055555555555556 0.8597222222222223 0.3159722222222222 0.8541666666666666 0.3211805555555556 0.85 0.3194444444444444 0.8458333333333333 0.3125 0.8458333333333333 0.296875 0.8486111111111111 0.2934027777777778
0 0.5805555555555556 0.4652777777777778 0.5861111111111111 0.4652777777777778 0.5916666666666667 0.46875 0.6013888888888889 0.4861111111111111 0.6 0.4947916666666667 0.5916666666666667 0.4947916666666667 0.5861111111111111 0.4913194444444444 0.5791666666666667 0.4774305555555556 0.5805555555555556 0.4670138888888889
0 0.3236111111111111 0.7552083333333334 0.3277777777777778 0.7569444444444444 0.33194444444444443 0.7673611111111112 0.33055555555555555 0.7864583333333334 0.3277777777777778 0.7899305555555556 0.32222222222222224 0.7899305555555556 0.3194444444444444 0.7847222222222222 0.3194444444444444 0.7690972222222222 0.3236111111111111 0.7569444444444444
0 0.9180555555555555 0.3506944444444444 0.9208333333333333 0.3559027777777778 0.9208333333333333 0.3680555555555556 0.9152777777777777 0.3732638888888889 0.9013888888888889 0.3732638888888889 0.8986111111111111 0.3697916666666667 0.8986111111111111 0.3645833333333333 0.9097222222222222 0.3524305555555556 0.9166666666666666 0.3506944444444444
0 0.18194444444444444 0.5677083333333334 0.19583333333333333 0.5798611111111112 0.19722222222222222 0.5920138888888888 0.19444444444444445 0.5954861111111112 0.18472222222222223 0.5954861111111112 0.17777777777777778 0.5885416666666666 0.1736111111111111 0.578125 0.1736111111111111 0.5729166666666666 0.1763888888888889 0.5677083333333334 0.18055555555555555 0.5677083333333334
0 0.70625 0.22135416666666666 0.015277777777777777 0.036458333333333336
0 0.6708333333333333 0.5078125 0.016666666666666666 0.029513888888888888
0 0.39305555555555555 0.15625 0.4083333333333333 0.1579861111111111 0.4125 0.16145833333333334 0.4125 0.16493055555555555 0.40555555555555556 0.1684027777777778 0.3958333333333333 0.18055555555555555 0.3861111111111111 0.18055555555555555 0.37916666666666665 0.1753472222222222 0.37777777777777777 0.16666666666666666 0.38055555555555554 0.1597222222222222 0.39166666666666666 0.1579861111111111
0 0.25625 0.1345486111111111 0.015277777777777777 0.022569444444444444
0 0.8819444444444444 0.5104166666666666 0.8875 0.515625 0.8888888888888888 0.53125 0.8847222222222222 0.5364583333333334 0.8791666666666667 0.5364583333333334 0.875 0.5399305555555556 0.8652777777777778 0.5399305555555556 0.8625 0.5347222222222222 0.8611111111111112 0.5243055555555556 0.8652777777777778 0.5121527777777778 0.8805555555555555 0.5104166666666666
0 0.24583333333333332 0.4774305555555556 0.25416666666666665 0.4861111111111111 0.25555555555555554 0.4913194444444444 0.2513888888888889 0.5121527777777778 0.24583333333333332 0.5190972222222222 0.24166666666666667 0.5208333333333334 0.23055555555555557 0.5190972222222222 0.225 0.5121527777777778 0.2222222222222222 0.4982638888888889 0.22361111111111112 0.4861111111111111 0.22916666666666666 0.4774305555555556 0.23333333333333334 0.4756944444444444 0.24444444444444444 0.4774305555555556