0 0.40694444444444444 0.421875 0.4041666666666667 0.4149305555555556 0.40555555555555556 0.4097222222222222 0.4097222222222222 0.4045138888888889 0.4222222222222222 0.3993055555555556 0.43194444444444446 0.3993055555555556 0.43333333333333335 0.4027777777777778 0.43194444444444446 0.4149305555555556 0.425 0.4236111111111111 0.4083333333333333 0.421875
0 0.5944444444444444 0.7916666666666666 0.5986111111111111 0.8020833333333334 0.5958333333333333 0.8107638888888888 0.5847222222222223 0.8107638888888888 0.5805555555555556 0.8072916666666666 0.5791666666666667 0.8020833333333334 0.5791666666666667 0.7934027777777778 0.5819444444444445 0.7899305555555556 0.5930555555555556 0.7916666666666666
0 0.5319444444444444 0.7743055555555556 0.5347222222222222 0.7777777777777778 0.5347222222222222 0.7829861111111112 0.5291666666666667 0.7951388888888888 0.525 0.7986111111111112 0.5180555555555556 0.7986111111111112 0.5138888888888888 0.7916666666666666 0.5138888888888888 0.7864583333333334 0.5180555555555556 0.7777777777777778 0.5236111111111111 0.7743055555555556 0.5305555555555556 0.7743055555555556
0 0.23472222222222222 0.7430555555555556 0.2375 0.7447916666666666 0.2375 0.75 0.2263888888888889 0.7604166666666666 0.2152777777777778 0.7586805555555556 0.2125 0.7534722222222222 0.2125 0.7482638888888888 0.21666666666666667 0.7413194444444444 0.23333333333333334 0.7430555555555556
0 0.7041666666666667 0.4409722222222222 0.7166666666666667 0.4392361111111111 0.7236111111111111 0.4461805555555556 0.7263888888888889 0.453125 0.7263888888888889 0.4600694444444444 0.7222222222222222 0.4635416666666667 0.7180555555555556 0.4635416666666667 0.7097222222222223 0.4565972222222222 0.7041666666666667 0.4427083333333333
0 0.6291666666666667 0.010416666666666666 0.6472222222222223 0.008680555555555556 0.6541666666666667 0.012152777777777778 0.6569444444444444 0.017361111111111112 0.6402777777777777 0.03125 0.6333333333333333 0.03125 0.6277777777777778 0.026041666666666668 0.6291666666666667 0.012152777777777778
0 0.6736111111111112 0.5260416666666666 0.6763888888888889 0.5277777777777778 0.6791666666666667 0.5347222222222222 0.6777777777777778 0.5451388888888888 0.6736111111111112 0.5503472222222222 0.6680555555555555 0.5503472222222222 0.6625 0.5451388888888888 0.6638888888888889 0.53125 0.6680555555555555 0.5260416666666666 0.6722222222222223 0.5260416666666666
0 0.06736111111111111 0.9592013888888888 0.018055555555555554 0.036458333333333336
0 0.7333333333333333 0.22569444444444445 0.7472222222222222 0.2465277777777778 0.7472222222222222 0.2586805555555556 0.7416666666666667 0.2673611111111111 0.7375 0.2673611111111111 0.7305555555555555 0.2604166666666667 0.7236111111111111 0.24305555555555555 0.725 0.22916666666666666 0.7277777777777777 0.22569444444444445 0.7319444444444444 0.22569444444444445
0 0.8319444444444445 0.203125 0.8375 0.21006944444444445 0.8375 0.2222222222222222 0.8347222222222223 0.22916666666666666 0.8277777777777777 0.234375 0.8236111111111111 0.2309027777777778 0.8236111111111111 0.2152777777777778 0.8263888888888888 0.2065972222222222 0.8305555555555556 0.203125
0 0.8861111111111111 0.003472222222222222 0.8902777777777777 0.008680555555555556 0.8916666666666667 0.022569444444444444 0.8833333333333333 0.043402777777777776 0.8694444444444445 0.03125 0.8680555555555556 0.013888888888888888 0.8708333333333333 0.006944444444444444 0.875 0.003472222222222222 0.8847222222222222 0.003472222222222222
0 0.9027777777777778 0.5381944444444444 0.9083333333333333 0.5451388888888888 0.9111111111111111 0.5538194444444444 0.9083333333333333 0.5659722222222222 0.9013888888888889 0.5659722222222222 0.8972222222222223 0.5625 0.8944444444444445 0.5538194444444444 0.8930555555555556 0.5399305555555556 0.8958333333333334 0.5364583333333334 0.9013888888888889 0.5381944444444444
0 0.13472222222222222 0.1267361111111111 0.016666666666666666 0.03125
0 0.8625 0.4461805555555556 0.8763888888888889 0.4565972222222222 0.8777777777777778 0.46875 0.8736111111111111 0.4739583333333333 0.8666666666666667 0.4722222222222222 0.8583333333333333 0.4600694444444444 0.8555555555555555 0.4479166666666667 0.8611111111111112 0.4461805555555556
0 0.6520833333333333 0.5217013888888888 0.015277777777777777 0.029513888888888888
0 0.2861111111111111 0.09722222222222222 0.2916666666666667 0.10416666666666667 0.2916666666666667 0.11458333333333333 0.2875 0.11979166666666667 0.2777777777777778 0.11979166666666667 0.275 0.11631944444444445 0.2763888888888889 0.10069444444444445 0.28055555555555556 0.09722222222222222 0.2847222222222222 0.09722222222222222
0 0.6861111111111111 0.8298611111111112 0.6888888888888889 0.8333333333333334 0.6888888888888889 0.84375 0.6847222222222222 0.8489583333333334 0.6736111111111112 0.8489583333333334 0.6652777777777777 0.8420138888888888 0.6722222222222223 0.8333333333333334 0.6777777777777778 0.8298611111111112 0.6847222222222222 0.8298611111111112
0 0.6958333333333333 0.5 0.7013888888888888 0.5069444444444444 0.7013888888888888 0.5173611111111112 0.6986111111111111 0.5208333333333334 0.6888888888888889 0.5173611111111112 0.6861111111111111 0.5104166666666666 0.6875 0.5 0.6888888888888889 0.4982638888888889 0.6944444444444444 0.5
0 0.5701388888888889 0.9444444444444444 0.0125 0.017361111111111112
0 0.8861111111111111 0.9583333333333334 0.8930555555555556 0.9600694444444444 0.8916666666666667 0.9826388888888888 0.8847222222222222 0.9895833333333334 0.8791666666666667 0.9895833333333334 0.875 0.9861111111111112 0.8763888888888889 0.9704861111111112 0.8847222222222222 0.9600694444444444
0 0.9027777777777778 0.8194444444444444 0.9083333333333333 0.8263888888888888 0.9083333333333333 0.8524305555555556 0.9041666666666667 0.8628472222222222 0.8986111111111111 0.8663194444444444 0.8888888888888888 0.8645833333333334 0.8805555555555555 0.8559027777777778 0.8791666666666667 0.8402777777777778 0.8847222222222222 0.8298611111111112 0.9013888888888889 0.8194444444444444
0 0.043055555555555555 0.5989583333333334 0.04583333333333333 0.6076388888888888 0.043055555555555555 0.6354166666666666 0.04027777777777778 0.6336805555555556 0.04027777777777778 0.6024305555555556 0.041666666666666664 0.6006944444444444
0 0.9527777777777777 0.6545138888888888 0.9541666666666667 0.6649305555555556 0.9527777777777777 0.6857638888888888 0.9486111111111111 0.6753472222222222 0.9486111111111111 0.65625 0.9513888888888888 0.6545138888888888
0 0.8930555555555556 0.9513888888888888 0.8958333333333334 0.9548611111111112 0.8958333333333334 0.9618055555555556 0.8902777777777777 0.96875 0.8819444444444444 0.9670138888888888 0.8819444444444444 0.9565972222222222 0.8847222222222222 0.9513888888888888 0.8888888888888888 0.9496527777777778 0.8916666666666667 0.9513888888888888
0 0.6388888888888888 0.5486111111111112 0.6472222222222223 0.5416666666666666 0.6513888888888889 0.5416666666666666 0.6541666666666667 0.5486111111111112 0.6513888888888889 0.5711805555555556 0.6402777777777777 0.5850694444444444 0.6347222222222222 0.5815972222222222 0.6319444444444444 0.5729166666666666 0.6333333333333333 0.5590277777777778 0.6388888888888888 0.5503472222222222
0 0.7722222222222223 0.07118055555555555 0.7736111111111111 0.08506944444444445 0.7694444444444445 0.09027777777777778 0.7638888888888888 0.08680555555555555 0.7611111111111111 0.0798611111111111 0.7611111111111111 0.07291666666666667 0.7652777777777777 0.06944444444444445 0.7708333333333334 0.07118055555555555
0 0.3125 0.7048611111111112 0.3125 0.6979166666666666 0.32222222222222224 0.6927083333333334 0.33194444444444443 0.6927083333333334 0.3347222222222222 0.6961805555555556 0.3347222222222222 0.7048611111111112 0.3263888888888889 0.7100694444444444 0.3138888888888889 0.7048611111111112
0 0.6361111111111111 0.8229166666666666 0.6444444444444445 0.8315972222222222 0.6444444444444445 0.8402777777777778 0.6361111111111111 0.8420138888888888 0.6333333333333333 0.8385416666666666 0.6319444444444444 0.8263888888888888 0.6347222222222222 0.8246527777777778
0 0.12638888888888888 0.515625 0.13055555555555556 0.5208333333333334 0.13055555555555556 0.5277777777777778 0.12916666666666668 0.53125 0.11805555555555555 0.5399305555555556 0.1125 0.5399305555555556 0.10972222222222222 0.5329861111111112 0.11805555555555555 0.5225694444444444 0.12083333333333333 0.515625 0.125 0.515625
0 0.6722222222222223 0.4895833333333333 0.6791666666666667 0.4878472222222222 0.6875 0.4947916666666667 0.6847222222222222 0.5104166666666666 0.6819444444444445 0.5121527777777778 0.6736111111111112 0.5069444444444444 0.6708333333333333 0.5 0.6722222222222223 0.4913194444444444