0 0.28194444444444444 0.09895833333333333 0.2875 0.10590277777777778 0.28888888888888886 0.1111111111111111 0.2875 0.11805555555555555 0.2847222222222222 0.1232638888888889 0.2708333333333333 0.13194444444444445 0.2652777777777778 0.1284722222222222 0.2652777777777778 0.11631944444444445 0.26805555555555555 0.10590277777777778 0.27361111111111114 0.09895833333333333 0.28055555555555556 0.09895833333333333
0 0.5777777777777777 0.7899305555555556 0.5805555555555556 0.7881944444444444 0.5916666666666667 0.7899305555555556 0.5986111111111111 0.7986111111111112 0.6 0.8038194444444444 0.6 0.8090277777777778 0.5972222222222222 0.8107638888888888 0.5916666666666667 0.8125 0.5819444444444445 0.8107638888888888 0.5777777777777777 0.8038194444444444 0.5777777777777777 0.7916666666666666
0 0.42777777777777776 0.4027777777777778 0.4305555555555556 0.4079861111111111 0.42916666666666664 0.4184027777777778 0.42777777777777776 0.421875 0.41944444444444445 0.4270833333333333 0.4083333333333333 0.4253472222222222 0.4041666666666667 0.4184027777777778 0.4041666666666667 0.4114583333333333 0.40694444444444444 0.40625 0.4152777777777778 0.4010416666666667 0.4263888888888889 0.4027777777777778
0 0.13472222222222222 0.11458333333333333 0.14027777777777778 0.12152777777777778 0.14166666666666666 0.1267361111111111 0.14166666666666666 0.140625 0.1388888888888889 0.14583333333333334 0.12916666666666668 0.14583333333333334 0.12361111111111112 0.1388888888888889 0.12222222222222222 0.1267361111111111 0.12361111111111112 0.11979166666666667 0.12916666666666668 0.11458333333333333 0.13333333333333333 0.11458333333333333
0 0.6222222222222222 0.4895833333333333 0.6319444444444444 0.4895833333333333 0.6402777777777777 0.4982638888888889 0.6388888888888888 0.5121527777777778 0.6263888888888889 0.5138888888888888 0.6222222222222222 0.5069444444444444 0.6222222222222222 0.4913194444444444
0 0.6708333333333333 0.5260416666666666 0.675 0.53125 0.675 0.5434027777777778 0.6722222222222223 0.5486111111111112 0.6638888888888889 0.5520833333333334 0.6583333333333333 0.5451388888888888 0.6583333333333333 0.53125 0.6625 0.5260416666666666 0.6694444444444444 0.5260416666666666
0 0.5229166666666667 0.7873263888888888 0.02361111111111111 0.029513888888888888
0 0.23055555555555557 0.7413194444444444 0.2361111111111111 0.7465277777777778 0.2361111111111111 0.75 0.22361111111111112 0.7621527777777778 0.2152777777777778 0.7621527777777778 0.2111111111111111 0.7552083333333334 0.2111111111111111 0.7482638888888888 0.21388888888888888 0.7430555555555556 0.22083333333333333 0.7395833333333334 0.22916666666666666 0.7413194444444444
0 0.6805555555555556 0.8333333333333334 0.6847222222222222 0.84375 0.6791666666666667 0.8524305555555556 0.675 0.8541666666666666 0.6527777777777778 0.8541666666666666 0.6472222222222223 0.8506944444444444 0.6444444444444445 0.8454861111111112 0.6708333333333333 0.8315972222222222 0.6791666666666667 0.8333333333333334
0 0.8972222222222223 0.5381944444444444 0.9041666666666667 0.5486111111111112 0.9069444444444444 0.5572916666666666 0.9069444444444444 0.5642361111111112 0.9013888888888889 0.5694444444444444 0.8958333333333334 0.5677083333333334 0.8888888888888888 0.5538194444444444 0.8888888888888888 0.5381944444444444 0.8902777777777777 0.5364583333333334 0.8958333333333334 0.5381944444444444
0 0.7166666666666667 0.4409722222222222 0.7222222222222222 0.4496527777777778 0.7222222222222222 0.4600694444444444 0.7166666666666667 0.4635416666666667 0.7111111111111111 0.4618055555555556 0.7041666666666667 0.453125 0.7 0.4427083333333333 0.7027777777777777 0.4375 0.7097222222222223 0.4375 0.7152777777777778 0.4409722222222222
0 0.8763888888888889 0.013888888888888888 0.8833333333333333 0.019097222222222224 0.8861111111111111 0.027777777777777776 0.8861111111111111 0.03819444444444445 0.8833333333333333 0.04513888888888889 0.8736111111111111 0.05381944444444445 0.8694444444444445 0.05381944444444445 0.8611111111111112 0.043402777777777776 0.8597222222222223 0.03298611111111111 0.8625 0.020833333333333332 0.8680555555555556 0.013888888888888888 0.875 0.013888888888888888
0 0.0763888888888889 0.8923611111111112 0.07916666666666666 0.8975694444444444 0.07777777777777778 0.90625 0.06388888888888888 0.9149305555555556 0.05694444444444444 0.9149305555555556 0.05138888888888889 0.9114583333333334 0.05 0.9079861111111112 0.05138888888888889 0.8958333333333334 0.058333333333333334 0.890625 0.075 0.8923611111111112
0 0.6347222222222222 0.006944444444444444 0.6416666666666667 0.010416666666666666 0.6513888888888889 0.010416666666666666 0.6555555555555556 0.013888888888888888 0.6555555555555556 0.019097222222222224 0.6527777777777778 0.022569444444444444 0.6388888888888888 0.03125 0.6263888888888889 0.03125 0.6236111111111111 0.026041666666666668 0.6236111111111111 0.012152777777777778 0.6291666666666667 0.006944444444444444 0.6333333333333333 0.006944444444444444
0 0.725 0.22743055555555555 0.7277777777777777 0.22569444444444445 0.7347222222222223 0.22743055555555555 0.7402777777777778 0.2326388888888889 0.7472222222222222 0.2465277777777778 0.7472222222222222 0.2621527777777778 0.7402777777777778 0.2673611111111111 0.7361111111111112 0.265625 0.7291666666666666 0.2586805555555556 0.7236111111111111 0.2465277777777778 0.725 0.22916666666666666
0 0.9 0.8211805555555556 0.9055555555555556 0.828125 0.9041666666666667 0.8576388888888888 0.8986111111111111 0.8663194444444444 0.8930555555555556 0.8680555555555556 0.8861111111111111 0.8663194444444444 0.8777777777777778 0.859375 0.875 0.84375 0.8805555555555555 0.8298611111111112 0.8944444444444445 0.8211805555555556 0.8986111111111111 0.8211805555555556
0 0.8694444444444445 0.4496527777777778 0.8777777777777778 0.4600694444444444 0.8777777777777778 0.46875 0.875 0.4739583333333333 0.8666666666666667 0.4722222222222222 0.8583333333333333 0.4600694444444444 0.8569444444444444 0.4548611111111111 0.8583333333333333 0.4461805555555556 0.8680555555555556 0.4496527777777778
0 0.8902777777777777 0.9548611111111112 0.8930555555555556 0.9635416666666666 0.8916666666666667 0.9826388888888888 0.8847222222222222 0.9913194444444444 0.875 0.9913194444444444 0.8722222222222222 0.9861111111111112 0.8722222222222222 0.9774305555555556 0.8791666666666667 0.9583333333333334 0.8819444444444444 0.9548611111111112 0.8888888888888888 0.9548611111111112
0 0.6888888888888889 0.5 0.6972222222222222 0.5104166666666666 0.6972222222222222 0.5190972222222222 0.6930555555555555 0.5225694444444444 0.6861111111111111 0.5208333333333334 0.6791666666666667 0.5121527777777778 0.6805555555555556 0.5017361111111112 0.6847222222222222 0.4982638888888889 0.6875 0.5
0 0.9527777777777777 0.6684027777777778 0.9541666666666667 0.6701388888888888 0.9527777777777777 0.7048611111111112 0.9486111111111111 0.6979166666666666 0.9472222222222222 0.6857638888888888 0.9486111111111111 0.6736111111111112 0.9513888888888888 0.6701388888888888