0 0.26666666666666666 0.10243055555555555 0.2722222222222222 0.109375 0.2722222222222222 0.11805555555555555 0.26805555555555555 0.1267361111111111 0.25833333333333336 0.13368055555555555 0.25277777777777777 0.13194444444444445 0.2513888888888889 0.12152777777777778 0.2569444444444444 0.10590277777777778 0.2611111111111111 0.10243055555555555 0.2652777777777778 0.10243055555555555
0 0.8555555555555555 0.04861111111111111 0.8611111111111112 0.05555555555555555 0.8625 0.07465277777777778 0.8597222222222223 0.08333333333333333 0.8527777777777777 0.08680555555555555 0.8416666666666667 0.08680555555555555 0.8375 0.08159722222222222 0.8347222222222223 0.0642361111111111 0.8375 0.057291666666666664 0.8444444444444444 0.050347222222222224 0.8541666666666666 0.04861111111111111
0 0.41805555555555557 0.4010416666666667 0.4222222222222222 0.40625 0.4222222222222222 0.4184027777777778 0.41805555555555557 0.4253472222222222 0.4125 0.4270833333333333 0.4013888888888889 0.4253472222222222 0.4 0.4149305555555556 0.4041666666666667 0.40625 0.4166666666666667 0.4010416666666667
0 0.125 0.1232638888888889 0.12916666666666668 0.1284722222222222 0.13194444444444445 0.1371527777777778 0.13194444444444445 0.1440972222222222 0.125 0.15104166666666666 0.11805555555555555 0.14930555555555555 0.11666666666666667 0.1440972222222222 0.11805555555555555 0.13020833333333334 0.12361111111111112 0.1232638888888889
0 0.6638888888888889 0.5260416666666666 0.6666666666666666 0.5295138888888888 0.6666666666666666 0.5434027777777778 0.6611111111111111 0.5503472222222222 0.6569444444444444 0.5503472222222222 0.6527777777777778 0.546875 0.6513888888888889 0.5329861111111112 0.6541666666666667 0.5260416666666666 0.6569444444444444 0.5243055555555556 0.6625 0.5260416666666666
0 0.5944444444444444 0.4357638888888889 0.5986111111111111 0.4444444444444444 0.6 0.453125 0.5986111111111111 0.4722222222222222 0.5916666666666667 0.4774305555555556 0.5888888888888889 0.4739583333333333 0.5875 0.4652777777777778 0.5888888888888889 0.4479166666666667 0.5930555555555556 0.4375
0 0.5916666666666667 0.7934027777777778 0.5944444444444444 0.8003472222222222 0.5944444444444444 0.8090277777777778 0.5902777777777778 0.8125 0.5777777777777777 0.8107638888888888 0.5736111111111111 0.8038194444444444 0.575 0.7916666666666666 0.5875 0.7899305555555556 0.5902777777777778 0.7934027777777778
0 0.8875 0.5399305555555556 0.8972222222222223 0.5538194444444444 0.8972222222222223 0.5694444444444444 0.8944444444444445 0.5729166666666666 0.8875 0.5711805555555556 0.8819444444444444 0.5642361111111112 0.8805555555555555 0.5590277777777778 0.8805555555555555 0.5416666666666666 0.8833333333333333 0.5381944444444444 0.8861111111111111 0.5399305555555556
0 0.5111111111111111 0.78125 0.5208333333333334 0.7760416666666666 0.5291666666666667 0.7777777777777778 0.5291666666666667 0.7899305555555556 0.525 0.8003472222222222 0.5208333333333334 0.8038194444444444 0.5125 0.8038194444444444 0.5083333333333333 0.8003472222222222 0.5083333333333333 0.7899305555555556 0.5111111111111111 0.7829861111111112
0 0.7138888888888889 0.4409722222222222 0.7194444444444444 0.4444444444444444 0.7222222222222222 0.4496527777777778 0.7222222222222222 0.4600694444444444 0.7208333333333333 0.4635416666666667 0.7166666666666667 0.4652777777777778 0.7097222222222223 0.4635416666666667 0.7027777777777777 0.453125 0.7027777777777777 0.4444444444444444 0.7055555555555556 0.4409722222222222 0.7125 0.4409722222222222
0 0.8666666666666667 0.4479166666666667 0.8763888888888889 0.4565972222222222 0.8763888888888889 0.4704861111111111 0.8722222222222222 0.4739583333333333 0.8666666666666667 0.4722222222222222 0.8611111111111112 0.4652777777777778 0.8555555555555555 0.4513888888888889 0.8569444444444444 0.4461805555555556 0.8652777777777778 0.4479166666666667
0 0.6305555555555555 0.006944444444444444 0.6444444444444445 0.013888888888888888 0.6458333333333334 0.017361111111111112 0.6263888888888889 0.027777777777777776 0.6152777777777778 0.026041666666666668 0.6111111111111112 0.015625 0.6125 0.010416666666666666 0.6180555555555556 0.005208333333333333 0.6291666666666667 0.006944444444444444
0 0.7347222222222223 0.22743055555555555 0.7430555555555556 0.2378472222222222 0.7472222222222222 0.2482638888888889 0.7472222222222222 0.2621527777777778 0.7430555555555556 0.2673611111111111 0.7333333333333333 0.2638888888888889 0.725 0.2482638888888889 0.7236111111111111 0.24131944444444445 0.725 0.22916666666666666 0.7277777777777777 0.22569444444444445 0.7333333333333333 0.22743055555555555
0 0.20833333333333334 0.75 0.21666666666666667 0.7465277777777778 0.22777777777777777 0.75 0.22916666666666666 0.7534722222222222 0.22083333333333333 0.765625 0.2152777777777778 0.7690972222222222 0.20833333333333334 0.7690972222222222 0.20555555555555555 0.765625 0.20555555555555555 0.7552083333333334 0.20833333333333334 0.7517361111111112
0 0.6541666666666667 0.8480902777777778 0.022222222222222223 0.022569444444444444
0 0.9458333333333333 0.13541666666666666 0.9472222222222222 0.1579861111111111 0.9430555555555555 0.16666666666666666 0.9388888888888889 0.16666666666666666 0.9347222222222222 0.16145833333333334 0.9347222222222222 0.1440972222222222 0.9416666666666667 0.13368055555555555 0.9444444444444444 0.13541666666666666
0 0.6513888888888889 0.4930555555555556 0.6638888888888889 0.4913194444444444 0.6791666666666667 0.5017361111111112 0.6847222222222222 0.5121527777777778 0.6847222222222222 0.5173611111111112 0.6819444444444445 0.5208333333333334 0.6722222222222223 0.5208333333333334 0.6652777777777777 0.515625 0.6569444444444444 0.515625 0.6541666666666667 0.5138888888888888 0.65 0.5034722222222222 0.6513888888888889 0.4947916666666667
0 0.05 0.8802083333333334 0.06527777777777778 0.8888888888888888 0.07083333333333333 0.8993055555555556 0.07083333333333333 0.9097222222222222 0.06666666666666667 0.9149305555555556 0.059722222222222225 0.9149305555555556 0.05277777777777778 0.90625 0.04861111111111111 0.8940972222222222 0.05 0.8819444444444444
0 0.9423611111111111 0.6996527777777778 0.015277777777777777 0.04861111111111111
0 0.35138888888888886 0.9774305555555556 0.35833333333333334 0.9791666666666666 0.3638888888888889 0.9895833333333334 0.3638888888888889 0.9982638888888888 0.3458333333333333 0.9982638888888888 0.3458333333333333 0.9895833333333334 0.35138888888888886 0.9791666666666666
0 0.8819444444444444 0.9548611111111112 0.8861111111111111 0.9618055555555556 0.8875 0.9791666666666666 0.8833333333333333 0.9913194444444444 0.8791666666666667 0.9947916666666666 0.8666666666666667 0.9930555555555556 0.8666666666666667 0.9774305555555556 0.875 0.9583333333333334 0.8805555555555555 0.9548611111111112
0 0.8916666666666667 0.8263888888888888 0.8972222222222223 0.8333333333333334 0.8972222222222223 0.8559027777777778 0.8944444444444445 0.8645833333333334 0.8888888888888888 0.8697916666666666 0.8763888888888889 0.8680555555555556 0.8694444444444445 0.859375 0.8680555555555556 0.8454861111111112 0.8736111111111111 0.8333333333333334 0.8833333333333333 0.8263888888888888 0.8902777777777777 0.8263888888888888
0 0.5708333333333333 0.9340277777777778 0.5763888888888888 0.9409722222222222 0.5763888888888888 0.9496527777777778 0.5736111111111111 0.953125 0.5652777777777778 0.9513888888888888 0.5652777777777778 0.9375 0.5694444444444444 0.9340277777777778
0 0.18333333333333332 0.6302083333333334 0.030555555555555555 0.034722222222222224
0 0.65 0.5434027777777778 0.6527777777777778 0.5503472222222222 0.6513888888888889 0.5711805555555556 0.6486111111111111 0.578125 0.6416666666666667 0.5850694444444444 0.6347222222222222 0.5833333333333334 0.6319444444444444 0.5746527777777778 0.6319444444444444 0.5642361111111112 0.6402777777777777 0.546875 0.6444444444444445 0.5434027777777778 0.6486111111111111 0.5434027777777778
0 0.043055555555555555 0.8958333333333334 0.05138888888888889 0.9027777777777778 0.05416666666666667 0.9097222222222222 0.05277777777777778 0.9184027777777778 0.04722222222222222 0.921875 0.041666666666666664 0.921875 0.04027777777777778 0.9184027777777778 0.041666666666666664 0.8975694444444444
0 0.8666666666666667 0.8020833333333334 0.8736111111111111 0.8090277777777778 0.8736111111111111 0.8177083333333334 0.8680555555555556 0.8211805555555556 0.8625 0.8315972222222222 0.8486111111111111 0.828125 0.8458333333333333 0.8246527777777778 0.8458333333333333 0.8177083333333334 0.8527777777777777 0.8055555555555556 0.8583333333333333 0.8020833333333334 0.8652777777777778 0.8020833333333334