0 0.4152777777777778 0.3993055555555556 0.41805555555555557 0.4027777777777778 0.41805555555555557 0.4166666666666667 0.4125 0.4253472222222222 0.4083333333333333 0.4270833333333333 0.4 0.4253472222222222 0.39861111111111114 0.4131944444444444 0.4027777777777778 0.40625 0.41388888888888886 0.3993055555555556
0 0.65625 0.5373263888888888 0.018055555555555554 0.026041666666666668
0 0.2611111111111111 0.10416666666666667 0.2652777777777778 0.109375 0.26666666666666666 0.125 0.2638888888888889 0.13020833333333334 0.25555555555555554 0.13368055555555555 0.24722222222222223 0.13194444444444445 0.24583333333333332 0.11805555555555555 0.24722222222222223 0.109375 0.2513888888888889 0.10416666666666667 0.25416666666666665 0.10243055555555555 0.25972222222222224 0.10416666666666667
0 0.5784722222222223 0.4383680555555556 0.018055555555555554 0.03298611111111111
0 0.3138888888888889 0.921875 0.3194444444444444 0.9253472222222222 0.3194444444444444 0.9427083333333334 0.31666666666666665 0.9496527777777778 0.30694444444444446 0.9513888888888888 0.30277777777777776 0.9444444444444444 0.30277777777777776 0.9340277777777778 0.3055555555555556 0.9270833333333334 0.3125 0.9236111111111112
0 0.5083333333333333 0.7847222222222222 0.5180555555555556 0.7795138888888888 0.525 0.7795138888888888 0.5277777777777778 0.7829861111111112 0.5263888888888889 0.7934027777777778 0.5222222222222223 0.8038194444444444 0.5166666666666667 0.8072916666666666 0.5069444444444444 0.8020833333333334 0.5083333333333333 0.7864583333333334
0 0.8833333333333333 0.5416666666666666 0.8902777777777777 0.5520833333333334 0.8930555555555556 0.5607638888888888 0.8930555555555556 0.5677083333333334 0.8902777777777777 0.5729166666666666 0.8833333333333333 0.5729166666666666 0.8763888888888889 0.5625 0.8763888888888889 0.5451388888888888 0.8791666666666667 0.5399305555555556 0.8819444444444444 0.5416666666666666
0 0.04583333333333333 0.8802083333333334 0.06111111111111111 0.8940972222222222 0.06388888888888888 0.9027777777777778 0.0625 0.9097222222222222 0.058333333333333334 0.9131944444444444 0.04861111111111111 0.9114583333333334 0.043055555555555555 0.8923611111111112 0.043055555555555555 0.8819444444444444 0.044444444444444446 0.8819444444444444
0 0.12083333333333333 0.125 0.12777777777777777 0.1388888888888889 0.12638888888888888 0.14756944444444445 0.12222222222222222 0.1527777777777778 0.11666666666666667 0.1527777777777778 0.1111111111111111 0.1423611111111111 0.1111111111111111 0.13020833333333334 0.11527777777777778 0.125 0.11944444444444445 0.125
0 0.5847222222222223 0.7899305555555556 0.5902777777777778 0.7951388888888888 0.5930555555555556 0.8020833333333334 0.5930555555555556 0.8072916666666666 0.5888888888888889 0.8125 0.5763888888888888 0.8125 0.5736111111111111 0.8090277777777778 0.5736111111111111 0.7934027777777778 0.5763888888888888 0.7899305555555556 0.5833333333333334 0.7899305555555556
0 0.25416666666666665 0.6076388888888888 0.25833333333333336 0.609375 0.2652777777777778 0.6180555555555556 0.26666666666666666 0.625 0.2625 0.6302083333333334 0.2513888888888889 0.6284722222222222 0.24444444444444444 0.6215277777777778 0.24305555555555555 0.6163194444444444 0.24444444444444444 0.609375 0.25277777777777777 0.6076388888888888
0 0.9291666666666667 0.6909722222222222 0.9361111111111111 0.6979166666666666 0.9416666666666667 0.7083333333333334 0.9416666666666667 0.7256944444444444 0.9388888888888889 0.734375 0.9361111111111111 0.7361111111111112 0.9319444444444445 0.7361111111111112 0.9277777777777778 0.7309027777777778 0.925 0.7222222222222222 0.9236111111111112 0.6961805555555556 0.9277777777777778 0.6909722222222222
0 0.7361111111111112 0.24131944444444445 0.022222222222222223 0.052083333333333336
0 0.8625 0.4444444444444444 0.8736111111111111 0.4513888888888889 0.8777777777777778 0.4583333333333333 0.8777777777777778 0.46875 0.8694444444444445 0.4739583333333333 0.8611111111111112 0.4670138888888889 0.8555555555555555 0.4548611111111111 0.8555555555555555 0.4461805555555556 0.8611111111111112 0.4444444444444444
0 0.2152777777777778 0.75 0.22361111111111112 0.7534722222222222 0.225 0.7569444444444444 0.22083333333333333 0.765625 0.21388888888888888 0.7725694444444444 0.20416666666666666 0.7725694444444444 0.2013888888888889 0.7690972222222222 0.2013888888888889 0.7552083333333334 0.20694444444444443 0.75 0.21388888888888888 0.75
0 0.6541666666666667 0.8385416666666666 0.6583333333333333 0.8420138888888888 0.6597222222222222 0.8506944444444444 0.6583333333333333 0.8559027777777778 0.6527777777777778 0.8611111111111112 0.6458333333333334 0.8611111111111112 0.6375 0.8541666666666666 0.6430555555555556 0.8420138888888888 0.6527777777777778 0.8385416666666666
0 0.6555555555555556 0.4895833333333333 0.675 0.5052083333333334 0.6763888888888889 0.5173611111111112 0.6736111111111112 0.5208333333333334 0.6652777777777777 0.5208333333333334 0.6583333333333333 0.515625 0.6527777777777778 0.515625 0.6472222222222223 0.5121527777777778 0.6430555555555556 0.4965277777777778 0.6458333333333334 0.4913194444444444 0.6541666666666667 0.4895833333333333
0 0.7041666666666667 0.4392361111111111 0.7152777777777778 0.4444444444444444 0.7194444444444444 0.4496527777777778 0.7208333333333333 0.4600694444444444 0.7166666666666667 0.4670138888888889 0.7083333333333334 0.4652777777777778 0.7027777777777777 0.4583333333333333 0.6972222222222222 0.4427083333333333 0.6986111111111111 0.4392361111111111 0.7027777777777777 0.4392361111111111
0 0.8486111111111111 0.05555555555555555 0.8541666666666666 0.0642361111111111 0.8541666666666666 0.0763888888888889 0.8513888888888889 0.08680555555555555 0.8472222222222222 0.09027777777777778 0.8375 0.08680555555555555 0.8319444444444445 0.0763888888888889 0.8347222222222223 0.059027777777777776 0.8375 0.05555555555555555 0.8472222222222222 0.05555555555555555
0 0.9340277777777778 0.140625 0.015277777777777777 0.04861111111111111
0 0.6152777777777778 0.005208333333333333 0.6333333333333333 0.013888888888888888 0.6333333333333333 0.019097222222222224 0.6208333333333333 0.029513888888888888 0.6097222222222223 0.029513888888888888 0.6055555555555555 0.026041666666666668 0.6041666666666666 0.008680555555555556 0.6069444444444444 0.005208333333333333 0.6138888888888889 0.005208333333333333
0 0.8833333333333333 0.9583333333333334 0.8875 0.96875 0.8888888888888888 0.9791666666666666 0.8861111111111111 0.9878472222222222 0.8791666666666667 0.9930555555555556 0.8694444444444445 0.9930555555555556 0.8680555555555556 0.9826388888888888 0.875 0.9600694444444444 0.8791666666666667 0.9565972222222222 0.8819444444444444 0.9583333333333334
0 0.8430555555555556 0.013020833333333334 0.022222222222222223 0.026041666666666668
0 0.8791666666666667 0.8454861111111112 0.027777777777777776 0.04513888888888889
0 0.9236111111111112 0.9600694444444444 0.9277777777777778 0.96875 0.9277777777777778 0.9739583333333334 0.925 0.9774305555555556 0.9069444444444444 0.9774305555555556 0.8972222222222223 0.9739583333333334 0.8972222222222223 0.9704861111111112 0.9125 0.9600694444444444 0.9166666666666666 0.9583333333333334 0.9222222222222223 0.9600694444444444
0 0.5708333333333333 0.9435763888888888 0.011111111111111112 0.019097222222222224
0 0.9361111111111111 0.6805555555555556 0.9527777777777777 0.6597222222222222 0.9541666666666667 0.6631944444444444 0.9527777777777777 0.6822916666666666 0.95 0.6840277777777778 0.9375 0.6840277777777778 0.9375 0.6822916666666666
0 0.8625 0.8020833333333334 0.8680555555555556 0.8072916666666666 0.8694444444444445 0.8142361111111112 0.8555555555555555 0.8315972222222222 0.85 0.8315972222222222 0.8444444444444444 0.828125 0.8416666666666667 0.8246527777777778 0.8416666666666667 0.8142361111111112 0.85 0.8055555555555556 0.8611111111111112 0.8020833333333334
0 0.32013888888888886 0.6996527777777778 0.020833333333333332 0.013888888888888888
0 0.6416666666666667 0.5642361111111112 0.019444444444444445 0.041666666666666664
0 0.34305555555555556 0.921875 0.3486111111111111 0.9253472222222222 0.35138888888888886 0.9305555555555556 0.3541666666666667 0.9444444444444444 0.3541666666666667 0.9565972222222222 0.3486111111111111 0.9600694444444444 0.3402777777777778 0.9548611111111112 0.3402777777777778 0.9392361111111112 0.3375 0.9322916666666666 0.3375 0.9236111111111112 0.3416666666666667 0.921875
0 0.7958333333333333 0.2760416666666667 0.8 0.28125 0.7986111111111112 0.2916666666666667 0.7888888888888889 0.2986111111111111 0.7847222222222222 0.296875 0.7819444444444444 0.2899305555555556 0.7819444444444444 0.28125 0.7944444444444444 0.2760416666666667
0 0.8652777777777778 0.10416666666666667 0.8736111111111111 0.1076388888888889 0.875 0.11284722222222222 0.8722222222222222 0.13368055555555555 0.8680555555555556 0.13541666666666666 0.8638888888888889 0.1284722222222222 0.8611111111111112 0.11631944444444445 0.8611111111111112 0.1076388888888889 0.8638888888888889 0.10590277777777778
0 0.7819444444444444 0.2899305555555556 0.7833333333333333 0.3020833333333333 0.7763888888888889 0.3107638888888889 0.7708333333333334 0.3107638888888889 0.7680555555555556 0.3072916666666667 0.7680555555555556 0.2934027777777778 0.7736111111111111 0.2899305555555556 0.7805555555555556 0.2899305555555556
0 0.12430555555555556 0.5251736111111112 0.009722222222222222 0.019097222222222224
0 0.7041666666666667 0.4166666666666667 0.7125 0.4166666666666667 0.7166666666666667 0.4270833333333333 0.7125 0.4357638888888889 0.7055555555555556 0.4340277777777778 0.7027777777777777 0.4305555555555556 0.7041666666666667 0.4184027777777778
0 0.28055555555555556 0.5989583333333334 0.016666666666666666 0.017361111111111112
0 0.9152777777777777 0.1579861111111111 0.9166666666666666 0.16666666666666666 0.9125 0.17708333333333334 0.9055555555555556 0.1753472222222222 0.8958333333333334 0.16319444444444445 0.8958333333333334 0.1545138888888889 0.9013888888888889 0.1527777777777778 0.9041666666666667 0.15625 0.9138888888888889 0.1579861111111111