0 0.24444444444444444 0.1111111111111111 0.2513888888888889 0.11805555555555555 0.25277777777777777 0.13194444444444445 0.25 0.1371527777777778 0.2375 0.1423611111111111 0.23194444444444445 0.1423611111111111 0.23055555555555557 0.1284722222222222 0.23472222222222222 0.11631944444444445 0.24305555555555555 0.1111111111111111
0 0.39305555555555555 0.4236111111111111 0.39166666666666666 0.4079861111111111 0.4 0.3940972222222222 0.4041666666666667 0.3940972222222222 0.40694444444444444 0.3975694444444444 0.4083333333333333 0.4131944444444444 0.40694444444444444 0.4201388888888889 0.4027777777777778 0.4253472222222222 0.39444444444444443 0.4236111111111111
0 0.5833333333333334 0.7864583333333334 0.5875 0.7951388888888888 0.5875 0.8055555555555556 0.5847222222222223 0.8090277777777778 0.5736111111111111 0.8090277777777778 0.5680555555555555 0.7986111111111112 0.5680555555555555 0.7899305555555556 0.5708333333333333 0.7864583333333334 0.5736111111111111 0.7847222222222222 0.5819444444444445 0.7864583333333334
0 0.05486111111111111 0.8151041666666666 0.020833333333333332 0.03298611111111111
0 0.9208333333333333 0.5538194444444444 0.925 0.5694444444444444 0.9236111111111112 0.5850694444444444 0.9208333333333333 0.5885416666666666 0.9138888888888889 0.5868055555555556 0.9097222222222222 0.5763888888888888 0.9097222222222222 0.5659722222222222 0.9125 0.5572916666666666 0.9152777777777777 0.5538194444444444 0.9194444444444444 0.5538194444444444
0 0.9138888888888889 0.7100694444444444 0.9166666666666666 0.7083333333333334 0.9263888888888889 0.7100694444444444 0.9305555555555556 0.7239583333333334 0.9291666666666667 0.7482638888888888 0.9222222222222223 0.7604166666666666 0.9180555555555555 0.7604166666666666 0.9138888888888889 0.7552083333333334 0.9097222222222222 0.7291666666666666 0.9138888888888889 0.7118055555555556
0 0.5958333333333333 0.001736111111111111 0.6041666666666666 0.003472222222222222 0.6194444444444445 0.012152777777777778 0.6208333333333333 0.019097222222222224 0.6180555555555556 0.022569444444444444 0.6069444444444444 0.026041666666666668 0.5958333333333333 0.026041666666666668 0.5916666666666667 0.022569444444444444 0.5902777777777778 0.006944444444444444 0.5944444444444444 0.001736111111111111
0 0.5888888888888889 0.4010416666666667 0.6041666666666666 0.3993055555555556 0.6138888888888889 0.40625 0.6111111111111112 0.4131944444444444 0.5958333333333333 0.421875 0.5916666666666667 0.4201388888888889 0.5875 0.4131944444444444 0.5888888888888889 0.4027777777777778
0 0.6388888888888888 0.5329861111111112 0.6444444444444445 0.5243055555555556 0.6472222222222223 0.5225694444444444 0.6527777777777778 0.5243055555555556 0.6569444444444444 0.5329861111111112 0.6569444444444444 0.5416666666666666 0.6527777777777778 0.5486111111111112 0.65 0.5503472222222222 0.6430555555555556 0.546875 0.6402777777777777 0.5416666666666666 0.6402777777777777 0.5347222222222222
0 0.2111111111111111 0.7604166666666666 0.2152777777777778 0.765625 0.2125 0.7743055555555556 0.20555555555555555 0.78125 0.2 0.7795138888888888 0.19722222222222222 0.7708333333333334 0.2 0.7621527777777778 0.20972222222222223 0.7604166666666666
0 0.9208333333333333 0.13541666666666666 0.925 0.14756944444444445 0.925 0.1545138888888889 0.9208333333333333 0.16666666666666666 0.9166666666666666 0.1701388888888889 0.9111111111111111 0.16319444444444445 0.9111111111111111 0.14583333333333334 0.9166666666666666 0.1371527777777778 0.9194444444444444 0.1371527777777778
0 0.10833333333333334 0.1267361111111111 0.1125 0.13020833333333334 0.11666666666666667 0.1423611111111111 0.11666666666666667 0.1527777777777778 0.10972222222222222 0.16145833333333334 0.10555555555555556 0.16145833333333334 0.10138888888888889 0.15625 0.09861111111111111 0.14583333333333334 0.10138888888888889 0.13020833333333334 0.10694444444444444 0.1267361111111111
0 0.5131944444444444 0.7934027777777778 0.020833333333333332 0.027777777777777776
0 0.8680555555555556 0.5416666666666666 0.8736111111111111 0.546875 0.8777777777777778 0.5590277777777778 0.8777777777777778 0.5729166666666666 0.8736111111111111 0.578125 0.8666666666666667 0.5746527777777778 0.8625 0.5625 0.8638888888888889 0.5434027777777778 0.8666666666666667 0.5416666666666666
0 0.6263888888888889 0.8550347222222222 0.022222222222222223 0.022569444444444444
0 0.24027777777777778 0.8541666666666666 0.24027777777777778 0.8402777777777778 0.24722222222222223 0.8298611111111112 0.2513888888888889 0.8298611111111112 0.25416666666666665 0.8333333333333334 0.25555555555555554 0.8489583333333334 0.25416666666666665 0.8541666666666666 0.25 0.8576388888888888 0.24583333333333332 0.8576388888888888 0.24166666666666667 0.8541666666666666
0 0.8722222222222222 0.8229166666666666 0.8777777777777778 0.828125 0.8833333333333333 0.8472222222222222 0.8805555555555555 0.8628472222222222 0.8722222222222222 0.8697916666666666 0.8611111111111112 0.8663194444444444 0.8555555555555555 0.8576388888888888 0.8555555555555555 0.8385416666666666 0.8583333333333333 0.8315972222222222 0.8708333333333333 0.8229166666666666
0 0.8541666666666666 0.4444444444444444 0.8583333333333333 0.4427083333333333 0.8736111111111111 0.4513888888888889 0.8763888888888889 0.4548611111111111 0.8777777777777778 0.4635416666666667 0.8763888888888889 0.4704861111111111 0.8652777777777778 0.4722222222222222 0.8583333333333333 0.4618055555555556 0.8541666666666666 0.4513888888888889 0.8541666666666666 0.4461805555555556
0 0.7041666666666667 0.4392361111111111 0.7083333333333334 0.4409722222222222 0.7152777777777778 0.453125 0.7152777777777778 0.4600694444444444 0.7125 0.4635416666666667 0.7055555555555556 0.4635416666666667 0.7 0.4600694444444444 0.6958333333333333 0.453125 0.6944444444444444 0.4461805555555556 0.6958333333333333 0.4427083333333333 0.7027777777777777 0.4392361111111111
0 0.8722222222222222 0.9600694444444444 0.8777777777777778 0.9739583333333334 0.8777777777777778 0.9861111111111112 0.8722222222222222 0.9965277777777778 0.8625 0.9947916666666666 0.8583333333333333 0.9756944444444444 0.8583333333333333 0.9635416666666666 0.8625 0.9583333333333334 0.8708333333333333 0.9600694444444444
0 0.7659722222222223 0.0078125 0.015277777777777777 0.015625
0 0.7166666666666667 0.21875 0.7208333333333333 0.2170138888888889 0.7347222222222223 0.22569444444444445 0.7472222222222222 0.2465277777777778 0.7472222222222222 0.2621527777777778 0.7444444444444445 0.265625 0.7402777777777778 0.2673611111111111 0.7333333333333333 0.2621527777777778 0.7263888888888889 0.2517361111111111 0.7236111111111111 0.2378472222222222 0.7166666666666667 0.22569444444444445 0.7166666666666667 0.2204861111111111
0 0.65 0.5017361111111112 0.6611111111111111 0.5121527777777778 0.6611111111111111 0.5190972222222222 0.6583333333333333 0.5225694444444444 0.6472222222222223 0.5225694444444444 0.6416666666666667 0.515625 0.6416666666666667 0.5017361111111112 0.6430555555555556 0.5 0.6486111111111111 0.5017361111111112
0 0.4097222222222222 0.6319444444444444 0.41805555555555557 0.6440972222222222 0.4166666666666667 0.6475694444444444 0.4 0.65625 0.3888888888888889 0.6545138888888888 0.37916666666666665 0.6423611111111112 0.37916666666666665 0.6354166666666666 0.38333333333333336 0.6319444444444444 0.39166666666666666 0.6302083333333334 0.4083333333333333 0.6319444444444444
0 0.6902777777777778 0.4184027777777778 0.6958333333333333 0.4236111111111111 0.6958333333333333 0.4375 0.6916666666666667 0.4409722222222222 0.6861111111111111 0.4409722222222222 0.6777777777777778 0.4288194444444444 0.6791666666666667 0.4201388888888889 0.6888888888888889 0.4184027777777778
0 0.6458333333333334 0.546875 0.6513888888888889 0.5503472222222222 0.6513888888888889 0.5694444444444444 0.6486111111111111 0.578125 0.6430555555555556 0.5850694444444444 0.6361111111111111 0.5850694444444444 0.6333333333333333 0.5815972222222222 0.6319444444444444 0.5642361111111112 0.6347222222222222 0.5538194444444444 0.6402777777777777 0.546875 0.6444444444444445 0.546875
0 0.5708333333333333 0.9444444444444444 0.011111111111111112 0.020833333333333332
0 0.8555555555555555 0.8090277777777778 0.8597222222222223 0.8194444444444444 0.8569444444444444 0.8246527777777778 0.85 0.828125 0.8444444444444444 0.8368055555555556 0.8361111111111111 0.8350694444444444 0.8305555555555556 0.828125 0.8291666666666667 0.8177083333333334 0.8416666666666667 0.8055555555555556 0.8513888888888889 0.8055555555555556 0.8541666666666666 0.8090277777777778
0 0.825 0.0642361111111111 0.8305555555555556 0.06770833333333333 0.8333333333333334 0.0798611111111111 0.8319444444444445 0.0954861111111111 0.825 0.10416666666666667 0.8125 0.09722222222222222 0.8097222222222222 0.09027777777777778 0.8097222222222222 0.07465277777777778 0.8125 0.06770833333333333 0.8236111111111111 0.0642361111111111
0 0.33055555555555555 0.6927083333333334 0.33194444444444443 0.703125 0.3277777777777778 0.7065972222222222 0.3111111111111111 0.7048611111111112 0.30694444444444446 0.7013888888888888 0.3236111111111111 0.6909722222222222 0.32916666666666666 0.6927083333333334