0 0.4791666666666667 0.8975694444444444 0.48194444444444445 0.8993055555555556 0.48333333333333334 0.90625 0.47638888888888886 0.9184027777777778 0.4652777777777778 0.9184027777777778 0.4625 0.9149305555555556 0.4625 0.9079861111111112 0.46944444444444444 0.8958333333333334 0.4777777777777778 0.8975694444444444
0 0.7236111111111111 0.21180555555555555 0.7291666666666666 0.2170138888888889 0.7277777777777777 0.22916666666666666 0.7236111111111111 0.2361111111111111 0.7125 0.24479166666666666 0.7083333333333334 0.24479166666666666 0.7069444444444445 0.24131944444444445 0.7083333333333334 0.22395833333333334 0.7125 0.2152777777777778 0.7222222222222222 0.21180555555555555
0 0.45555555555555555 0.6267361111111112 0.4583333333333333 0.6336805555555556 0.4583333333333333 0.6423611111111112 0.4527777777777778 0.6545138888888888 0.44583333333333336 0.6545138888888888 0.44305555555555554 0.6388888888888888 0.44722222222222224 0.6267361111111112 0.4513888888888889 0.625 0.45416666666666666 0.6267361111111112
0 0.5041666666666667 0.7378472222222222 0.5055555555555555 0.7413194444444444 0.5041666666666667 0.7465277777777778 0.49444444444444446 0.7604166666666666 0.4861111111111111 0.7586805555555556 0.4847222222222222 0.7517361111111112 0.4930555555555556 0.7395833333333334 0.5027777777777778 0.7378472222222222
0 0.7152777777777778 0.8923611111111112 0.7236111111111111 0.9010416666666666 0.7263888888888889 0.9114583333333334 0.725 0.921875 0.7166666666666667 0.921875 0.7111111111111111 0.9184027777777778 0.7069444444444445 0.9097222222222222 0.7069444444444445 0.8975694444444444 0.7138888888888889 0.8923611111111112
0 0.4625 0.7048611111111112 0.4708333333333333 0.7135416666666666 0.4736111111111111 0.7326388888888888 0.46805555555555556 0.7447916666666666 0.46111111111111114 0.75 0.45416666666666666 0.7482638888888888 0.4513888888888889 0.7430555555555556 0.4513888888888889 0.7135416666666666 0.45694444444444443 0.7048611111111112 0.46111111111111114 0.7048611111111112
0 0.25 0.6024305555555556 0.25416666666666665 0.6076388888888888 0.25416666666666665 0.6197916666666666 0.25 0.6232638888888888 0.24166666666666667 0.6215277777777778 0.2375 0.6163194444444444 0.2361111111111111 0.609375 0.2361111111111111 0.6024305555555556 0.2388888888888889 0.5989583333333334 0.24861111111111112 0.6024305555555556
0 0.6777777777777778 0.4774305555555556 0.6819444444444445 0.4791666666666667 0.6861111111111111 0.4861111111111111 0.6875 0.4930555555555556 0.6861111111111111 0.5034722222222222 0.6819444444444445 0.5086805555555556 0.6736111111111112 0.5069444444444444 0.6722222222222223 0.4861111111111111 0.6736111111111112 0.4809027777777778 0.6763888888888889 0.4791666666666667
0 0.9194444444444444 0.3576388888888889 0.9222222222222223 0.3628472222222222 0.9222222222222223 0.3697916666666667 0.9194444444444444 0.375 0.9125 0.3784722222222222 0.9041666666666667 0.3767361111111111 0.9 0.3715277777777778 0.9097222222222222 0.3576388888888889 0.9125 0.3559027777777778 0.9180555555555555 0.3576388888888889
0 0.44583333333333336 0.7170138888888888 0.4486111111111111 0.71875 0.45 0.7239583333333334 0.4486111111111111 0.7378472222222222 0.44583333333333336 0.7413194444444444 0.43472222222222223 0.7413194444444444 0.4305555555555556 0.7378472222222222 0.4305555555555556 0.7291666666666666 0.43472222222222223 0.7204861111111112 0.4444444444444444 0.7170138888888888
0 0.5805555555555556 0.4670138888888889 0.5833333333333334 0.4652777777777778 0.5888888888888889 0.4670138888888889 0.5958333333333333 0.4756944444444444 0.6027777777777777 0.4913194444444444 0.6013888888888889 0.4947916666666667 0.5916666666666667 0.4947916666666667 0.5861111111111111 0.4913194444444444 0.5805555555555556 0.484375 0.5791666666666667 0.4756944444444444 0.5805555555555556 0.46875
0 0.5041666666666667 0.9513888888888888 0.5069444444444444 0.9548611111111112 0.5069444444444444 0.9652777777777778 0.49166666666666664 0.9774305555555556 0.4875 0.9774305555555556 0.48333333333333334 0.9722222222222222 0.48194444444444445 0.9670138888888888 0.48333333333333334 0.9583333333333334 0.4875 0.9548611111111112 0.5027777777777778 0.9513888888888888
0 0.325 0.75 0.3277777777777778 0.7534722222222222 0.3277777777777778 0.7586805555555556 0.33194444444444443 0.7690972222222222 0.33194444444444443 0.7777777777777778 0.32916666666666666 0.7864583333333334 0.3263888888888889 0.7899305555555556 0.3194444444444444 0.7881944444444444 0.3194444444444444 0.7690972222222222 0.3236111111111111 0.7517361111111112
0 0.8520833333333333 0.3064236111111111 0.015277777777777777 0.029513888888888888
0 0.17777777777777778 0.5677083333333334 0.18194444444444444 0.5677083333333334 0.19305555555555556 0.5746527777777778 0.1986111111111111 0.5833333333333334 0.1986111111111111 0.5972222222222222 0.19583333333333333 0.6006944444444444 0.1875 0.6006944444444444 0.17916666666666667 0.5885416666666666 0.1763888888888889 0.5763888888888888 0.17777777777777778 0.5694444444444444
0 0.21944444444444444 0.1736111111111111 0.2222222222222222 0.171875 0.23472222222222222 0.1736111111111111 0.24166666666666667 0.17708333333333334 0.24583333333333332 0.1840277777777778 0.24583333333333332 0.1875 0.24027777777777778 0.1909722222222222 0.22361111111111112 0.19270833333333334 0.21805555555555556 0.1875 0.21944444444444444 0.1753472222222222
0 0.25625 0.1345486111111111 0.015277777777777777 0.022569444444444444
0 0.8833333333333333 0.5104166666666666 0.8916666666666667 0.5173611111111112 0.8930555555555556 0.5260416666666666 0.8875 0.5503472222222222 0.8833333333333333 0.5555555555555556 0.8736111111111111 0.5607638888888888 0.8638888888888889 0.5607638888888888 0.8597222222222223 0.5538194444444444 0.8611111111111112 0.5190972222222222 0.8666666666666667 0.5104166666666666 0.8819444444444444 0.5104166666666666
0 0.44166666666666665 0.6979166666666666 0.44583333333333336 0.7083333333333334 0.4444444444444444 0.71875 0.43472222222222223 0.71875 0.43333333333333335 0.7152777777777778 0.43472222222222223 0.6996527777777778 0.44027777777777777 0.6979166666666666
0 0.3861111111111111 0.16145833333333334 0.3875 0.1753472222222222 0.38472222222222224 0.1857638888888889 0.38055555555555554 0.19791666666666666 0.375 0.203125 0.36944444444444446 0.203125 0.36527777777777776 0.19791666666666666 0.36527777777777776 0.1840277777777778 0.38055555555555554 0.16319444444444445 0.38472222222222224 0.16145833333333334
0 0.24027777777777778 0.9895833333333334 0.24444444444444444 0.9947916666666666 0.24444444444444444 0.9982638888888888 0.21666666666666667 0.9982638888888888 0.21666666666666667 0.9913194444444444 0.2222222222222222 0.9878472222222222 0.2388888888888889 0.9895833333333334
0 0.24722222222222223 0.4774305555555556 0.25416666666666665 0.484375 0.25555555555555554 0.4982638888888889 0.2513888888888889 0.5121527777777778 0.24305555555555555 0.5208333333333334 0.23333333333333334 0.5208333333333334 0.225 0.5121527777777778 0.22361111111111112 0.4878472222222222 0.225 0.4826388888888889 0.23194444444444445 0.4756944444444444 0.24027777777777778 0.4739583333333333 0.24583333333333332 0.4774305555555556