0 0.7361111111111112 0.2760416666666667 0.7388888888888889 0.2795138888888889 0.7375 0.2916666666666667 0.7208333333333333 0.3055555555555556 0.7166666666666667 0.3055555555555556 0.7166666666666667 0.2951388888888889 0.7194444444444444 0.2864583333333333 0.725 0.2777777777777778 0.7347222222222223 0.2760416666666667
0 0.4527777777777778 0.017361111111111112 0.46111111111111114 0.017361111111111112 0.4652777777777778 0.020833333333333332 0.46944444444444444 0.029513888888888888 0.46944444444444444 0.04861111111111111 0.4666666666666667 0.052083333333333336 0.45416666666666666 0.05381944444444445 0.4486111111111111 0.046875 0.4486111111111111 0.026041666666666668 0.4527777777777778 0.019097222222222224
0 0.13472222222222222 0.5902777777777778 0.1361111111111111 0.6076388888888888 0.12916666666666668 0.6128472222222222 0.10972222222222222 0.6076388888888888 0.10416666666666667 0.6041666666666666 0.10277777777777777 0.6006944444444444 0.10555555555555556 0.5954861111111112 0.1125 0.5920138888888888 0.125 0.5885416666666666 0.13333333333333333 0.5902777777777778
0 0.2152777777777778 0.6006944444444444 0.2263888888888889 0.6006944444444444 0.23333333333333334 0.609375 0.23333333333333334 0.6180555555555556 0.23055555555555557 0.6215277777777778 0.22083333333333333 0.6215277777777778 0.21388888888888888 0.6128472222222222 0.2152777777777778 0.6024305555555556
0 0.5388888888888889 0.5642361111111112 0.5402777777777777 0.5729166666666666 0.5277777777777778 0.5885416666666666 0.5236111111111111 0.5902777777777778 0.5152777777777777 0.5833333333333334 0.5138888888888888 0.5798611111111112 0.5152777777777777 0.5694444444444444 0.525 0.5642361111111112 0.5375 0.5642361111111112
0 0.8486111111111111 0.2916666666666667 0.8541666666666666 0.3020833333333333 0.8541666666666666 0.3159722222222222 0.8513888888888889 0.3211805555555556 0.8444444444444444 0.3194444444444444 0.8416666666666667 0.3125 0.8416666666666667 0.3003472222222222 0.8444444444444444 0.2934027777777778 0.8472222222222222 0.2916666666666667
0 0.7083333333333334 0.8958333333333334 0.7125 0.9010416666666666 0.7152777777777778 0.9149305555555556 0.7125 0.9253472222222222 0.7027777777777777 0.921875 0.6986111111111111 0.9114583333333334 0.7 0.8993055555555556 0.7027777777777777 0.8958333333333334 0.7069444444444445 0.8958333333333334
0 0.9076388888888889 0.3602430555555556 0.020833333333333332 0.022569444444444444
0 0.47291666666666665 0.9071180555555556 0.020833333333333332 0.022569444444444444
0 0.44027777777777777 0.7369791666666666 0.016666666666666666 0.026041666666666668
0 0.49722222222222223 0.7413194444444444 0.4986111111111111 0.7534722222222222 0.49583333333333335 0.7586805555555556 0.49027777777777776 0.7621527777777778 0.48194444444444445 0.7621527777777778 0.48055555555555557 0.7552083333333334 0.4875 0.7447916666666666 0.49166666666666664 0.7413194444444444 0.49583333333333335 0.7413194444444444
0 0.7861111111111111 0.5017361111111112 0.7902777777777777 0.5104166666666666 0.7875 0.5190972222222222 0.7819444444444444 0.5190972222222222 0.7763888888888889 0.515625 0.7708333333333334 0.5104166666666666 0.7680555555555556 0.5034722222222222 0.7694444444444445 0.4982638888888889 0.7791666666666667 0.4982638888888889 0.7847222222222222 0.5017361111111112
0 0.8513888888888889 0.5208333333333334 0.8555555555555555 0.5243055555555556 0.8583333333333333 0.5329861111111112 0.8583333333333333 0.5520833333333334 0.8541666666666666 0.5572916666666666 0.8388888888888889 0.5538194444444444 0.8333333333333334 0.5503472222222222 0.8291666666666667 0.5416666666666666 0.8291666666666667 0.5364583333333334 0.8333333333333334 0.5260416666666666 0.8444444444444444 0.5190972222222222 0.85 0.5208333333333334
0 0.47638888888888886 0.9670138888888888 0.48055555555555557 0.9704861111111112 0.48055555555555557 0.9774305555555556 0.4777777777777778 0.984375 0.46944444444444444 0.9947916666666666 0.46111111111111114 0.9947916666666666 0.4583333333333333 0.9913194444444444 0.4583333333333333 0.9791666666666666 0.4638888888888889 0.9722222222222222 0.475 0.96875
0 0.05 0.7795138888888888 0.05277777777777778 0.7829861111111112 0.05277777777777778 0.796875 0.04861111111111111 0.8038194444444444 0.044444444444444446 0.8055555555555556 0.04027777777777778 0.8038194444444444 0.04027777777777778 0.7847222222222222 0.041666666666666664 0.78125 0.04861111111111111 0.7795138888888888
0 0.3138888888888889 0.7621527777777778 0.3194444444444444 0.7725694444444444 0.3194444444444444 0.7881944444444444 0.3138888888888889 0.8003472222222222 0.30694444444444446 0.8003472222222222 0.30416666666666664 0.7951388888888888 0.30694444444444446 0.7690972222222222 0.3125 0.7621527777777778
0 0.23472222222222222 0.4791666666666667 0.24444444444444444 0.4861111111111111 0.24722222222222223 0.4965277777777778 0.24722222222222223 0.5034722222222222 0.24305555555555555 0.5173611111111112 0.23472222222222222 0.5243055555555556 0.22777777777777777 0.5243055555555556 0.22083333333333333 0.5208333333333334 0.21666666666666667 0.5138888888888888 0.2152777777777778 0.5052083333333334 0.21805555555555556 0.4861111111111111 0.2263888888888889 0.4791666666666667 0.23333333333333334 0.4791666666666667
0 0.8722222222222222 0.5477430555555556 0.025 0.026041666666666668
0 0.5944444444444444 0.4704861111111111 0.6013888888888889 0.4791666666666667 0.6041666666666666 0.4878472222222222 0.6 0.4982638888888889 0.5861111111111111 0.4982638888888889 0.5819444444444445 0.4947916666666667 0.5777777777777777 0.484375 0.5791666666666667 0.46875 0.5930555555555556 0.4704861111111111
0 0.44583333333333336 0.6354166666666666 0.4527777777777778 0.6423611111111112 0.45416666666666666 0.6545138888888888 0.4513888888888889 0.6631944444444444 0.44583333333333336 0.6666666666666666 0.4388888888888889 0.6631944444444444 0.4375 0.6493055555555556 0.44166666666666665 0.6388888888888888 0.4444444444444444 0.6371527777777778
0 0.25833333333333336 0.1267361111111111 0.2611111111111111 0.1371527777777778 0.25416666666666665 0.14756944444444445 0.24722222222222223 0.14583333333333334 0.24583333333333332 0.13194444444444445 0.2513888888888889 0.125 0.2569444444444444 0.1267361111111111
0 0.4583333333333333 0.7083333333333334 0.4666666666666667 0.7118055555555556 0.4708333333333333 0.7170138888888888 0.4722222222222222 0.7309027777777778 0.4708333333333333 0.7413194444444444 0.4666666666666667 0.75 0.4625 0.7552083333333334 0.45416666666666666 0.7552083333333334 0.45 0.7482638888888888 0.4486111111111111 0.71875 0.45416666666666666 0.7100694444444444 0.45694444444444443 0.7100694444444444
0 0.2972222222222222 0.1684027777777778 0.2986111111111111 0.1701388888888889 0.2972222222222222 0.18229166666666666 0.29305555555555557 0.1909722222222222 0.2875 0.19618055555555555 0.28194444444444444 0.19618055555555555 0.2791666666666667 0.19270833333333334 0.2791666666666667 0.18055555555555555 0.2861111111111111 0.1701388888888889 0.29305555555555557 0.16666666666666666 0.29583333333333334 0.1684027777777778