0 0.11944444444444445 0.6006944444444444 0.12361111111111112 0.6041666666666666 0.125 0.6111111111111112 0.12361111111111112 0.6163194444444444 0.11527777777777778 0.6232638888888888 0.09166666666666666 0.6232638888888888 0.08888888888888889 0.6215277777777778 0.08888888888888889 0.6180555555555556 0.09166666666666666 0.6128472222222222 0.10277777777777777 0.6059027777777778 0.11805555555555555 0.6006944444444444
0 0.46111111111111114 0.9114583333333334 0.4625 0.9045138888888888 0.46805555555555556 0.8975694444444444 0.4708333333333333 0.8958333333333334 0.48194444444444445 0.8975694444444444 0.4847222222222222 0.9010416666666666 0.4847222222222222 0.90625 0.48055555555555557 0.9149305555555556 0.47638888888888886 0.9184027777777778 0.46944444444444444 0.9201388888888888 0.4638888888888889 0.9184027777777778 0.4625 0.9131944444444444
0 0.5486111111111112 0.5607638888888888 0.5472222222222223 0.5451388888888888 0.5527777777777778 0.5399305555555556 0.5597222222222222 0.5381944444444444 0.5680555555555555 0.5399305555555556 0.5708333333333333 0.5434027777777778 0.5680555555555555 0.5520833333333334 0.5611111111111111 0.5607638888888888 0.5555555555555556 0.5625 0.55 0.5607638888888888
0 0.2152777777777778 0.5972222222222222 0.2263888888888889 0.6006944444444444 0.23055555555555557 0.6059027777777778 0.23055555555555557 0.6163194444444444 0.22777777777777777 0.6197916666666666 0.21805555555555556 0.6197916666666666 0.21388888888888888 0.6163194444444444 0.20972222222222223 0.6059027777777778 0.20972222222222223 0.5989583333333334 0.21388888888888888 0.5972222222222222
0 0.7236111111111111 0.2934027777777778 0.7291666666666666 0.2986111111111111 0.7305555555555555 0.3107638888888889 0.7166666666666667 0.3246527777777778 0.7083333333333334 0.3229166666666667 0.7083333333333334 0.3125 0.7125 0.3020833333333333 0.7180555555555556 0.2951388888888889 0.7222222222222222 0.2934027777777778
0 0.3111111111111111 0.7673611111111112 0.31666666666666665 0.7795138888888888 0.31666666666666665 0.7951388888888888 0.3125 0.8020833333333334 0.3055555555555556 0.8003472222222222 0.30277777777777776 0.7916666666666666 0.30277777777777776 0.7725694444444444 0.3055555555555556 0.7673611111111112 0.30972222222222223 0.7673611111111112
0 0.044444444444444446 0.7326388888888888 0.05555555555555555 0.7309027777777778 0.0625 0.734375 0.06527777777777778 0.7395833333333334 0.06527777777777778 0.7517361111111112 0.0625 0.7552083333333334 0.04583333333333333 0.7569444444444444 0.043055555555555555 0.7430555555555556 0.044444444444444446 0.734375
0 0.4423611111111111 0.65625 0.015277777777777777 0.03125
0 0.44583333333333336 0.7256944444444444 0.4486111111111111 0.7326388888888888 0.4486111111111111 0.7465277777777778 0.44305555555555554 0.7534722222222222 0.43472222222222223 0.7517361111111112 0.43194444444444446 0.7465277777777778 0.43194444444444446 0.7395833333333334 0.4375 0.7274305555555556 0.4444444444444444 0.7256944444444444
0 0.5847222222222223 0.4652777777777778 0.5916666666666667 0.4670138888888889 0.5986111111111111 0.4739583333333333 0.6 0.4930555555555556 0.5972222222222222 0.4965277777777778 0.5847222222222223 0.4965277777777778 0.5777777777777777 0.4913194444444444 0.575 0.4826388888888889 0.575 0.4722222222222222 0.5763888888888888 0.46875 0.5833333333333334 0.4670138888888889
0 0.8805555555555555 0.5347222222222222 0.8847222222222222 0.5399305555555556 0.8847222222222222 0.5520833333333334 0.8805555555555555 0.5572916666666666 0.8694444444444445 0.5607638888888888 0.8611111111111112 0.5572916666666666 0.8597222222222223 0.5503472222222222 0.8652777777777778 0.5399305555555556 0.8791666666666667 0.5347222222222222
0 0.7048611111111112 0.9114583333333334 0.018055555555555554 0.03125
0 0.8 0.53125 0.8083333333333333 0.5381944444444444 0.8097222222222222 0.5486111111111112 0.8069444444444445 0.5572916666666666 0.7986111111111112 0.5555555555555556 0.7902777777777777 0.5451388888888888 0.7916666666666666 0.5364583333333334 0.7986111111111112 0.53125
0 0.8444444444444444 0.2916666666666667 0.8486111111111111 0.2899305555555556 0.8541666666666666 0.3020833333333333 0.8527777777777777 0.3194444444444444 0.8458333333333333 0.3211805555555556 0.8416666666666667 0.3125 0.8416666666666667 0.3003472222222222 0.8444444444444444 0.2934027777777778
0 0.4777777777777778 0.7569444444444444 0.4791666666666667 0.7517361111111112 0.4888888888888889 0.7413194444444444 0.49583333333333335 0.7413194444444444 0.49722222222222223 0.75 0.49166666666666664 0.7586805555555556 0.4847222222222222 0.7621527777777778 0.4791666666666667 0.7586805555555556
0 0.8972222222222223 0.3697916666666667 0.8958333333333334 0.3645833333333333 0.9027777777777778 0.3506944444444444 0.9125 0.3506944444444444 0.9166666666666666 0.3559027777777778 0.9166666666666666 0.3611111111111111 0.9097222222222222 0.3715277777777778 0.8986111111111111 0.3697916666666667
0 0.46805555555555556 0.9774305555555556 0.4708333333333333 0.9809027777777778 0.4708333333333333 0.9930555555555556 0.4666666666666667 0.9982638888888888 0.4486111111111111 0.9982638888888888 0.44722222222222224 0.9965277777777778 0.44722222222222224 0.9861111111111112 0.45 0.9826388888888888 0.45555555555555555 0.9791666666666666 0.4666666666666667 0.9774305555555556
0 0.8527777777777777 0.5225694444444444 0.8555555555555555 0.53125 0.8555555555555555 0.5486111111111112 0.8541666666666666 0.5538194444444444 0.8513888888888889 0.5520833333333334 0.8486111111111111 0.5590277777777778 0.8305555555555556 0.5520833333333334 0.8263888888888888 0.5434027777777778 0.8263888888888888 0.5329861111111112 0.8305555555555556 0.5260416666666666 0.8361111111111111 0.5225694444444444 0.8402777777777778 0.5208333333333334 0.8513888888888889 0.5225694444444444
0 0.25833333333333336 0.1267361111111111 0.2611111111111111 0.13194444444444445 0.2611111111111111 0.1388888888888889 0.25555555555555554 0.14756944444444445 0.2513888888888889 0.14930555555555555 0.24583333333333332 0.14583333333333334 0.24583333333333332 0.13368055555555555 0.2513888888888889 0.125 0.2569444444444444 0.1267361111111111
0 0.4652777777777778 0.7118055555555556 0.46944444444444444 0.7152777777777778 0.4722222222222222 0.7274305555555556 0.4708333333333333 0.7378472222222222 0.4666666666666667 0.7430555555555556 0.4527777777777778 0.7395833333333334 0.4486111111111111 0.7256944444444444 0.4486111111111111 0.71875 0.4527777777777778 0.7118055555555556 0.45555555555555555 0.7100694444444444 0.4638888888888889 0.7118055555555556
0 0.23472222222222222 0.4791666666666667 0.24444444444444444 0.4878472222222222 0.24583333333333332 0.5086805555555556 0.24305555555555555 0.5173611111111112 0.2388888888888889 0.5225694444444444 0.23194444444444445 0.5260416666666666 0.22777777777777777 0.5260416666666666 0.21944444444444444 0.5208333333333334 0.2152777777777778 0.5104166666666666 0.2152777777777778 0.4947916666666667 0.22083333333333333 0.4826388888888889 0.2263888888888889 0.4791666666666667 0.23333333333333334 0.4791666666666667
0 0.3 0.14930555555555555 0.32083333333333336 0.1579861111111111 0.32083333333333336 0.16319444444444445 0.2986111111111111 0.1684027777777778 0.2861111111111111 0.16666666666666666 0.2833333333333333 0.1579861111111111 0.2847222222222222 0.1527777777777778 0.28888888888888886 0.14930555555555555 0.2986111111111111 0.14930555555555555
0 0.8527777777777777 0.5399305555555556 0.8569444444444444 0.5451388888888888 0.8569444444444444 0.5555555555555556 0.8527777777777777 0.5625 0.8458333333333333 0.5625 0.8416666666666667 0.5572916666666666 0.8430555555555556 0.546875 0.8513888888888889 0.5399305555555556
0 0.4597222222222222 0.7395833333333334 0.46805555555555556 0.7430555555555556 0.4652777777777778 0.7552083333333334 0.4597222222222222 0.7586805555555556 0.45555555555555555 0.7586805555555556 0.4513888888888889 0.7517361111111112 0.4513888888888889 0.7395833333333334 0.4527777777777778 0.7378472222222222 0.4583333333333333 0.7395833333333334
0 0.7944444444444444 0.8888888888888888 0.8041666666666667 0.8871527777777778 0.8069444444444445 0.890625 0.8069444444444445 0.90625 0.8 0.9114583333333334 0.7944444444444444 0.9097222222222222 0.7902777777777777 0.9027777777777778 0.7916666666666666 0.8940972222222222 0.7944444444444444 0.890625
0 0.3263888888888889 0.5069444444444444 0.3388888888888889 0.5225694444444444 0.3388888888888889 0.5347222222222222 0.3347222222222222 0.5399305555555556 0.3263888888888889 0.5399305555555556 0.3194444444444444 0.5364583333333334 0.31666666666666665 0.53125 0.31527777777777777 0.5225694444444444 0.31666666666666665 0.5086805555555556 0.3194444444444444 0.5052083333333334 0.325 0.5069444444444444