0 0.4111111111111111 0.3993055555555556 0.41805555555555557 0.4045138888888889 0.41805555555555557 0.4184027777777778 0.4083333333333333 0.4270833333333333 0.4027777777777778 0.4270833333333333 0.39861111111111114 0.4236111111111111 0.4 0.4079861111111111 0.4097222222222222 0.4010416666666667
0 0.6548611111111111 0.5373263888888888 0.018055555555555554 0.026041666666666668
0 0.2569444444444444 0.10416666666666667 0.2652777777777778 0.1111111111111111 0.2652777777777778 0.1267361111111111 0.2569444444444444 0.13368055555555555 0.24722222222222223 0.13368055555555555 0.24444444444444444 0.1284722222222222 0.24444444444444444 0.11631944444444445 0.24722222222222223 0.1076388888888889 0.25555555555555554 0.10416666666666667
0 0.3236111111111111 0.8871527777777778 0.32916666666666666 0.890625 0.33194444444444443 0.8993055555555556 0.33194444444444443 0.90625 0.32916666666666666 0.9097222222222222 0.32222222222222224 0.9097222222222222 0.31666666666666665 0.90625 0.3125 0.8993055555555556 0.3111111111111111 0.8940972222222222 0.3125 0.8888888888888888 0.32222222222222224 0.8871527777777778
0 0.5208333333333334 0.7795138888888888 0.525 0.7847222222222222 0.5222222222222223 0.8003472222222222 0.5194444444444445 0.8038194444444444 0.5069444444444444 0.8020833333333334 0.5069444444444444 0.7864583333333334 0.5111111111111111 0.78125 0.5194444444444445 0.78125
0 0.5805555555555556 0.7864583333333334 0.5888888888888889 0.7916666666666666 0.5916666666666667 0.796875 0.5916666666666667 0.8072916666666666 0.5875 0.8125 0.5777777777777777 0.8125 0.5722222222222222 0.8072916666666666 0.5708333333333333 0.7951388888888888 0.575 0.7881944444444444 0.5791666666666667 0.7881944444444444
0 0.8791666666666667 0.5399305555555556 0.8875 0.5503472222222222 0.8902777777777777 0.5572916666666666 0.8902777777777777 0.5694444444444444 0.8875 0.5729166666666666 0.8791666666666667 0.5711805555555556 0.875 0.5625 0.875 0.5416666666666666 0.8777777777777778 0.5399305555555556
0 0.5777777777777777 0.4184027777777778 0.5819444444444445 0.4166666666666667 0.5875 0.4236111111111111 0.5875 0.4375 0.5847222222222223 0.4444444444444444 0.5805555555555556 0.4479166666666667 0.5763888888888888 0.4479166666666667 0.5736111111111111 0.4444444444444444 0.5736111111111111 0.4270833333333333 0.5777777777777777 0.4201388888888889
0 0.7305555555555555 0.2152777777777778 0.7347222222222223 0.2170138888888889 0.7388888888888889 0.2326388888888889 0.7472222222222222 0.2465277777777778 0.7472222222222222 0.2621527777777778 0.7402777777777778 0.2673611111111111 0.7277777777777777 0.2552083333333333 0.7236111111111111 0.24131944444444445 0.7236111111111111 0.2309027777777778 0.7291666666666666 0.2170138888888889
0 0.11805555555555555 0.125 0.12361111111111112 0.13368055555555555 0.125 0.1440972222222222 0.12361111111111112 0.15104166666666666 0.11805555555555555 0.15625 0.1125 0.1527777777777778 0.10833333333333334 0.1388888888888889 0.1111111111111111 0.1284722222222222 0.11666666666666667 0.125
0 0.6986111111111111 0.4392361111111111 0.7152777777777778 0.4409722222222222 0.7208333333333333 0.4496527777777778 0.7194444444444444 0.4635416666666667 0.7125 0.4652777777777778 0.7027777777777777 0.4565972222222222 0.6986111111111111 0.4479166666666667 0.6986111111111111 0.4409722222222222
0 0.8736111111111111 0.4513888888888889 0.8777777777777778 0.4583333333333333 0.8777777777777778 0.46875 0.8722222222222222 0.4756944444444444 0.8666666666666667 0.4739583333333333 0.8611111111111112 0.4670138888888889 0.8569444444444444 0.4548611111111111 0.8583333333333333 0.4461805555555556 0.8652777777777778 0.4461805555555556 0.8722222222222222 0.4513888888888889
0 0.21805555555555556 0.7534722222222222 0.22083333333333333 0.7552083333333334 0.2222222222222222 0.7604166666666666 0.21388888888888888 0.7725694444444444 0.20972222222222223 0.7743055555555556 0.20555555555555555 0.7743055555555556 0.2013888888888889 0.7708333333333334 0.2013888888888889 0.7586805555555556 0.20694444444444443 0.7534722222222222 0.21666666666666667 0.7534722222222222
0 0.93125 0.7152777777777778 0.018055555555555554 0.04513888888888889
0 0.6194444444444445 0.006944444444444444 0.6333333333333333 0.017361111111111112 0.6319444444444444 0.020833333333333332 0.6263888888888889 0.024305555555555556 0.6125 0.029513888888888888 0.6055555555555555 0.027777777777777776 0.6013888888888889 0.022569444444444444 0.6013888888888889 0.008680555555555556 0.6069444444444444 0.005208333333333333 0.6180555555555556 0.006944444444444444
0 0.6430555555555556 0.8524305555555556 0.027777777777777776 0.024305555555555556
0 0.9402777777777778 0.6623263888888888 0.016666666666666666 0.026041666666666668
0 0.9388888888888889 0.12152777777777778 0.9402777777777778 0.15104166666666666 0.9375 0.16145833333333334 0.9319444444444445 0.1684027777777778 0.9263888888888889 0.16493055555555555 0.9236111111111112 0.15104166666666666 0.9347222222222222 0.1232638888888889 0.9375 0.12152777777777778
0 0.8395833333333333 0.07465277777777778 0.02361111111111111 0.03819444444444445
0 0.6541666666666667 0.4913194444444444 0.675 0.5086805555555556 0.6763888888888889 0.515625 0.6708333333333333 0.5225694444444444 0.6625 0.5208333333333334 0.6569444444444444 0.515625 0.6513888888888889 0.515625 0.6430555555555556 0.5069444444444444 0.6416666666666667 0.5034722222222222 0.6430555555555556 0.4930555555555556 0.6527777777777778 0.4913194444444444
0 0.8791666666666667 0.9548611111111112 0.8902777777777777 0.9618055555555556 0.8972222222222223 0.9704861111111112 0.8972222222222223 0.9791666666666666 0.8847222222222222 0.9861111111111112 0.8791666666666667 0.9930555555555556 0.8694444444444445 0.9947916666666666 0.8666666666666667 0.9878472222222222 0.8680555555555556 0.9704861111111112 0.8722222222222222 0.9600694444444444 0.8777777777777778 0.9565972222222222
0 0.8819444444444444 0.8211805555555556 0.8875 0.8263888888888888 0.8902777777777777 0.8333333333333334 0.8902777777777777 0.8576388888888888 0.8833333333333333 0.8663194444444444 0.8694444444444445 0.8645833333333334 0.8652777777777778 0.859375 0.8625 0.8472222222222222 0.8638888888888889 0.8385416666666666 0.8680555555555556 0.8298611111111112 0.8805555555555555 0.8211805555555556
0 0.8236111111111111 0 0.8347222222222223 0 0.8347222222222223 0.012152777777777778 0.8305555555555556 0.017361111111111112 0.8236111111111111 0.015625 0.8236111111111111 0.001736111111111111
0 0.18194444444444444 0.7916666666666666 0.18611111111111112 0.7986111111111112 0.18611111111111112 0.8090277777777778 0.18472222222222223 0.8125 0.17777777777777778 0.8159722222222222 0.17083333333333334 0.8125 0.16805555555555557 0.8038194444444444 0.16805555555555557 0.7951388888888888 0.17083333333333334 0.7916666666666666 0.18055555555555555 0.7916666666666666
0 0.2833333333333333 0.609375 0.2875 0.6145833333333334 0.2875 0.6232638888888888 0.2777777777777778 0.6319444444444444 0.26805555555555555 0.6319444444444444 0.2652777777777778 0.6284722222222222 0.2638888888888889 0.6197916666666666 0.2652777777777778 0.6128472222222222 0.2708333333333333 0.6076388888888888 0.28194444444444444 0.609375
0 0.5666666666666667 0.9340277777777778 0.5722222222222222 0.9340277777777778 0.5763888888888888 0.9409722222222222 0.5763888888888888 0.9496527777777778 0.5736111111111111 0.953125 0.5666666666666667 0.953125 0.5652777777777778 0.9496527777777778 0.5666666666666667 0.9357638888888888
0 0.32916666666666666 0.6927083333333334 0.33194444444444443 0.6996527777777778 0.33055555555555555 0.7048611111111112 0.3263888888888889 0.7065972222222222 0.3125 0.7065972222222222 0.30972222222222223 0.7048611111111112 0.30972222222222223 0.6996527777777778 0.31527777777777777 0.6944444444444444 0.3277777777777778 0.6927083333333334
0 0.8625 0.8020833333333334 0.8666666666666667 0.8072916666666666 0.8666666666666667 0.8159722222222222 0.8597222222222223 0.8211805555555556 0.8527777777777777 0.8315972222222222 0.8472222222222222 0.8315972222222222 0.8416666666666667 0.828125 0.8375 0.8211805555555556 0.8375 0.8159722222222222 0.8486111111111111 0.8020833333333334 0.8611111111111112 0.8020833333333334
0 0.6416666666666667 0.5642361111111112 0.019444444444444445 0.03819444444444445
0 0.7013888888888888 0.4166666666666667 0.7055555555555556 0.4149305555555556 0.7111111111111111 0.4166666666666667 0.7152777777777778 0.4253472222222222 0.7125 0.4340277777777778 0.7041666666666667 0.4357638888888889 0.7 0.4322916666666667 0.6986111111111111 0.4253472222222222 0.7013888888888888 0.4184027777777778
0 0.125 0.5243055555555556 0.011111111111111112 0.020833333333333332
0 0.043055555555555555 0.8368055555555556 0.05138888888888889 0.8350694444444444 0.05555555555555555 0.8402777777777778 0.05416666666666667 0.8489583333333334 0.043055555555555555 0.8611111111111112 0.043055555555555555 0.8645833333333334 0.041666666666666664 0.859375 0.043055555555555555 0.8385416666666666