0 0.9222222222222223 0.7100694444444444 0.9291666666666667 0.71875 0.9305555555555556 0.734375 0.9277777777777778 0.7482638888888888 0.9208333333333333 0.7569444444444444 0.9180555555555555 0.7569444444444444 0.9138888888888889 0.7517361111111112 0.9097222222222222 0.7395833333333334 0.9111111111111111 0.7135416666666666 0.9138888888888889 0.7100694444444444 0.9208333333333333 0.7100694444444444
0 0.40694444444444444 0.3923611111111111 0.4111111111111111 0.40625 0.4083333333333333 0.4166666666666667 0.4027777777777778 0.4236111111111111 0.3972222222222222 0.4236111111111111 0.39305555555555555 0.4184027777777778 0.39305555555555555 0.40625 0.4013888888888889 0.3940972222222222 0.40555555555555556 0.3923611111111111
0 0.5777777777777777 0.7847222222222222 0.5861111111111111 0.7899305555555556 0.5875 0.8055555555555556 0.5833333333333334 0.8090277777777778 0.5736111111111111 0.8090277777777778 0.5694444444444444 0.8038194444444444 0.5680555555555555 0.7934027777777778 0.5722222222222222 0.7864583333333334 0.5763888888888888 0.7864583333333334
0 0.6527777777777778 0.5243055555555556 0.6569444444444444 0.53125 0.6569444444444444 0.5399305555555556 0.6513888888888889 0.5486111111111112 0.6444444444444445 0.5486111111111112 0.6402777777777777 0.5364583333333334 0.6416666666666667 0.5277777777777778 0.6444444444444445 0.5243055555555556 0.6513888888888889 0.5243055555555556
0 0.9236111111111112 0.5538194444444444 0.9277777777777778 0.5607638888888888 0.9291666666666667 0.5746527777777778 0.925 0.5850694444444444 0.9152777777777777 0.5815972222222222 0.9125 0.578125 0.9138888888888889 0.5642361111111112 0.9222222222222223 0.5538194444444444
0 0.25 0.11458333333333333 0.25416666666666665 0.1232638888888889 0.25277777777777777 0.13368055555555555 0.24861111111111112 0.1388888888888889 0.2375 0.1423611111111111 0.23194444444444445 0.140625 0.23333333333333334 0.12152777777777778 0.24166666666666667 0.1111111111111111 0.24583333333333332 0.1111111111111111 0.24861111111111112 0.11458333333333333
0 0.10972222222222222 0.1284722222222222 0.11527777777777778 0.13368055555555555 0.11805555555555555 0.140625 0.11805555555555555 0.1579861111111111 0.1125 0.16319444444444445 0.10555555555555556 0.16319444444444445 0.10138888888888889 0.14930555555555555 0.10138888888888889 0.13541666666666666 0.10833333333333334 0.1284722222222222
0 0.6 0.3975694444444444 0.6041666666666666 0.4010416666666667 0.6041666666666666 0.40625 0.5986111111111111 0.4149305555555556 0.5944444444444444 0.4166666666666667 0.5847222222222223 0.4149305555555556 0.5819444444444445 0.4097222222222222 0.5819444444444445 0.4027777777777778 0.5833333333333334 0.3993055555555556 0.5902777777777778 0.3958333333333333 0.5986111111111111 0.3975694444444444
0 0.4013888888888889 0.6545138888888888 0.4027777777777778 0.6614583333333334 0.39861111111111114 0.671875 0.39166666666666666 0.6770833333333334 0.37916666666666665 0.6770833333333334 0.37777777777777777 0.6736111111111112 0.37916666666666665 0.6597222222222222 0.3861111111111111 0.6545138888888888 0.39444444444444443 0.6527777777777778 0.4 0.6545138888888888
0 0.8652777777777778 0.5434027777777778 0.8680555555555556 0.5416666666666666 0.8722222222222222 0.5434027777777778 0.8805555555555555 0.5590277777777778 0.8791666666666667 0.5746527777777778 0.8763888888888889 0.5763888888888888 0.8694444444444445 0.5746527777777778 0.8652777777777778 0.5659722222222222 0.8652777777777778 0.5451388888888888
0 0.5208333333333334 0.7795138888888888 0.5222222222222223 0.7916666666666666 0.5194444444444445 0.8003472222222222 0.5125 0.8072916666666666 0.5083333333333333 0.8072916666666666 0.5041666666666667 0.8038194444444444 0.5027777777777778 0.7934027777777778 0.5055555555555555 0.7864583333333334 0.5194444444444445 0.7795138888888888
0 0.7083333333333334 0.4427083333333333 0.7152777777777778 0.453125 0.7152777777777778 0.4618055555555556 0.7097222222222223 0.4652777777777778 0.7041666666666667 0.4652777777777778 0.6958333333333333 0.4513888888888889 0.6972222222222222 0.4427083333333333 0.7069444444444445 0.4427083333333333
0 0.20833333333333334 0.7690972222222222 0.019444444444444445 0.020833333333333332
0 0.9208333333333333 0.13194444444444445 0.925 0.140625 0.925 0.15625 0.9222222222222223 0.16493055555555555 0.9166666666666666 0.1684027777777778 0.9111111111111111 0.16145833333333334 0.9111111111111111 0.14583333333333334 0.9138888888888889 0.1388888888888889 0.9194444444444444 0.13368055555555555
0 0.5944444444444444 0.001736111111111111 0.6194444444444445 0.013888888888888888 0.6180555555555556 0.022569444444444444 0.5986111111111111 0.027777777777777776 0.5916666666666667 0.019097222222222224 0.5916666666666667 0.008680555555555556 0.5944444444444444 0.003472222222222222
0 0.6277777777777778 0.8532986111111112 0.022222222222222223 0.022569444444444444
0 0.8763888888888889 0.8263888888888888 0.8833333333333333 0.8402777777777778 0.8833333333333333 0.859375 0.8805555555555555 0.8663194444444444 0.8722222222222222 0.8697916666666666 0.8652777777777778 0.8680555555555556 0.8583333333333333 0.8611111111111112 0.8569444444444444 0.8420138888888888 0.8611111111111112 0.8315972222222222 0.8666666666666667 0.8263888888888888 0.8694444444444445 0.8246527777777778 0.875 0.8263888888888888
0 0.8666666666666667 0.9565972222222222 0.8708333333333333 0.9583333333333334 0.8763888888888889 0.9652777777777778 0.8791666666666667 0.9739583333333334 0.8791666666666667 0.984375 0.8763888888888889 0.9947916666666666 0.8638888888888889 0.9965277777777778 0.8611111111111112 0.9930555555555556 0.8569444444444444 0.96875 0.8583333333333333 0.9618055555555556 0.8652777777777778 0.9583333333333334
0 0.8652777777777778 0.4461805555555556 0.8763888888888889 0.4548611111111111 0.8777777777777778 0.4635416666666667 0.8763888888888889 0.4704861111111111 0.8722222222222222 0.4739583333333333 0.8652777777777778 0.4722222222222222 0.8555555555555555 0.4548611111111111 0.8541666666666666 0.4496527777777778 0.8555555555555555 0.4444444444444444 0.8638888888888889 0.4461805555555556
0 0.05 0.8125 0.05555555555555555 0.8177083333333334 0.05277777777777778 0.8315972222222222 0.04861111111111111 0.8368055555555556 0.041666666666666664 0.8368055555555556 0.041666666666666664 0.8194444444444444 0.04861111111111111 0.8142361111111112
0 0.24166666666666667 0.8368055555555556 0.25416666666666665 0.859375 0.25416666666666665 0.8680555555555556 0.24861111111111112 0.8732638888888888 0.24027777777777778 0.8697916666666666 0.23472222222222222 0.8611111111111112 0.23333333333333334 0.84375 0.2361111111111111 0.8368055555555556 0.24027777777777778 0.8368055555555556
0 0.7597222222222222 0 0.775 0 0.775 0.010416666666666666 0.7694444444444445 0.017361111111111112 0.7652777777777777 0.017361111111111112 0.7611111111111111 0.012152777777777778 0.7597222222222222 0.001736111111111111
0 0.575 0.9357638888888888 0.5763888888888888 0.9496527777777778 0.5736111111111111 0.953125 0.5666666666666667 0.953125 0.5652777777777778 0.9496527777777778 0.5652777777777778 0.9375 0.5680555555555555 0.9340277777777778 0.5736111111111111 0.9357638888888888
0 0.6944444444444444 0.4201388888888889 0.6972222222222222 0.4253472222222222 0.6972222222222222 0.4322916666666667 0.6930555555555555 0.4392361111111111 0.6861111111111111 0.4392361111111111 0.6819444444444445 0.4305555555555556 0.6819444444444445 0.4253472222222222 0.6847222222222222 0.4201388888888889 0.6875 0.4184027777777778 0.6930555555555555 0.4201388888888889
0 0.7277777777777777 0.2204861111111111 0.7361111111111112 0.22743055555555555 0.7472222222222222 0.2482638888888889 0.7472222222222222 0.2604166666666667 0.7444444444444445 0.265625 0.7375 0.265625 0.7277777777777777 0.2534722222222222 0.7222222222222222 0.234375 0.7180555555555556 0.22743055555555555 0.7194444444444444 0.2170138888888889 0.7263888888888889 0.2204861111111111
0 0.6416666666666667 0.4947916666666667 0.6611111111111111 0.5121527777777778 0.6611111111111111 0.5208333333333334 0.6583333333333333 0.5225694444444444 0.6486111111111111 0.5225694444444444 0.6361111111111111 0.5173611111111112 0.6305555555555555 0.5121527777777778 0.6277777777777778 0.4965277777777778 0.6319444444444444 0.4930555555555556 0.6402777777777777 0.4947916666666667
0 0.8208333333333333 0.0625 0.8305555555555556 0.06597222222222222 0.8333333333333334 0.07118055555555555 0.8333333333333334 0.09027777777777778 0.8305555555555556 0.10069444444444445 0.8222222222222222 0.10243055555555555 0.8125 0.09375 0.8111111111111111 0.08506944444444445 0.8125 0.07291666666666667 0.8138888888888889 0.06770833333333333 0.8194444444444444 0.0642361111111111
0 0.3388888888888889 0.2421875 0.022222222222222223 0.029513888888888888
0 0.8527777777777777 0.8072916666666666 0.8597222222222223 0.8159722222222222 0.8597222222222223 0.8229166666666666 0.8527777777777777 0.8263888888888888 0.8444444444444444 0.8385416666666666 0.8388888888888889 0.8368055555555556 0.8319444444444445 0.8298611111111112 0.8305555555555556 0.8194444444444444 0.8430555555555556 0.8055555555555556 0.8513888888888889 0.8072916666666666
0 0.6430555555555556 0.5451388888888888 0.6513888888888889 0.5486111111111112 0.6513888888888889 0.5677083333333334 0.6472222222222223 0.5815972222222222 0.6430555555555556 0.5850694444444444 0.6361111111111111 0.5850694444444444 0.6319444444444444 0.5729166666666666 0.6333333333333333 0.5607638888888888 0.6416666666666667 0.546875
0 0.3277777777777778 0.6909722222222222 0.33055555555555555 0.6927083333333334 0.33194444444444443 0.6996527777777778 0.3263888888888889 0.7065972222222222 0.30972222222222223 0.703125 0.3125 0.6961805555555556 0.3263888888888889 0.6909722222222222
0 0.0875 0.7760416666666666 0.09166666666666666 0.7899305555555556 0.09027777777777778 0.8020833333333334 0.08611111111111111 0.8020833333333334 0.0763888888888889 0.7934027777777778 0.07916666666666666 0.7795138888888888 0.08194444444444444 0.7760416666666666 0.08611111111111111 0.7760416666666666
0 0.8652777777777778 0.4826388888888889 0.8680555555555556 0.4895833333333333 0.8680555555555556 0.4947916666666667 0.8652777777777778 0.4982638888888889 0.8597222222222223 0.4982638888888889 0.8555555555555555 0.4895833333333333 0.8583333333333333 0.4809027777777778 0.8638888888888889 0.4826388888888889
0 0.12777777777777777 0.515625 0.13055555555555556 0.5190972222222222 0.13055555555555556 0.5277777777777778 0.12638888888888888 0.5329861111111112 0.12083333333333333 0.53125 0.12083333333333333 0.5173611111111112 0.12638888888888888 0.515625
0 0.8701388888888889 0.1267361111111111 0.018055555555555554 0.041666666666666664
0 0.06944444444444445 0 0.08333333333333333 0 0.08333333333333333 0.005208333333333333 0.07916666666666666 0.008680555555555556 0.06944444444444445 0.005208333333333333 0.06805555555555555 0.003472222222222222 0.06944444444444445 0.001736111111111111
0 0.7756944444444445 0.2994791666666667 0.034722222222222224 0.036458333333333336
0 0.8930555555555556 0.15625 0.8972222222222223 0.1597222222222222 0.9027777777777778 0.1753472222222222 0.9027777777777778 0.18229166666666666 0.9 0.1892361111111111 0.8944444444444445 0.1909722222222222 0.8902777777777777 0.1857638888888889 0.8888888888888888 0.1736111111111111 0.8902777777777777 0.16145833333333334 0.8930555555555556 0.1579861111111111