0 0.45694444444444443 0.034722222222222224 0.022222222222222223 0.04513888888888889
0 0.125 0.59375 0.12777777777777777 0.5989583333333334 0.12777777777777777 0.609375 0.125 0.6145833333333334 0.11944444444444445 0.6180555555555556 0.10416666666666667 0.6180555555555556 0.09166666666666666 0.6145833333333334 0.09027777777777778 0.6111111111111112 0.09861111111111111 0.6024305555555556 0.12361111111111112 0.59375
0 0.22361111111111112 0.5972222222222222 0.23055555555555557 0.6041666666666666 0.23055555555555557 0.6180555555555556 0.2263888888888889 0.6197916666666666 0.21666666666666667 0.6180555555555556 0.2111111111111111 0.6076388888888888 0.2125 0.5972222222222222 0.2222222222222222 0.5972222222222222
0 0.4791666666666667 0.8958333333333334 0.4847222222222222 0.9010416666666666 0.4847222222222222 0.9045138888888888 0.48194444444444445 0.9114583333333334 0.47638888888888886 0.9184027777777778 0.4722222222222222 0.9201388888888888 0.4666666666666667 0.9201388888888888 0.4625 0.9166666666666666 0.4625 0.90625 0.46805555555555556 0.8975694444444444 0.4777777777777778 0.8958333333333334
0 0.725 0.2847222222222222 0.7277777777777777 0.2864583333333333 0.7305555555555555 0.2934027777777778 0.7291666666666666 0.3020833333333333 0.7180555555555556 0.3177083333333333 0.7138888888888889 0.3194444444444444 0.7111111111111111 0.3177083333333333 0.7125 0.2916666666666667 0.7166666666666667 0.2864583333333333 0.7236111111111111 0.2847222222222222
0 0.2861111111111111 0.140625 0.28888888888888886 0.1388888888888889 0.3 0.140625 0.30972222222222223 0.15625 0.30694444444444446 0.16319444444444445 0.29305555555555557 0.16145833333333334 0.2861111111111111 0.1527777777777778 0.2861111111111111 0.1423611111111111
0 0.7055555555555556 0.8958333333333334 0.7125 0.9045138888888888 0.7138888888888889 0.9253472222222222 0.7125 0.9270833333333334 0.7055555555555556 0.9253472222222222 0.6986111111111111 0.9184027777777778 0.6972222222222222 0.9027777777777778 0.7 0.8975694444444444 0.7041666666666667 0.8975694444444444
0 0.5597222222222222 0.5416666666666666 0.5652777777777778 0.546875 0.5652777777777778 0.5520833333333334 0.5555555555555556 0.5590277777777778 0.5458333333333333 0.5590277777777778 0.5388888888888889 0.5538194444444444 0.5361111111111111 0.5486111111111112 0.5361111111111111 0.5416666666666666 0.5402777777777777 0.5381944444444444 0.5527777777777778 0.5381944444444444 0.5583333333333333 0.5416666666666666
0 0.8486111111111111 0.2916666666666667 0.8541666666666666 0.3020833333333333 0.8541666666666666 0.3159722222222222 0.8513888888888889 0.3211805555555556 0.8444444444444444 0.3194444444444444 0.8416666666666667 0.3125 0.8416666666666667 0.3003472222222222 0.8430555555555556 0.2951388888888889 0.8472222222222222 0.2916666666666667
0 0.44722222222222224 0.7274305555555556 0.4486111111111111 0.7447916666666666 0.44166666666666665 0.7534722222222222 0.4375 0.7534722222222222 0.43333333333333335 0.75 0.43194444444444446 0.7395833333333334 0.4375 0.7274305555555556 0.44027777777777777 0.7256944444444444 0.44583333333333336 0.7274305555555556
0 0.30972222222222223 0.7621527777777778 0.3125 0.7638888888888888 0.31805555555555554 0.78125 0.31666666666666665 0.7951388888888888 0.30972222222222223 0.8020833333333334 0.3055555555555556 0.8003472222222222 0.30416666666666664 0.796875 0.30277777777777776 0.7829861111111112 0.30833333333333335 0.7638888888888888
0 0.5881944444444445 0.4826388888888889 0.02361111111111111 0.027777777777777776
0 0.4423611111111111 0.65625 0.015277777777777777 0.03125
0 0.25833333333333336 0.1267361111111111 0.2611111111111111 0.13020833333333334 0.2611111111111111 0.1388888888888889 0.25277777777777777 0.14930555555555555 0.24583333333333332 0.14756944444444445 0.24583333333333332 0.13368055555555555 0.24722222222222223 0.1284722222222222 0.2513888888888889 0.125 0.2569444444444444 0.1267361111111111
0 0.46041666666666664 0.9869791666666666 0.02361111111111111 0.022569444444444444
0 0.7944444444444444 0.5260416666666666 0.7986111111111112 0.5295138888888888 0.8013888888888889 0.5381944444444444 0.8013888888888889 0.5451388888888888 0.7972222222222223 0.5486111111111112 0.7902777777777777 0.546875 0.7847222222222222 0.5399305555555556 0.7833333333333333 0.5347222222222222 0.7833333333333333 0.5295138888888888 0.7861111111111111 0.5260416666666666 0.7930555555555555 0.5260416666666666
0 0.044444444444444446 0.734375 0.05138888888888889 0.7361111111111112 0.05416666666666667 0.7395833333333334 0.05277777777777778 0.7465277777777778 0.044444444444444446 0.7552083333333334 0.04027777777777778 0.7552083333333334 0.04027777777777778 0.7361111111111112 0.043055555555555555 0.734375
0 0.9152777777777777 0.3524305555555556 0.9166666666666666 0.3628472222222222 0.9097222222222222 0.3715277777777778 0.9013888888888889 0.3715277777777778 0.8958333333333334 0.3645833333333333 0.9055555555555556 0.3506944444444444 0.9138888888888889 0.3524305555555556
0 0.49583333333333335 0.7413194444444444 0.4986111111111111 0.7465277777777778 0.49583333333333335 0.7534722222222222 0.49166666666666664 0.7586805555555556 0.4847222222222222 0.7621527777777778 0.4791666666666667 0.7586805555555556 0.48055555555555557 0.75 0.4875 0.7430555555555556 0.49444444444444446 0.7413194444444444
0 0.8729166666666667 0.5477430555555556 0.02361111111111111 0.022569444444444444
0 0.23472222222222222 0.4791666666666667 0.24444444444444444 0.4878472222222222 0.24583333333333332 0.4947916666666667 0.24444444444444444 0.5138888888888888 0.24027777777777778 0.5208333333333334 0.23472222222222222 0.5243055555555556 0.225 0.5243055555555556 0.21944444444444444 0.5208333333333334 0.2152777777777778 0.5104166666666666 0.2152777777777778 0.4947916666666667 0.21805555555555556 0.4861111111111111 0.2263888888888889 0.4791666666666667 0.23333333333333334 0.4791666666666667
0 0.8527777777777777 0.5225694444444444 0.8555555555555555 0.5277777777777778 0.8569444444444444 0.546875 0.8555555555555555 0.5538194444444444 0.85 0.5590277777777778 0.8333333333333334 0.5520833333333334 0.8277777777777777 0.5434027777777778 0.8263888888888888 0.5329861111111112 0.8319444444444445 0.5243055555555556 0.8375 0.5208333333333334 0.8513888888888889 0.5225694444444444
0 0.4625 0.7100694444444444 0.4708333333333333 0.7170138888888888 0.4722222222222222 0.7361111111111112 0.4652777777777778 0.7534722222222222 0.4597222222222222 0.7569444444444444 0.4527777777777778 0.7552083333333334 0.45 0.7482638888888888 0.44722222222222224 0.7239583333333334 0.45416666666666666 0.7100694444444444 0.46111111111111114 0.7100694444444444