0 0.5916666666666667 0.4010416666666667 0.5944444444444444 0.4079861111111111 0.5888888888888889 0.4149305555555556 0.5833333333333334 0.4166666666666667 0.5736111111111111 0.4149305555555556 0.5722222222222222 0.4114583333333333 0.5736111111111111 0.4027777777777778 0.5805555555555556 0.3975694444444444 0.5902777777777778 0.4010416666666667
0 0.4048611111111111 0.4123263888888889 0.018055555555555554 0.029513888888888888
0 0.6111111111111112 0.005208333333333333 0.625 0.010416666666666666 0.6305555555555555 0.015625 0.6291666666666667 0.020833333333333332 0.6138888888888889 0.027777777777777776 0.6027777777777777 0.026041666666666668 0.5986111111111111 0.017361111111111112 0.5986111111111111 0.010416666666666666 0.6027777777777777 0.005208333333333333 0.6097222222222223 0.005208333333333333
0 0.25277777777777777 0.1076388888888889 0.25833333333333336 0.11284722222222222 0.2611111111111111 0.11979166666666667 0.2611111111111111 0.1267361111111111 0.2569444444444444 0.13368055555555555 0.24583333333333332 0.1388888888888889 0.24027777777777778 0.1371527777777778 0.24027777777777778 0.11805555555555555 0.24444444444444444 0.109375 0.2513888888888889 0.1076388888888889
0 0.6583333333333333 0.5243055555555556 0.6625 0.53125 0.6625 0.5399305555555556 0.6597222222222222 0.546875 0.6541666666666667 0.5503472222222222 0.6458333333333334 0.5451388888888888 0.6444444444444445 0.53125 0.6472222222222223 0.5243055555555556 0.6513888888888889 0.5225694444444444 0.6569444444444444 0.5243055555555556
0 0.5805555555555556 0.7847222222222222 0.5875 0.7899305555555556 0.5916666666666667 0.8003472222222222 0.5916666666666667 0.8072916666666666 0.5888888888888889 0.8107638888888888 0.5763888888888888 0.8107638888888888 0.5708333333333333 0.8020833333333334 0.5694444444444444 0.7899305555555556 0.575 0.7847222222222222 0.5791666666666667 0.7847222222222222
0 0.9319444444444445 0.11458333333333333 0.9347222222222222 0.14583333333333334 0.9305555555555556 0.16145833333333334 0.925 0.16319444444444445 0.9208333333333333 0.1545138888888889 0.9208333333333333 0.1423611111111111 0.9277777777777778 0.11979166666666667 0.9305555555555556 0.11631944444444445
0 0.28888888888888886 0.9053819444444444 0.016666666666666666 0.029513888888888888
0 0.7 0.4375 0.7125 0.4409722222222222 0.7194444444444444 0.4479166666666667 0.7208333333333333 0.4565972222222222 0.7166666666666667 0.4635416666666667 0.7083333333333334 0.4635416666666667 0.7013888888888888 0.4565972222222222 0.6930555555555555 0.4427083333333333 0.6944444444444444 0.4375 0.6986111111111111 0.4375
0 0.1125 0.1232638888888889 0.11805555555555555 0.1284722222222222 0.12083333333333333 0.13541666666666666 0.12083333333333333 0.15104166666666666 0.1125 0.15625 0.10555555555555556 0.14583333333333334 0.10416666666666667 0.13194444444444445 0.10833333333333334 0.125 0.1111111111111111 0.125
0 0.06041666666666667 0.8619791666666666 0.015277777777777777 0.03993055555555555
0 0.31666666666666665 0.6545138888888888 0.31666666666666665 0.6475694444444444 0.3236111111111111 0.6371527777777778 0.3347222222222222 0.6336805555555556 0.3416666666666667 0.6336805555555556 0.34444444444444444 0.6371527777777778 0.3458333333333333 0.6423611111111112 0.34444444444444444 0.6475694444444444 0.3347222222222222 0.65625 0.31805555555555554 0.6545138888888888
0 0.8763888888888889 0.5399305555555556 0.8833333333333333 0.5486111111111112 0.8861111111111111 0.5572916666666666 0.8861111111111111 0.5694444444444444 0.8833333333333333 0.5729166666666666 0.8763888888888889 0.5711805555555556 0.8694444444444445 0.5607638888888888 0.8694444444444445 0.5416666666666666 0.8722222222222222 0.5381944444444444 0.875 0.5399305555555556
0 0.5222222222222223 0.7795138888888888 0.5236111111111111 0.7899305555555556 0.5152777777777777 0.8072916666666666 0.5083333333333333 0.8072916666666666 0.5041666666666667 0.8020833333333334 0.5027777777777778 0.7951388888888888 0.5041666666666667 0.7899305555555556 0.5097222222222222 0.7829861111111112 0.5208333333333334 0.7795138888888888
0 0.22083333333333333 0.7552083333333334 0.22361111111111112 0.7586805555555556 0.22361111111111112 0.7638888888888888 0.21666666666666667 0.7743055555555556 0.20694444444444443 0.7777777777777778 0.2013888888888889 0.7743055555555556 0.20277777777777778 0.7586805555555556 0.20694444444444443 0.7552083333333334 0.21944444444444444 0.7552083333333334
0 0.7305555555555555 0.2152777777777778 0.7472222222222222 0.2465277777777778 0.7472222222222222 0.2621527777777778 0.7416666666666667 0.2673611111111111 0.7333333333333333 0.2621527777777778 0.725 0.2482638888888889 0.7236111111111111 0.22395833333333334 0.725 0.21875 0.7291666666666666 0.2152777777777778
0 0.8583333333333333 0.4427083333333333 0.8694444444444445 0.4479166666666667 0.8777777777777778 0.4565972222222222 0.8791666666666667 0.4652777777777778 0.875 0.4739583333333333 0.8666666666666667 0.4739583333333333 0.8611111111111112 0.46875 0.8527777777777777 0.4479166666666667 0.8527777777777777 0.4444444444444444 0.8569444444444444 0.4427083333333333
0 0.6444444444444445 0.8402777777777778 0.65 0.8454861111111112 0.6513888888888889 0.8506944444444444 0.6486111111111111 0.859375 0.6430555555555556 0.8645833333333334 0.6347222222222222 0.8645833333333334 0.6291666666666667 0.8611111111111112 0.6277777777777778 0.8576388888888888 0.6277777777777778 0.8524305555555556 0.6333333333333333 0.84375 0.6430555555555556 0.8402777777777778
0 0.6513888888888889 0.4913194444444444 0.6694444444444444 0.5104166666666666 0.6708333333333333 0.5190972222222222 0.6666666666666666 0.5225694444444444 0.6444444444444445 0.5173611111111112 0.6388888888888888 0.5121527777777778 0.6361111111111111 0.5052083333333334 0.6361111111111111 0.4965277777777778 0.6430555555555556 0.4913194444444444 0.65 0.4913194444444444
0 0.8819444444444444 0.8229166666666666 0.8875 0.8315972222222222 0.8888888888888888 0.8576388888888888 0.8833333333333333 0.8663194444444444 0.8791666666666667 0.8680555555555556 0.8680555555555556 0.8645833333333334 0.8625 0.8559027777777778 0.8611111111111112 0.8454861111111112 0.8652777777777778 0.8315972222222222 0.8722222222222222 0.8246527777777778 0.8805555555555555 0.8229166666666666
0 0.9347222222222222 0.6736111111111112 0.9388888888888889 0.6805555555555556 0.9388888888888889 0.6857638888888888 0.9305555555555556 0.7013888888888888 0.9222222222222223 0.6996527777777778 0.9194444444444444 0.6892361111111112 0.925 0.6770833333333334 0.9333333333333333 0.6736111111111112
0 0.9479166666666666 0.5659722222222222 0.0125 0.024305555555555556
0 0.8388888888888889 0.06076388888888889 0.8458333333333333 0.06944444444444445 0.8458333333333333 0.08333333333333333 0.8402777777777778 0.09722222222222222 0.8277777777777777 0.09375 0.8236111111111111 0.08854166666666667 0.8222222222222222 0.08159722222222222 0.8236111111111111 0.06770833333333333 0.8319444444444445 0.059027777777777776 0.8375 0.06076388888888889
0 0.875 0.9548611111111112 0.8819444444444444 0.9635416666666666 0.8833333333333333 0.9809027777777778 0.8805555555555555 0.9913194444444444 0.8736111111111111 0.9965277777777778 0.8666666666666667 0.9947916666666666 0.8652777777777778 0.9895833333333334 0.8666666666666667 0.9583333333333334 0.8694444444444445 0.9548611111111112 0.8736111111111111 0.9548611111111112
0 0.5666666666666667 0.9340277777777778 0.5722222222222222 0.9340277777777778 0.5763888888888888 0.9409722222222222 0.5763888888888888 0.9496527777777778 0.5694444444444444 0.9548611111111112 0.5652777777777778 0.9513888888888888 0.5666666666666667 0.9357638888888888
0 0.6388888888888888 0.5486111111111112 0.6458333333333334 0.5451388888888888 0.6527777777777778 0.5538194444444444 0.6513888888888889 0.5763888888888888 0.6375 0.5850694444444444 0.6333333333333333 0.5798611111111112 0.6319444444444444 0.5625 0.6361111111111111 0.5520833333333334 0.6388888888888888 0.5503472222222222
0 0.9263888888888889 0.6996527777777778 0.9305555555555556 0.7048611111111112 0.9305555555555556 0.7361111111111112 0.9277777777777778 0.7482638888888888 0.925 0.7517361111111112 0.9222222222222223 0.7517361111111112 0.9180555555555555 0.7465277777777778 0.9152777777777777 0.7309027777777778 0.9166666666666666 0.7083333333333334 0.9208333333333333 0.6996527777777778 0.925 0.6996527777777778
0 0.32013888888888886 0.6987847222222222 0.02361111111111111 0.015625
0 0.7708333333333334 0 0.7861111111111111 0 0.7861111111111111 0.006944444444444444 0.7833333333333333 0.010416666666666666 0.7722222222222223 0.008680555555555556 0.7708333333333334 0.001736111111111111
0 0.8555555555555555 0.8038194444444444 0.8625 0.8072916666666666 0.8638888888888889 0.8177083333333334 0.8625 0.8211805555555556 0.8555555555555555 0.8246527777777778 0.8527777777777777 0.8315972222222222 0.85 0.8333333333333334 0.8402777777777778 0.8315972222222222 0.8361111111111111 0.8263888888888888 0.8347222222222223 0.8177083333333334 0.8444444444444444 0.8072916666666666 0.8541666666666666 0.8038194444444444
0 0.125 0.5138888888888888 0.12916666666666668 0.5173611111111112 0.13055555555555556 0.5243055555555556 0.12916666666666668 0.5295138888888888 0.12361111111111112 0.5347222222222222 0.11944444444444445 0.5277777777777778 0.11944444444444445 0.5173611111111112 0.12361111111111112 0.5138888888888888
0 0.28194444444444444 0.59375 0.28194444444444444 0.6111111111111112 0.2902777777777778 0.6302083333333334 0.2902777777777778 0.6371527777777778 0.2791666666666667 0.6510416666666666 0.2625 0.6336805555555556 0.2625 0.6197916666666666 0.2638888888888889 0.6076388888888888 0.26666666666666666 0.6024305555555556 0.275 0.59375 0.2777777777777778 0.5920138888888888 0.28055555555555556 0.59375
0 0.7236111111111111 0.08506944444444445 0.7291666666666666 0.08506944444444445 0.7347222222222223 0.0920138888888889 0.7347222222222223 0.10243055555555555 0.7305555555555555 0.1076388888888889 0.725 0.1076388888888889 0.7222222222222222 0.09895833333333333 0.7236111111111111 0.08680555555555555
0 0.9347222222222222 0.8975694444444444 0.9291666666666667 0.8819444444444444 0.9291666666666667 0.8767361111111112 0.9333333333333333 0.8680555555555556 0.9388888888888889 0.8697916666666666 0.9444444444444444 0.8888888888888888 0.9416666666666667 0.8993055555555556 0.9361111111111111 0.8975694444444444