0 0.12916666666666668 0.5868055555555556 0.13472222222222222 0.5885416666666666 0.14027777777777778 0.5989583333333334 0.14027777777777778 0.6076388888888888 0.13055555555555556 0.6128472222222222 0.12083333333333333 0.6111111111111112 0.10416666666666667 0.5972222222222222 0.10972222222222222 0.5902777777777778 0.12777777777777777 0.5868055555555556
0 0.5125 0.5677083333333334 0.025 0.020833333333333332
0 0.2263888888888889 0.6006944444444444 0.23472222222222222 0.6111111111111112 0.23472222222222222 0.6197916666666666 0.23055555555555557 0.6232638888888888 0.21944444444444444 0.6215277777777778 0.21388888888888888 0.609375 0.2152777777777778 0.6006944444444444 0.225 0.6006944444444444
0 0.8444444444444444 0.5486111111111112 0.8416666666666667 0.5416666666666666 0.8416666666666667 0.5295138888888888 0.8472222222222222 0.5208333333333334 0.8513888888888889 0.5190972222222222 0.8680555555555556 0.5208333333333334 0.8722222222222222 0.5277777777777778 0.8722222222222222 0.5329861111111112 0.8694444444444445 0.5399305555555556 0.8569444444444444 0.5538194444444444 0.8513888888888889 0.5538194444444444 0.8458333333333333 0.5486111111111112
0 0.3055555555555556 0.8003472222222222 0.30416666666666664 0.78125 0.30972222222222223 0.7604166666666666 0.3138888888888889 0.7604166666666666 0.31666666666666665 0.7673611111111112 0.3194444444444444 0.7881944444444444 0.3138888888888889 0.8003472222222222 0.3111111111111111 0.8020833333333334 0.30694444444444446 0.8003472222222222
0 0.4777777777777778 0.8958333333333334 0.48333333333333334 0.8993055555555556 0.48333333333333334 0.9079861111111112 0.475 0.9184027777777778 0.4638888888888889 0.9184027777777778 0.4625 0.9045138888888888 0.46944444444444444 0.8958333333333334 0.47638888888888886 0.8958333333333334
0 0.9166666666666666 0.3506944444444444 0.9194444444444444 0.3576388888888889 0.9180555555555555 0.3663194444444444 0.9069444444444444 0.3732638888888889 0.9 0.3715277777777778 0.8958333333333334 0.3645833333333333 0.9069444444444444 0.3506944444444444 0.9097222222222222 0.3489583333333333 0.9152777777777777 0.3506944444444444
0 0.7305555555555555 0.265625 0.7333333333333333 0.2725694444444444 0.7333333333333333 0.2829861111111111 0.7263888888888889 0.2986111111111111 0.7222222222222222 0.2986111111111111 0.7194444444444444 0.2934027777777778 0.7194444444444444 0.2777777777777778 0.7222222222222222 0.2690972222222222 0.725 0.265625 0.7291666666666666 0.265625
0 0.5833333333333334 0.4704861111111111 0.5944444444444444 0.4756944444444444 0.5986111111111111 0.4809027777777778 0.6013888888888889 0.4913194444444444 0.5986111111111111 0.4982638888888889 0.5861111111111111 0.4982638888888889 0.5791666666666667 0.4913194444444444 0.5777777777777777 0.4722222222222222 0.5819444444444445 0.4704861111111111
0 0.8486111111111111 0.3064236111111111 0.013888888888888888 0.029513888888888888
0 0.48055555555555557 0.7604166666666666 0.4791666666666667 0.7569444444444444 0.48055555555555557 0.75 0.4930555555555556 0.7395833333333334 0.5 0.7413194444444444 0.49722222222222223 0.7569444444444444 0.49027777777777776 0.7621527777777778 0.48194444444444445 0.7604166666666666
0 0.44027777777777777 0.7361111111111112 0.016666666666666666 0.027777777777777776
0 0.4625 0.7083333333333334 0.4708333333333333 0.7170138888888888 0.4722222222222222 0.7291666666666666 0.4708333333333333 0.7395833333333334 0.4666666666666667 0.75 0.4583333333333333 0.7552083333333334 0.45416666666666666 0.7534722222222222 0.4486111111111111 0.7430555555555556 0.44722222222222224 0.7204861111111112 0.45416666666666666 0.7083333333333334 0.46111111111111114 0.7083333333333334
0 0.2833333333333333 0.1736111111111111 0.2875 0.1753472222222222 0.2875 0.18229166666666666 0.2652777777777778 0.1996527777777778 0.2569444444444444 0.19791666666666666 0.25555555555555554 0.19444444444444445 0.2569444444444444 0.1840277777777778 0.2652777777777778 0.17708333333333334 0.28194444444444444 0.1736111111111111
0 0.47638888888888886 0.96875 0.48055555555555557 0.9722222222222222 0.4791666666666667 0.9826388888888888 0.4708333333333333 0.9930555555555556 0.4597222222222222 0.9930555555555556 0.45694444444444443 0.9878472222222222 0.45694444444444443 0.9791666666666666 0.4597222222222222 0.9739583333333334 0.475 0.9704861111111112
0 0.7652777777777777 0.5069444444444444 0.7666666666666667 0.5086805555555556 0.7652777777777777 0.5138888888888888 0.75 0.5347222222222222 0.7430555555555556 0.5347222222222222 0.7402777777777778 0.53125 0.7416666666666667 0.515625 0.7458333333333333 0.5104166666666666 0.7527777777777778 0.5069444444444444 0.7583333333333333 0.5052083333333334 0.7638888888888888 0.5069444444444444
0 0.7055555555555556 0.8940972222222222 0.7180555555555556 0.9097222222222222 0.7166666666666667 0.9270833333333334 0.7111111111111111 0.9270833333333334 0.7 0.9131944444444444 0.7 0.9010416666666666 0.7013888888888888 0.8958333333333334 0.7041666666666667 0.8940972222222222
0 0.46944444444444444 0.03125 0.4708333333333333 0.043402777777777776 0.4666666666666667 0.05381944444444445 0.4638888888888889 0.05555555555555555 0.45694444444444443 0.05555555555555555 0.4513888888888889 0.052083333333333336 0.44583333333333336 0.043402777777777776 0.44583333333333336 0.034722222222222224 0.45555555555555555 0.027777777777777776 0.4652777777777778 0.027777777777777776 0.46805555555555556 0.03125
0 0.8805555555555555 0.5364583333333334 0.8833333333333333 0.5381944444444444 0.8861111111111111 0.5451388888888888 0.8847222222222222 0.5520833333333334 0.8777777777777778 0.5590277777777778 0.8666666666666667 0.5625 0.8583333333333333 0.5607638888888888 0.8555555555555555 0.5538194444444444 0.8694444444444445 0.5399305555555556 0.8791666666666667 0.5364583333333334
0 0.43472222222222223 0.027777777777777776 0.44305555555555554 0.03298611111111111 0.4444444444444444 0.036458333333333336 0.44305555555555554 0.04861111111111111 0.4375 0.05381944444444445 0.43194444444444446 0.05381944444444445 0.425 0.04861111111111111 0.4222222222222222 0.03993055555555555 0.4236111111111111 0.03298611111111111 0.42777777777777776 0.029513888888888888 0.43333333333333335 0.029513888888888888
0 0.23472222222222222 0.4791666666666667 0.24305555555555555 0.484375 0.24722222222222223 0.4930555555555556 0.24583333333333332 0.5121527777777778 0.24027777777777778 0.5208333333333334 0.23472222222222222 0.5243055555555556 0.2263888888888889 0.5243055555555556 0.21944444444444444 0.5190972222222222 0.21666666666666667 0.5138888888888888 0.21805555555555556 0.4878472222222222 0.2263888888888889 0.4791666666666667 0.23333333333333334 0.4791666666666667
0 0.4513888888888889 0.6354166666666666 0.45416666666666666 0.6388888888888888 0.45555555555555555 0.6510416666666666 0.4527777777777778 0.6614583333333334 0.4486111111111111 0.6666666666666666 0.44166666666666665 0.6649305555555556 0.44027777777777777 0.6458333333333334 0.44583333333333336 0.6354166666666666 0.45 0.6354166666666666
0 0.24722222222222223 0.14756944444444445 0.24583333333333332 0.13194444444444445 0.2513888888888889 0.125 0.25833333333333336 0.125 0.2611111111111111 0.1284722222222222 0.2611111111111111 0.1371527777777778 0.25416666666666665 0.14756944444444445 0.2513888888888889 0.14930555555555555 0.24861111111111112 0.14756944444444445
0 0.7777777777777778 0.3454861111111111 0.7833333333333333 0.3524305555555556 0.7833333333333333 0.3645833333333333 0.7805555555555556 0.3680555555555556 0.7763888888888889 0.3680555555555556 0.7680555555555556 0.3611111111111111 0.7694444444444445 0.3472222222222222 0.7763888888888889 0.3454861111111111
0 0.04027777777777778 0.78125 0.059722222222222225 0.78125 0.0625 0.7847222222222222 0.06111111111111111 0.7899305555555556 0.05277777777777778 0.7951388888888888 0.04027777777777778 0.7986111111111112 0.04027777777777778 0.7829861111111112
0 0.7916666666666666 0.3663194444444444 0.7958333333333333 0.3732638888888889 0.7944444444444444 0.375 0.7958333333333333 0.3871527777777778 0.7930555555555555 0.3940972222222222 0.7819444444444444 0.3940972222222222 0.7791666666666667 0.3888888888888889 0.7805555555555556 0.3680555555555556 0.7847222222222222 0.3645833333333333 0.7902777777777777 0.3663194444444444
0 0.3277777777777778 0.5017361111111112 0.33194444444444443 0.5121527777777778 0.34305555555555556 0.5243055555555556 0.3416666666666667 0.5364583333333334 0.3333333333333333 0.5399305555555556 0.325 0.5364583333333334 0.3194444444444444 0.5295138888888888 0.31805555555555554 0.515625 0.32083333333333336 0.5086805555555556 0.3263888888888889 0.5034722222222222
0 0.42430555555555555 0.7369791666666666 0.015277777777777777 0.019097222222222224
0 0.8138888888888889 0.8871527777777778 0.8166666666666667 0.8923611111111112 0.8166666666666667 0.8993055555555556 0.8111111111111111 0.9097222222222222 0.8041666666666667 0.9097222222222222 0.8 0.9045138888888888 0.8 0.890625 0.8069444444444445 0.8854166666666666 0.8125 0.8871527777777778