0 0.7083333333333334 0.3359375 0.016666666666666666 0.029513888888888888
0 0.5805555555555556 0.515625 0.5819444444444445 0.5190972222222222 0.5805555555555556 0.5260416666666666 0.5722222222222222 0.5347222222222222 0.5611111111111111 0.5329861111111112 0.5569444444444445 0.5225694444444444 0.5625 0.5138888888888888 0.5666666666666667 0.5121527777777778 0.5736111111111111 0.5121527777777778 0.5791666666666667 0.515625
0 0.48333333333333334 0.8975694444444444 0.4847222222222222 0.9045138888888888 0.48194444444444445 0.9114583333333334 0.47638888888888886 0.9184027777777778 0.4722222222222222 0.9201388888888888 0.4666666666666667 0.9201388888888888 0.4625 0.9166666666666666 0.46111111111111114 0.9131944444444444 0.4625 0.9045138888888888 0.4708333333333333 0.8958333333333334 0.48194444444444445 0.8975694444444444
0 0.21944444444444444 0.6006944444444444 0.22361111111111112 0.6024305555555556 0.22777777777777777 0.609375 0.22777777777777777 0.6180555555555556 0.225 0.6215277777777778 0.21666666666666667 0.6215277777777778 0.20972222222222223 0.6145833333333334 0.20833333333333334 0.6076388888888888 0.20972222222222223 0.6024305555555556 0.21805555555555556 0.6006944444444444
0 0.44166666666666665 0.6388888888888888 0.44722222222222224 0.6493055555555556 0.44722222222222224 0.6597222222222222 0.4444444444444444 0.6684027777777778 0.4388888888888889 0.6736111111111112 0.43472222222222223 0.671875 0.43194444444444446 0.6666666666666666 0.43194444444444446 0.6510416666666666 0.43333333333333335 0.6458333333333334 0.44027777777777777 0.6388888888888888
0 0.058333333333333334 0.7465277777777778 0.0625 0.7361111111111112 0.06944444444444445 0.7274305555555556 0.07361111111111111 0.7274305555555556 0.07777777777777778 0.734375 0.075 0.7465277777777778 0.06805555555555555 0.7534722222222222 0.06111111111111111 0.7534722222222222 0.059722222222222225 0.7482638888888888
0 0.8055555555555556 0.5538194444444444 0.8097222222222222 0.5555555555555556 0.8138888888888889 0.5642361111111112 0.8125 0.5746527777777778 0.8027777777777778 0.5746527777777778 0.7972222222222223 0.5694444444444444 0.7958333333333333 0.5572916666666666 0.8 0.5538194444444444 0.8041666666666667 0.5538194444444444
0 0.7041666666666667 0.8958333333333334 0.7083333333333334 0.9010416666666666 0.7111111111111111 0.9131944444444444 0.7083333333333334 0.9253472222222222 0.6986111111111111 0.9236111111111112 0.6930555555555555 0.9114583333333334 0.6958333333333333 0.8975694444444444 0.7027777777777777 0.8958333333333334
0 0.9013888888888889 0.3506944444444444 0.9111111111111111 0.3489583333333333 0.9152777777777777 0.3524305555555556 0.9152777777777777 0.3645833333333333 0.9069444444444444 0.3715277777777778 0.9013888888888889 0.3715277777777778 0.8958333333333334 0.3663194444444444 0.9013888888888889 0.3524305555555556
0 0.43472222222222223 0.7517361111111112 0.43194444444444446 0.7465277777777778 0.43194444444444446 0.7378472222222222 0.43333333333333335 0.7326388888888888 0.44027777777777777 0.7256944444444444 0.4444444444444444 0.7256944444444444 0.44722222222222224 0.7291666666666666 0.4486111111111111 0.7465277777777778 0.44166666666666665 0.7534722222222222 0.4361111111111111 0.7517361111111112
0 0.8805555555555555 0.5347222222222222 0.8847222222222222 0.5416666666666666 0.8847222222222222 0.5503472222222222 0.8819444444444444 0.5555555555555556 0.8763888888888889 0.5590277777777778 0.8638888888888889 0.5590277777777778 0.8597222222222223 0.5503472222222222 0.8652777777777778 0.5416666666666666 0.8791666666666667 0.5347222222222222
0 0.8444444444444444 0.2916666666666667 0.8486111111111111 0.2899305555555556 0.8555555555555555 0.3055555555555556 0.8541666666666666 0.3194444444444444 0.85 0.3229166666666667 0.8458333333333333 0.3211805555555556 0.8416666666666667 0.3125 0.8416666666666667 0.3003472222222222 0.8444444444444444 0.2934027777777778
0 0.30486111111111114 0.7847222222222222 0.0125 0.034722222222222224
0 0.5861111111111111 0.4704861111111111 0.5944444444444444 0.4739583333333333 0.5986111111111111 0.4791666666666667 0.6 0.4930555555555556 0.5972222222222222 0.4965277777777778 0.5847222222222223 0.4965277777777778 0.5777777777777777 0.4878472222222222 0.5763888888888888 0.4722222222222222 0.5847222222222223 0.4704861111111111
0 0.11944444444444445 0.5989583333333334 0.12083333333333333 0.6128472222222222 0.11666666666666667 0.6197916666666666 0.1111111111111111 0.6232638888888888 0.08611111111111111 0.6232638888888888 0.08472222222222223 0.6197916666666666 0.0875 0.6128472222222222 0.10416666666666667 0.6006944444444444 0.1125 0.5972222222222222 0.11805555555555555 0.5989583333333334
0 0.4791666666666667 0.7604166666666666 0.4777777777777778 0.7569444444444444 0.4791666666666667 0.7517361111111112 0.49027777777777776 0.7395833333333334 0.49444444444444446 0.7395833333333334 0.49722222222222223 0.7430555555555556 0.49444444444444446 0.7552083333333334 0.4847222222222222 0.7621527777777778 0.48055555555555557 0.7604166666666666
0 0.45625 0.9878472222222222 0.02361111111111111 0.020833333333333332
0 0.2361111111111111 0.4809027777777778 0.24166666666666667 0.484375 0.24444444444444444 0.4895833333333333 0.24583333333333332 0.5069444444444444 0.24166666666666667 0.5190972222222222 0.23194444444444445 0.5260416666666666 0.2263888888888889 0.5260416666666666 0.2152777777777778 0.515625 0.21388888888888888 0.4982638888888889 0.21805555555555556 0.484375 0.22916666666666666 0.4791666666666667 0.23472222222222222 0.4809027777777778
0 0.8444444444444444 0.5451388888888888 0.8486111111111111 0.5416666666666666 0.8527777777777777 0.5416666666666666 0.8555555555555555 0.5486111111111112 0.8555555555555555 0.5590277777777778 0.8513888888888889 0.5642361111111112 0.8458333333333333 0.5642361111111112 0.8416666666666667 0.5590277777777778 0.8416666666666667 0.5520833333333334 0.8444444444444444 0.546875
0 0.46111111111111114 0.7100694444444444 0.4652777777777778 0.7118055555555556 0.4708333333333333 0.7204861111111112 0.4708333333333333 0.7413194444444444 0.4625 0.7569444444444444 0.45555555555555555 0.7569444444444444 0.4513888888888889 0.7534722222222222 0.44722222222222224 0.7274305555555556 0.4486111111111111 0.7170138888888888 0.4527777777777778 0.7118055555555556 0.4597222222222222 0.7100694444444444
0 0.8472222222222222 0.5208333333333334 0.8527777777777777 0.5260416666666666 0.8541666666666666 0.546875 0.85 0.546875 0.8444444444444444 0.5520833333333334 0.8458333333333333 0.5590277777777778 0.8305555555555556 0.5538194444444444 0.8263888888888888 0.5451388888888888 0.8263888888888888 0.5329861111111112 0.8333333333333334 0.5243055555555556 0.8458333333333333 0.5208333333333334
0 0.31666666666666665 0.14930555555555555 0.019444444444444445 0.04513888888888889
0 0.2638888888888889 0.125 0.26805555555555555 0.13020833333333334 0.25555555555555554 0.14756944444444445 0.2513888888888889 0.14930555555555555 0.24861111111111112 0.14930555555555555 0.24444444444444444 0.1423611111111111 0.24583333333333332 0.13020833333333334 0.25 0.125 0.2625 0.125
0 0.8 0.8871527777777778 0.8055555555555556 0.8975694444444444 0.8027777777777778 0.9079861111111112 0.8 0.9114583333333334 0.7958333333333333 0.9114583333333334 0.7888888888888889 0.9027777777777778 0.7916666666666666 0.8923611111111112 0.7986111111111112 0.8888888888888888