0 0.7208333333333333 0.24479166666666666 0.7236111111111111 0.2465277777777778 0.7291666666666666 0.2586805555555556 0.7305555555555555 0.2725694444444444 0.7277777777777777 0.2760416666666667 0.7166666666666667 0.2690972222222222 0.7125 0.2586805555555556 0.7125 0.2482638888888889 0.7152777777777778 0.24479166666666666 0.7194444444444444 0.24479166666666666
0 0.48194444444444445 0.8993055555555556 0.48333333333333334 0.90625 0.4791666666666667 0.9149305555555556 0.475 0.9184027777777778 0.4652777777777778 0.9184027777777778 0.4625 0.9149305555555556 0.4625 0.9079861111111112 0.4652777777777778 0.9010416666666666 0.46944444444444444 0.8975694444444444 0.48055555555555557 0.8993055555555556
0 0.14166666666666666 0.5868055555555556 0.14444444444444443 0.5920138888888888 0.14444444444444443 0.6006944444444444 0.14166666666666666 0.6059027777777778 0.1361111111111111 0.6076388888888888 0.12777777777777777 0.6059027777777778 0.11666666666666667 0.5989583333333334 0.1125 0.59375 0.1125 0.5902777777777778 0.11527777777777778 0.5868055555555556 0.12638888888888888 0.5850694444444444 0.14027777777777778 0.5868055555555556
0 0.31527777777777777 0.7708333333333334 0.3194444444444444 0.7760416666666666 0.3194444444444444 0.7934027777777778 0.31527777777777777 0.8003472222222222 0.30833333333333335 0.8003472222222222 0.30694444444444446 0.796875 0.30833333333333335 0.7777777777777778 0.3138888888888889 0.7708333333333334
0 0.4986111111111111 0.7413194444444444 0.5 0.7430555555555556 0.4986111111111111 0.7534722222222222 0.4930555555555556 0.7604166666666666 0.4888888888888889 0.7621527777777778 0.48333333333333334 0.7621527777777778 0.48055555555555557 0.7552083333333334 0.4875 0.7447916666666666 0.49722222222222223 0.7413194444444444
0 0.5194444444444445 0.5868055555555556 0.5222222222222223 0.5954861111111112 0.5194444444444445 0.6059027777777778 0.5125 0.6163194444444444 0.5041666666666667 0.6163194444444444 0.5013888888888889 0.6128472222222222 0.5013888888888889 0.6024305555555556 0.5083333333333333 0.5902777777777778 0.5180555555555556 0.5868055555555556
0 0.22361111111111112 0.6006944444444444 0.23472222222222222 0.6076388888888888 0.2361111111111111 0.6128472222222222 0.23472222222222222 0.6232638888888888 0.225 0.6232638888888888 0.21944444444444444 0.6180555555555556 0.21666666666666667 0.6041666666666666 0.2222222222222222 0.6006944444444444
0 0.7111111111111111 0.8975694444444444 0.7166666666666667 0.90625 0.7166666666666667 0.9201388888888888 0.7138888888888889 0.9236111111111112 0.7055555555555556 0.9201388888888888 0.7013888888888888 0.9149305555555556 0.7 0.90625 0.7013888888888888 0.8993055555555556 0.7041666666666667 0.8958333333333334 0.7097222222222223 0.8975694444444444
0 0.8652777777777778 0.5225694444444444 0.8694444444444445 0.5277777777777778 0.8694444444444445 0.5364583333333334 0.8555555555555555 0.5538194444444444 0.8430555555555556 0.5486111111111112 0.8416666666666667 0.53125 0.8444444444444444 0.5260416666666666 0.8527777777777777 0.5208333333333334 0.8638888888888889 0.5225694444444444
0 0.75 0.5234375 0.019444444444444445 0.029513888888888888
0 0.8493055555555555 0.3055555555555556 0.0125 0.027777777777777776
0 0.9138888888888889 0.3506944444444444 0.9180555555555555 0.3559027777777778 0.9180555555555555 0.3645833333333333 0.9111111111111111 0.3715277777777778 0.9 0.3697916666666667 0.8972222222222223 0.3628472222222222 0.9055555555555556 0.3524305555555556 0.9125 0.3506944444444444
0 0.44583333333333336 0.7239583333333334 0.44722222222222224 0.7447916666666666 0.44166666666666665 0.75 0.4361111111111111 0.7482638888888888 0.43194444444444446 0.7430555555555556 0.43194444444444446 0.7361111111111112 0.4375 0.7256944444444444 0.4444444444444444 0.7239583333333334
0 0.5833333333333334 0.4704861111111111 0.5916666666666667 0.4756944444444444 0.5986111111111111 0.484375 0.6013888888888889 0.4895833333333333 0.6013888888888889 0.4965277777777778 0.5888888888888889 0.4965277777777778 0.5805555555555556 0.4878472222222222 0.5777777777777777 0.4739583333333333 0.5819444444444445 0.4704861111111111
0 0.4791666666666667 0.96875 0.48194444444444445 0.9722222222222222 0.48194444444444445 0.9791666666666666 0.46944444444444444 0.9930555555555556 0.4597222222222222 0.9913194444444444 0.4583333333333333 0.9774305555555556 0.46111111111111114 0.9739583333333334 0.4736111111111111 0.9722222222222222 0.4777777777777778 0.96875
0 0.2652777777777778 0.16493055555555555 0.275 0.1701388888888889 0.2791666666666667 0.1753472222222222 0.2791666666666667 0.17881944444444445 0.27361111111111114 0.18229166666666666 0.2611111111111111 0.18229166666666666 0.2513888888888889 0.17881944444444445 0.24861111111111112 0.171875 0.24861111111111112 0.16666666666666666 0.2513888888888889 0.16319444444444445 0.25833333333333336 0.16145833333333334 0.2638888888888889 0.16493055555555555
0 0.4527777777777778 0.6371527777777778 0.45555555555555555 0.6423611111111112 0.45555555555555555 0.6545138888888888 0.4527777777777778 0.6614583333333334 0.44583333333333336 0.6666666666666666 0.44166666666666665 0.6614583333333334 0.44166666666666665 0.6458333333333334 0.44583333333333336 0.6371527777777778 0.4486111111111111 0.6354166666666666 0.4513888888888889 0.6371527777777778
0 0.4111111111111111 0.059027777777777776 0.4152777777777778 0.059027777777777776 0.41944444444444445 0.0625 0.42777777777777776 0.07291666666666667 0.42916666666666664 0.078125 0.42916666666666664 0.08333333333333333 0.4263888888888889 0.08854166666666667 0.41388888888888886 0.08680555555555555 0.4111111111111111 0.0798611111111111 0.4111111111111111 0.06076388888888889
0 0.4638888888888889 0.7100694444444444 0.4708333333333333 0.7170138888888888 0.4708333333333333 0.7395833333333334 0.4666666666666667 0.75 0.4625 0.7534722222222222 0.4527777777777778 0.7517361111111112 0.4486111111111111 0.7447916666666666 0.44722222222222224 0.734375 0.44722222222222224 0.7222222222222222 0.4513888888888889 0.7118055555555556 0.45416666666666666 0.7083333333333334 0.4625 0.7100694444444444
0 0.2569444444444444 0.1267361111111111 0.25972222222222224 0.13020833333333334 0.25972222222222224 0.140625 0.25555555555555554 0.14756944444444445 0.24861111111111112 0.14756944444444445 0.24583333333333332 0.140625 0.24861111111111112 0.1284722222222222 0.25555555555555554 0.1267361111111111
0 0.8541666666666666 0.5520833333333334 0.875 0.5381944444444444 0.8819444444444444 0.5381944444444444 0.8847222222222222 0.5434027777777778 0.8847222222222222 0.5503472222222222 0.8791666666666667 0.5572916666666666 0.8722222222222222 0.5607638888888888 0.8583333333333333 0.5625 0.8541666666666666 0.5538194444444444
0 0.33055555555555555 0.5069444444444444 0.3416666666666667 0.5243055555555556 0.3416666666666667 0.5347222222222222 0.3375 0.5381944444444444 0.3277777777777778 0.5364583333333334 0.3194444444444444 0.5295138888888888 0.31805555555555554 0.5190972222222222 0.32083333333333336 0.5104166666666666 0.325 0.5069444444444444 0.32916666666666666 0.5069444444444444
0 0.8138888888888889 0.8871527777777778 0.8180555555555555 0.8923611111111112 0.8180555555555555 0.9010416666666666 0.8125 0.9079861111111112 0.8041666666666667 0.90625 0.8013888888888889 0.8993055555555556 0.8041666666666667 0.8888888888888888 0.8097222222222222 0.8854166666666666 0.8125 0.8871527777777778