0 0.5944444444444444 0.7916666666666666 0.5986111111111111 0.8020833333333334 0.5986111111111111 0.8090277777777778 0.5916666666666667 0.8125 0.5819444444444445 0.8107638888888888 0.5777777777777777 0.8055555555555556 0.5763888888888888 0.7934027777777778 0.5819444444444445 0.7864583333333334 0.5902777777777778 0.7881944444444444 0.5930555555555556 0.7916666666666666
0 0.6666666666666666 0.5243055555555556 0.6722222222222223 0.5295138888888888 0.6736111111111112 0.5347222222222222 0.6708333333333333 0.546875 0.6666666666666666 0.5503472222222222 0.6597222222222222 0.5503472222222222 0.6555555555555556 0.5434027777777778 0.6569444444444444 0.5277777777777778 0.6611111111111111 0.5243055555555556 0.6652777777777777 0.5243055555555556
0 0.42083333333333334 0.4010416666666667 0.4263888888888889 0.4079861111111111 0.4263888888888889 0.4166666666666667 0.41805555555555557 0.4270833333333333 0.4041666666666667 0.4253472222222222 0.4013888888888889 0.4201388888888889 0.4013888888888889 0.4131944444444444 0.4041666666666667 0.40625 0.41944444444444445 0.4010416666666667
0 0.8805555555555555 0.020833333333333332 0.8875 0.027777777777777776 0.8875 0.050347222222222224 0.8833333333333333 0.057291666666666664 0.8763888888888889 0.0625 0.8722222222222222 0.0625 0.8694444444444445 0.057291666666666664 0.8652777777777778 0.04513888888888889 0.8652777777777778 0.036458333333333336 0.8666666666666667 0.029513888888888888 0.8722222222222222 0.022569444444444444 0.8791666666666667 0.020833333333333332
0 0.525 0.7743055555555556 0.5291666666666667 0.7760416666666666 0.5319444444444444 0.78125 0.5277777777777778 0.7986111111111112 0.5236111111111111 0.8020833333333334 0.5166666666666667 0.8020833333333334 0.5111111111111111 0.796875 0.5125 0.7829861111111112 0.5236111111111111 0.7760416666666666
0 0.7055555555555556 0.4357638888888889 0.7152777777777778 0.4392361111111111 0.7222222222222222 0.4479166666666667 0.7236111111111111 0.4583333333333333 0.7180555555555556 0.4635416666666667 0.7111111111111111 0.4618055555555556 0.7027777777777777 0.4513888888888889 0.6986111111111111 0.4409722222222222 0.7 0.4375 0.7041666666666667 0.4357638888888889
0 0.2777777777777778 0.10069444444444445 0.2833333333333333 0.1076388888888889 0.2833333333333333 0.11805555555555555 0.28055555555555556 0.1232638888888889 0.26805555555555555 0.13020833333333334 0.2611111111111111 0.1267361111111111 0.2625 0.11284722222222222 0.2708333333333333 0.09895833333333333 0.2763888888888889 0.10069444444444445
0 0.13055555555555556 0.13194444444444445 0.016666666666666666 0.034722222222222224
0 0.06805555555555555 0.875 0.07777777777777778 0.8836805555555556 0.08055555555555556 0.890625 0.08055555555555556 0.9045138888888888 0.0763888888888889 0.9097222222222222 0.07083333333333333 0.9097222222222222 0.06666666666666667 0.9045138888888888 0.06388888888888888 0.8854166666666666 0.06388888888888888 0.8767361111111112 0.06666666666666667 0.875
0 0.22916666666666666 0.7430555555555556 0.23333333333333334 0.7534722222222222 0.22083333333333333 0.7638888888888888 0.2152777777777778 0.7638888888888888 0.2111111111111111 0.7604166666666666 0.2111111111111111 0.7482638888888888 0.21666666666666667 0.7413194444444444 0.22777777777777777 0.7430555555555556
0 0.7333333333333333 0.22569444444444445 0.7444444444444445 0.23958333333333334 0.7472222222222222 0.2465277777777778 0.7472222222222222 0.2621527777777778 0.7430555555555556 0.2673611111111111 0.7333333333333333 0.2638888888888889 0.7263888888888889 0.2534722222222222 0.7236111111111111 0.2309027777777778 0.7277777777777777 0.22569444444444445 0.7319444444444444 0.22569444444444445
0 0.8388888888888889 0.1232638888888889 0.8444444444444444 0.1371527777777778 0.8430555555555556 0.14930555555555555 0.8388888888888889 0.1579861111111111 0.8333333333333334 0.1579861111111111 0.8305555555555556 0.1527777777777778 0.8319444444444445 0.13194444444444445 0.8333333333333334 0.1267361111111111 0.8375 0.1232638888888889
0 0.6097222222222223 0.4774305555555556 0.6138888888888889 0.4826388888888889 0.6166666666666667 0.4913194444444444 0.6166666666666667 0.5069444444444444 0.6111111111111112 0.5138888888888888 0.6055555555555555 0.5138888888888888 0.6027777777777777 0.5086805555555556 0.6027777777777777 0.4861111111111111 0.6041666666666666 0.4809027777777778 0.6083333333333333 0.4774305555555556
0 0.9486111111111111 0.6770833333333334 0.9527777777777777 0.6753472222222222 0.9541666666666667 0.6788194444444444 0.9527777777777777 0.7204861111111112 0.95 0.7204861111111112 0.9458333333333333 0.7118055555555556 0.9458333333333333 0.6875 0.9486111111111111 0.6788194444444444
0 0.95 0.13194444444444445 0.9527777777777777 0.13541666666666666 0.9527777777777777 0.16319444444444445 0.9486111111111111 0.16666666666666666 0.9444444444444444 0.16319444444444445 0.9444444444444444 0.1423611111111111 0.9486111111111111 0.13368055555555555
0 0.8930555555555556 0.5381944444444444 0.9013888888888889 0.546875 0.9041666666666667 0.5538194444444444 0.9055555555555556 0.5659722222222222 0.9013888888888889 0.5694444444444444 0.8944444444444445 0.5677083333333334 0.8888888888888888 0.5590277777777778 0.8875 0.5416666666666666 0.8916666666666667 0.5381944444444444
0 0.6444444444444445 0.84375 0.6652777777777777 0.8315972222222222 0.675 0.8315972222222222 0.6777777777777778 0.8350694444444444 0.6777777777777778 0.8472222222222222 0.6736111111111112 0.8541666666666666 0.6597222222222222 0.8541666666666666 0.6458333333333334 0.8506944444444444 0.6444444444444445 0.8454861111111112
0 0.6444444444444445 0.012152777777777778 0.6472222222222223 0.013888888888888888 0.6472222222222223 0.019097222222222224 0.6333333333333333 0.029513888888888888 0.6236111111111111 0.029513888888888888 0.6208333333333333 0.026041666666666668 0.6194444444444445 0.015625 0.6222222222222222 0.008680555555555556 0.6333333333333333 0.006944444444444444 0.6430555555555556 0.012152777777777778
0 0.8472222222222222 0.4375 0.8513888888888889 0.4375 0.8541666666666666 0.4409722222222222 0.8694444444444445 0.4479166666666667 0.8763888888888889 0.4548611111111111 0.8791666666666667 0.4635416666666667 0.875 0.4739583333333333 0.8652777777777778 0.4722222222222222 0.8569444444444444 0.4565972222222222 0.8486111111111111 0.4461805555555556 0.8472222222222222 0.4392361111111111
0 0.8958333333333334 0.8211805555555556 0.9 0.8246527777777778 0.9027777777777778 0.8333333333333334 0.9013888888888889 0.8559027777777778 0.9 0.8611111111111112 0.8916666666666667 0.8680555555555556 0.8805555555555555 0.8663194444444444 0.875 0.859375 0.8736111111111111 0.8420138888888888 0.8763888888888889 0.8333333333333334 0.8805555555555555 0.828125 0.8944444444444445 0.8211805555555556
0 0.1 0.6041666666666666 0.10138888888888889 0.609375 0.09861111111111111 0.6163194444444444 0.09027777777777778 0.6302083333333334 0.08472222222222223 0.6354166666666666 0.07916666666666666 0.6354166666666666 0.0763888888888889 0.6319444444444444 0.07777777777777778 0.6076388888888888 0.08055555555555556 0.6041666666666666 0.0875 0.6024305555555556 0.09861111111111111 0.6041666666666666
0 0.8791666666666667 0.9739583333333334 0.019444444444444445 0.03819444444444445
0 0.6708333333333333 0.4878472222222222 0.6777777777777778 0.4913194444444444 0.6902777777777778 0.5052083333333334 0.6916666666666667 0.5190972222222222 0.6888888888888889 0.5208333333333334 0.6833333333333333 0.5208333333333334 0.6736111111111112 0.5138888888888888 0.6638888888888889 0.5121527777777778 0.6597222222222222 0.5017361111111112 0.6597222222222222 0.4913194444444444 0.6694444444444444 0.4878472222222222
0 0.6486111111111111 0.5416666666666666 0.6527777777777778 0.546875 0.6513888888888889 0.5572916666666666 0.6527777777777778 0.5607638888888888 0.65 0.5763888888888888 0.6430555555555556 0.5833333333333334 0.6347222222222222 0.5815972222222222 0.6319444444444444 0.5677083333333334 0.6333333333333333 0.5590277777777778 0.6375 0.5503472222222222 0.6430555555555556 0.5434027777777778 0.6472222222222223 0.5416666666666666
0 0.5666666666666667 0.9357638888888888 0.5722222222222222 0.9357638888888888 0.5763888888888888 0.9409722222222222 0.5763888888888888 0.9496527777777778 0.5708333333333333 0.9548611111111112 0.5652777777777778 0.9513888888888888 0.5666666666666667 0.9375
0 0.04583333333333333 0.8107638888888888 0.05416666666666667 0.8246527777777778 0.05416666666666667 0.8298611111111112 0.05138888888888889 0.8333333333333334 0.04027777777777778 0.8315972222222222 0.04027777777777778 0.8107638888888888 0.041666666666666664 0.8090277777777778 0.044444444444444446 0.8107638888888888
0 0.33055555555555555 0.6927083333333334 0.33194444444444443 0.6961805555555556 0.33055555555555555 0.703125 0.3236111111111111 0.7083333333333334 0.3125 0.7065972222222222 0.3111111111111111 0.6996527777777778 0.32083333333333336 0.6927083333333334 0.3263888888888889 0.6909722222222222 0.32916666666666666 0.6927083333333334
0 0.8708333333333333 0.7986111111111112 0.8763888888888889 0.8038194444444444 0.8763888888888889 0.8142361111111112 0.8638888888888889 0.8263888888888888 0.8527777777777777 0.8246527777777778 0.8486111111111111 0.8177083333333334 0.8486111111111111 0.8125 0.8583333333333333 0.8003472222222222 0.8638888888888889 0.796875 0.8694444444444445 0.7986111111111112
0 0.125 0.5243055555555556 0.011111111111111112 0.020833333333333332