0 0.45555555555555555 0.027777777777777776 0.4652777777777778 0.03298611111111111 0.4666666666666667 0.046875 0.4638888888888889 0.05555555555555555 0.4583333333333333 0.059027777777777776 0.4527777777777778 0.059027777777777776 0.4486111111111111 0.05381944444444445 0.44722222222222224 0.03819444444444445 0.45 0.03125 0.45416666666666666 0.029513888888888888
0 0.5576388888888889 0.5494791666666666 0.02361111111111111 0.019097222222222224
0 0.7069444444444445 0.8975694444444444 0.7097222222222223 0.8993055555555556 0.7125 0.90625 0.7125 0.9236111111111112 0.7013888888888888 0.921875 0.6972222222222222 0.9131944444444444 0.6986111111111111 0.8993055555555556 0.7055555555555556 0.8975694444444444
0 0.7277777777777777 0.2881944444444444 0.7305555555555555 0.2916666666666667 0.7305555555555555 0.3090277777777778 0.7180555555555556 0.3246527777777778 0.7125 0.3246527777777778 0.7111111111111111 0.3211805555555556 0.7125 0.2986111111111111 0.7166666666666667 0.2916666666666667 0.7263888888888889 0.2881944444444444
0 0.48055555555555557 0.8975694444444444 0.48333333333333334 0.8993055555555556 0.48333333333333334 0.9079861111111112 0.47638888888888886 0.9184027777777778 0.4638888888888889 0.9184027777777778 0.4625 0.9045138888888888 0.4708333333333333 0.8958333333333334 0.4791666666666667 0.8975694444444444
0 0.12361111111111112 0.5954861111111112 0.12777777777777777 0.5989583333333334 0.12777777777777777 0.6111111111111112 0.125 0.6163194444444444 0.11388888888888889 0.6197916666666666 0.09444444444444444 0.6180555555555556 0.09166666666666666 0.6163194444444444 0.09166666666666666 0.6128472222222222 0.09722222222222222 0.6059027777777778 0.11388888888888889 0.5972222222222222 0.12222222222222222 0.5954861111111112
0 0.44583333333333336 0.7256944444444444 0.4486111111111111 0.7326388888888888 0.4486111111111111 0.7447916666666666 0.44166666666666665 0.7534722222222222 0.43472222222222223 0.7517361111111112 0.43194444444444446 0.7465277777777778 0.43194444444444446 0.7413194444444444 0.43472222222222223 0.7309027777777778 0.44027777777777777 0.7256944444444444 0.4444444444444444 0.7256944444444444
0 0.22083333333333333 0.6085069444444444 0.019444444444444445 0.022569444444444444
0 0.8486111111111111 0.2916666666666667 0.8541666666666666 0.3020833333333333 0.8541666666666666 0.3159722222222222 0.8513888888888889 0.3211805555555556 0.8458333333333333 0.3211805555555556 0.8416666666666667 0.3125 0.8416666666666667 0.3020833333333333 0.8444444444444444 0.2934027777777778 0.8472222222222222 0.2916666666666667
0 0.30972222222222223 0.7621527777777778 0.31666666666666665 0.7743055555555556 0.31805555555555554 0.78125 0.31666666666666665 0.7951388888888888 0.30972222222222223 0.8020833333333334 0.3055555555555556 0.8003472222222222 0.30416666666666664 0.796875 0.30277777777777776 0.7795138888888888 0.3055555555555556 0.7673611111111112 0.30833333333333335 0.7638888888888888
0 0.4444444444444444 0.640625 0.4486111111111111 0.6458333333333334 0.45 0.6597222222222222 0.4486111111111111 0.6649305555555556 0.44305555555555554 0.671875 0.4375 0.671875 0.43472222222222223 0.6666666666666666 0.4361111111111111 0.6493055555555556 0.44305555555555554 0.640625
0 0.49444444444444446 0.7395833333333334 0.49722222222222223 0.7413194444444444 0.49583333333333335 0.7534722222222222 0.49166666666666664 0.7586805555555556 0.48333333333333334 0.7621527777777778 0.4777777777777778 0.7569444444444444 0.4791666666666667 0.75 0.4930555555555556 0.7395833333333334
0 0.8972222222222223 0.3697916666666667 0.8958333333333334 0.3645833333333333 0.9055555555555556 0.3506944444444444 0.9125 0.3506944444444444 0.9166666666666666 0.3611111111111111 0.9083333333333333 0.3715277777777778 0.8986111111111111 0.3697916666666667
0 0.7944444444444444 0.5260416666666666 0.8 0.5329861111111112 0.8013888888888889 0.5381944444444444 0.8013888888888889 0.5451388888888888 0.7986111111111112 0.5486111111111112 0.7888888888888889 0.546875 0.7833333333333333 0.5364583333333334 0.7861111111111111 0.5277777777777778 0.7930555555555555 0.5260416666666666
0 0.5902777777777778 0.4652777777777778 0.5958333333333333 0.4704861111111111 0.6 0.4861111111111111 0.5986111111111111 0.4947916666666667 0.5944444444444444 0.4965277777777778 0.5833333333333334 0.4947916666666667 0.575 0.4791666666666667 0.575 0.4739583333333333 0.5777777777777777 0.46875 0.5888888888888889 0.4652777777777778
0 0.29305555555555557 0.1423611111111111 0.30833333333333335 0.1545138888888889 0.30972222222222223 0.16319444444444445 0.30694444444444446 0.16493055555555555 0.2916666666666667 0.16493055555555555 0.2847222222222222 0.1579861111111111 0.2847222222222222 0.14583333333333334 0.2875 0.1423611111111111 0.2916666666666667 0.1423611111111111
0 0.04583333333333333 0.7256944444444444 0.059722222222222225 0.734375 0.05416666666666667 0.7430555555555556 0.04583333333333333 0.7465277777777778 0.041666666666666664 0.7465277777777778 0.03888888888888889 0.7395833333333334 0.04027777777777778 0.7274305555555556 0.044444444444444446 0.7256944444444444
0 0.8819444444444444 0.5364583333333334 0.8847222222222222 0.5416666666666666 0.8847222222222222 0.5520833333333334 0.8805555555555555 0.5572916666666666 0.8708333333333333 0.5607638888888888 0.8638888888888889 0.5590277777777778 0.8597222222222223 0.5538194444444444 0.8597222222222223 0.5486111111111112 0.8694444444444445 0.5381944444444444 0.8805555555555555 0.5364583333333334
0 0.46041666666666664 0.9861111111111112 0.02361111111111111 0.024305555555555556
0 0.23472222222222222 0.4791666666666667 0.24444444444444444 0.4878472222222222 0.24583333333333332 0.4947916666666667 0.24444444444444444 0.5138888888888888 0.24027777777777778 0.5208333333333334 0.23472222222222222 0.5243055555555556 0.225 0.5243055555555556 0.21944444444444444 0.5208333333333334 0.2152777777777778 0.5104166666666666 0.2152777777777778 0.4947916666666667 0.21805555555555556 0.4861111111111111 0.2263888888888889 0.4791666666666667 0.23333333333333334 0.4791666666666667
0 0.25833333333333336 0.1267361111111111 0.2611111111111111 0.13020833333333334 0.2611111111111111 0.1388888888888889 0.25555555555555554 0.14756944444444445 0.2513888888888889 0.14930555555555555 0.24583333333333332 0.14583333333333334 0.24583333333333332 0.13368055555555555 0.2513888888888889 0.125 0.2569444444444444 0.1267361111111111
0 0.8416666666666667 0.5381944444444444 0.027777777777777776 0.034722222222222224