0 0.22916666666666666 0.7395833333333334 0.2361111111111111 0.7430555555555556 0.2375 0.75 0.22777777777777777 0.7604166666666666 0.21944444444444444 0.7604166666666666 0.2125 0.7517361111111112 0.2125 0.7465277777777778 0.2152777777777778 0.7413194444444444 0.22777777777777777 0.7395833333333334
0 0.5333333333333333 0.7708333333333334 0.5361111111111111 0.7777777777777778 0.5319444444444444 0.7899305555555556 0.5263888888888889 0.7986111111111112 0.5180555555555556 0.7986111111111112 0.5152777777777777 0.7951388888888888 0.5152777777777777 0.7847222222222222 0.5222222222222223 0.7743055555555556 0.5319444444444444 0.7708333333333334
0 0.43472222222222223 0.3958333333333333 0.4361111111111111 0.4010416666666667 0.43194444444444446 0.4149305555555556 0.425 0.421875 0.41805555555555557 0.4236111111111111 0.40694444444444444 0.4236111111111111 0.4041666666666667 0.4201388888888889 0.4041666666666667 0.4097222222222222 0.4083333333333333 0.4045138888888889 0.425 0.3940972222222222 0.43333333333333335 0.3958333333333333
0 0.2916666666666667 0.0954861111111111 0.2972222222222222 0.10416666666666667 0.2972222222222222 0.11631944444444445 0.2902777777777778 0.12152777777777778 0.2791666666666667 0.12152777777777778 0.2763888888888889 0.11805555555555555 0.2763888888888889 0.109375 0.2791666666666667 0.10069444444444445 0.2833333333333333 0.0954861111111111 0.2902777777777778 0.0954861111111111
0 0.5916666666666667 0.7881944444444444 0.5986111111111111 0.7951388888888888 0.6013888888888889 0.8020833333333334 0.6013888888888889 0.8072916666666666 0.5972222222222222 0.8107638888888888 0.5847222222222223 0.8107638888888888 0.5805555555555556 0.8038194444444444 0.5805555555555556 0.7899305555555556 0.5902777777777778 0.7881944444444444
0 0.6763888888888889 0.5277777777777778 0.6805555555555556 0.5347222222222222 0.6805555555555556 0.5434027777777778 0.6777777777777778 0.5503472222222222 0.675 0.5520833333333334 0.6694444444444444 0.5520833333333334 0.6638888888888889 0.5451388888888888 0.6666666666666666 0.5329861111111112 0.6708333333333333 0.5277777777777778 0.675 0.5277777777777778
0 0.7145833333333333 0.4487847222222222 0.02361111111111111 0.026041666666666668
0 0.8958333333333334 0.5347222222222222 0.9041666666666667 0.5364583333333334 0.9111111111111111 0.5451388888888888 0.9125 0.5503472222222222 0.9111111111111111 0.5642361111111112 0.9041666666666667 0.5642361111111112 0.8972222222222223 0.5555555555555556 0.8958333333333334 0.5364583333333334
0 0.65 0.4982638888888889 0.6611111111111111 0.5 0.6680555555555555 0.5086805555555556 0.6694444444444444 0.515625 0.6694444444444444 0.5260416666666666 0.6597222222222222 0.5277777777777778 0.6555555555555556 0.5225694444444444 0.6486111111111111 0.5052083333333334 0.65 0.5
0 0.8541666666666666 0.4461805555555556 0.8597222222222223 0.4444444444444444 0.8722222222222222 0.4513888888888889 0.8763888888888889 0.4565972222222222 0.8777777777777778 0.4635416666666667 0.875 0.4722222222222222 0.8666666666666667 0.4722222222222222 0.8583333333333333 0.4600694444444444 0.8541666666666666 0.4479166666666667
0 0.7333333333333333 0.22743055555555555 0.7472222222222222 0.24479166666666666 0.7486111111111111 0.2552083333333333 0.7472222222222222 0.2621527777777778 0.7430555555555556 0.2673611111111111 0.7333333333333333 0.2638888888888889 0.725 0.2517361111111111 0.7236111111111111 0.234375 0.7277777777777777 0.22743055555555555 0.7319444444444444 0.22743055555555555
0 0.6472222222222223 0.006944444444444444 0.6569444444444444 0.010416666666666666 0.6611111111111111 0.015625 0.6444444444444445 0.03125 0.6333333333333333 0.029513888888888888 0.6305555555555555 0.022569444444444444 0.6305555555555555 0.015625 0.6333333333333333 0.010416666666666666 0.6388888888888888 0.006944444444444444 0.6458333333333334 0.006944444444444444
0 0.1388888888888889 0.1076388888888889 0.14444444444444443 0.11805555555555555 0.14583333333333334 0.13194444444444445 0.14305555555555555 0.1371527777777778 0.1375 0.140625 0.13333333333333333 0.1388888888888889 0.12916666666666668 0.13194444444444445 0.13055555555555556 0.11631944444444445 0.1375 0.1076388888888889
0 0.6888888888888889 0.4878472222222222 0.7055555555555556 0.5052083333333334 0.7069444444444445 0.5104166666666666 0.7055555555555556 0.5190972222222222 0.6972222222222222 0.5190972222222222 0.6777777777777778 0.5034722222222222 0.675 0.4965277777777778 0.6763888888888889 0.4895833333333333 0.6791666666666667 0.4861111111111111 0.6875 0.4878472222222222
0 0.6819444444444445 0.8368055555555556 0.025 0.020833333333333332
0 0.07777777777777778 0.9782986111111112 0.013888888888888888 0.03993055555555555
0 0.7930555555555555 0.18229166666666666 0.8 0.1892361111111111 0.8027777777777778 0.19791666666666666 0.8013888888888889 0.2048611111111111 0.7972222222222223 0.20833333333333334 0.7861111111111111 0.2065972222222222 0.7819444444444444 0.1996527777777778 0.7847222222222222 0.1875 0.7916666666666666 0.18229166666666666
0 0.8763888888888889 0 0.8916666666666667 0 0.8958333333333334 0.008680555555555556 0.8958333333333334 0.019097222222222224 0.8930555555555556 0.027777777777777776 0.8875 0.036458333333333336 0.8833333333333333 0.03819444444444445 0.8708333333333333 0.022569444444444444 0.8708333333333333 0.012152777777777778 0.8763888888888889 0.001736111111111111
0 0.33611111111111114 0.6927083333333334 0.3375 0.7048611111111112 0.3333333333333333 0.7083333333333334 0.31527777777777777 0.7065972222222222 0.3111111111111111 0.703125 0.3111111111111111 0.6979166666666666 0.3236111111111111 0.6909722222222222 0.3347222222222222 0.6927083333333334
0 0.8763888888888889 0.9861111111111112 0.8777777777777778 0.96875 0.8902777777777777 0.9496527777777778 0.8944444444444445 0.9496527777777778 0.8972222222222223 0.953125 0.8944444444444445 0.9809027777777778 0.8875 0.9878472222222222 0.8777777777777778 0.9861111111111112
0 0.5666666666666667 0.9357638888888888 0.5736111111111111 0.9357638888888888 0.5763888888888888 0.9409722222222222 0.5763888888888888 0.9496527777777778 0.5736111111111111 0.953125 0.5666666666666667 0.953125 0.5652777777777778 0.9513888888888888 0.5666666666666667 0.9375
0 0.6527777777777778 0.5416666666666666 0.6541666666666667 0.5434027777777778 0.6527777777777778 0.5659722222222222 0.65 0.5746527777777778 0.6416666666666667 0.5833333333333334 0.6361111111111111 0.5833333333333334 0.6333333333333333 0.5798611111111112 0.6319444444444444 0.5659722222222222 0.6388888888888888 0.5486111111111112 0.6444444444444445 0.5416666666666666 0.6513888888888889 0.5416666666666666
0 0.9097222222222222 0.8211805555555556 0.9111111111111111 0.8229166666666666 0.9111111111111111 0.8524305555555556 0.9083333333333333 0.8611111111111112 0.9041666666666667 0.8645833333333334 0.8930555555555556 0.8645833333333334 0.8861111111111111 0.859375 0.8819444444444444 0.8541666666666666 0.8805555555555555 0.8385416666666666 0.8847222222222222 0.8298611111111112 0.9027777777777778 0.8194444444444444 0.9083333333333333 0.8211805555555556
0 0.6472222222222223 0.4878472222222222 0.6458333333333334 0.4739583333333333 0.65 0.4704861111111111 0.6541666666666667 0.4704861111111111 0.6611111111111111 0.4791666666666667 0.6625 0.4861111111111111 0.6583333333333333 0.4895833333333333 0.6486111111111111 0.4878472222222222
0 0.8763888888888889 0.7899305555555556 0.8819444444444444 0.7916666666666666 0.8875 0.7986111111111112 0.8861111111111111 0.8107638888888888 0.8805555555555555 0.8177083333333334 0.8625 0.8177083333333334 0.8583333333333333 0.8142361111111112 0.8583333333333333 0.8072916666666666 0.8611111111111112 0.8003472222222222 0.8666666666666667 0.7934027777777778 0.875 0.7916666666666666