0 0.13194444444444445 0.5798611111111112 0.14722222222222223 0.5868055555555556 0.1486111111111111 0.5954861111111112 0.14583333333333334 0.6041666666666666 0.13194444444444445 0.6041666666666666 0.11944444444444445 0.5954861111111112 0.11388888888888889 0.5885416666666666 0.11527777777777778 0.5815972222222222 0.13055555555555556 0.5798611111111112
0 0.7347222222222223 0.5208333333333334 0.7361111111111112 0.5295138888888888 0.7291666666666666 0.5451388888888888 0.7236111111111111 0.5503472222222222 0.7166666666666667 0.5503472222222222 0.7138888888888889 0.546875 0.7125 0.5434027777777778 0.7138888888888889 0.5329861111111112 0.7208333333333333 0.5243055555555556 0.7333333333333333 0.5208333333333334
0 0.48055555555555557 0.6111111111111112 0.4791666666666667 0.6006944444444444 0.48194444444444445 0.59375 0.49444444444444446 0.5850694444444444 0.5013888888888889 0.5850694444444444 0.5041666666666667 0.5885416666666666 0.5027777777777778 0.59375 0.49444444444444446 0.609375 0.4875 0.6128472222222222 0.48194444444444445 0.6111111111111112
0 0.9076388888888889 0.3602430555555556 0.020833333333333332 0.022569444444444444
0 0.21666666666666667 0.6006944444444444 0.2263888888888889 0.5989583333333334 0.23333333333333334 0.6024305555555556 0.2375 0.609375 0.2361111111111111 0.6215277777777778 0.23333333333333334 0.6232638888888888 0.225 0.6215277777777778 0.21944444444444444 0.6163194444444444 0.21666666666666667 0.609375 0.21666666666666667 0.6024305555555556
0 0.8694444444444445 0.5138888888888888 0.8763888888888889 0.5190972222222222 0.8777777777777778 0.5243055555555556 0.8763888888888889 0.5347222222222222 0.8583333333333333 0.5503472222222222 0.85 0.5416666666666666 0.8472222222222222 0.5347222222222222 0.8472222222222222 0.5225694444444444 0.8541666666666666 0.515625 0.8680555555555556 0.5138888888888888
0 0.4583333333333333 0.7300347222222222 0.025 0.046875
0 0.7069444444444445 0.2638888888888889 0.7166666666666667 0.2673611111111111 0.7194444444444444 0.2725694444444444 0.7013888888888888 0.2881944444444444 0.6916666666666667 0.2864583333333333 0.6888888888888889 0.2829861111111111 0.6888888888888889 0.2725694444444444 0.6944444444444444 0.265625 0.7055555555555556 0.2638888888888889
0 0.4777777777777778 0.8958333333333334 0.48194444444444445 0.8975694444444444 0.4847222222222222 0.9027777777777778 0.48055555555555557 0.9131944444444444 0.475 0.9184027777777778 0.4625 0.9166666666666666 0.4625 0.90625 0.46944444444444444 0.8958333333333334 0.47638888888888886 0.8958333333333334
0 0.4388888888888889 0.734375 0.016666666666666666 0.024305555555555556
0 0.8444444444444444 0.2934027777777778 0.8513888888888889 0.2916666666666667 0.8555555555555555 0.3003472222222222 0.8541666666666666 0.3177083333333333 0.8513888888888889 0.3194444444444444 0.8458333333333333 0.3177083333333333 0.8416666666666667 0.3038194444444444 0.8444444444444444 0.2951388888888889
0 0.49722222222222223 0.7395833333333334 0.5 0.7413194444444444 0.4986111111111111 0.7534722222222222 0.49027777777777776 0.7621527777777778 0.48333333333333334 0.7621527777777778 0.48055555555555557 0.7586805555555556 0.48055555555555557 0.7534722222222222 0.4888888888888889 0.7430555555555556 0.49583333333333335 0.7395833333333334
0 0.5861111111111111 0.4652777777777778 0.5958333333333333 0.4739583333333333 0.6 0.4878472222222222 0.5986111111111111 0.4965277777777778 0.5902777777777778 0.4965277777777778 0.5805555555555556 0.4895833333333333 0.5777777777777777 0.4826388888888889 0.5777777777777777 0.46875 0.5805555555555556 0.4652777777777778 0.5847222222222223 0.4652777777777778
0 0.8819444444444444 0.5381944444444444 0.8861111111111111 0.5451388888888888 0.8861111111111111 0.5503472222222222 0.8819444444444444 0.5572916666666666 0.8722222222222222 0.5625 0.8625 0.5625 0.8583333333333333 0.5590277777777778 0.8569444444444444 0.5538194444444444 0.8666666666666667 0.5416666666666666 0.8777777777777778 0.5364583333333334 0.8805555555555555 0.5381944444444444
0 0.44583333333333336 0.6336805555555556 0.4527777777777778 0.6336805555555556 0.45555555555555555 0.640625 0.45555555555555555 0.65625 0.4486111111111111 0.6649305555555556 0.44305555555555554 0.6579861111111112 0.44305555555555554 0.640625 0.44583333333333336 0.6354166666666666
0 0.3138888888888889 0.7786458333333334 0.013888888888888888 0.043402777777777776
0 0.7027777777777777 0.8958333333333334 0.7055555555555556 0.8940972222222222 0.7125 0.8958333333333334 0.7166666666666667 0.9010416666666666 0.7194444444444444 0.9114583333333334 0.7180555555555556 0.9253472222222222 0.7125 0.9253472222222222 0.7069444444444445 0.921875 0.7013888888888888 0.9149305555555556 0.7027777777777777 0.8975694444444444
0 0.2652777777777778 0.16666666666666666 0.26805555555555555 0.1701388888888889 0.26805555555555555 0.17881944444444445 0.2611111111111111 0.203125 0.25555555555555554 0.2065972222222222 0.25 0.2048611111111111 0.24861111111111112 0.1909722222222222 0.2513888888888889 0.18229166666666666 0.2638888888888889 0.1684027777777778
0 0.48194444444444445 0.9635416666666666 0.48333333333333334 0.9756944444444444 0.4777777777777778 0.984375 0.46805555555555556 0.9913194444444444 0.4597222222222222 0.9878472222222222 0.4583333333333333 0.984375 0.4597222222222222 0.9722222222222222 0.4638888888888889 0.96875 0.48055555555555557 0.9635416666666666
0 0.24861111111111112 0.1267361111111111 0.2513888888888889 0.125 0.25833333333333336 0.1267361111111111 0.25833333333333336 0.140625 0.25416666666666665 0.14756944444444445 0.24722222222222223 0.14583333333333334 0.24583333333333332 0.1371527777777778 0.24861111111111112 0.1284722222222222
0 0.2375 0.4791666666666667 0.24722222222222223 0.4895833333333333 0.24861111111111112 0.5017361111111112 0.24444444444444444 0.5173611111111112 0.2361111111111111 0.5243055555555556 0.225 0.5225694444444444 0.21666666666666667 0.5121527777777778 0.21666666666666667 0.4965277777777778 0.21944444444444444 0.4861111111111111 0.2263888888888889 0.4791666666666667 0.2361111111111111 0.4791666666666667
0 0.33055555555555555 0.5 0.3375 0.5069444444444444 0.3416666666666667 0.515625 0.34305555555555556 0.5329861111111112 0.3388888888888889 0.5364583333333334 0.3277777777777778 0.5364583333333334 0.32083333333333336 0.53125 0.31805555555555554 0.5190972222222222 0.3194444444444444 0.5121527777777778 0.3263888888888889 0.5017361111111112 0.32916666666666666 0.5017361111111112
0 0.44166666666666665 0.08680555555555555 0.44305555555555554 0.11979166666666667 0.4305555555555556 0.13020833333333334 0.4236111111111111 0.13020833333333334 0.4222222222222222 0.11805555555555555 0.43194444444444446 0.10590277777777778 0.43472222222222223 0.09375 0.44027777777777777 0.08680555555555555
0 0.7888888888888889 0.3645833333333333 0.7944444444444444 0.3680555555555556 0.7958333333333333 0.3715277777777778 0.7944444444444444 0.3923611111111111 0.7888888888888889 0.3958333333333333 0.7833333333333333 0.3940972222222222 0.7791666666666667 0.3888888888888889 0.7791666666666667 0.3715277777777778 0.7833333333333333 0.3645833333333333 0.7875 0.3645833333333333
0 0.7763888888888889 0.34375 0.7819444444444444 0.3472222222222222 0.7833333333333333 0.3506944444444444 0.7819444444444444 0.3680555555555556 0.7763888888888889 0.3680555555555556 0.7680555555555556 0.3611111111111111 0.7680555555555556 0.3472222222222222 0.7708333333333334 0.34375 0.775 0.34375
0 0.8111111111111111 0.8958333333333334 0.016666666666666666 0.024305555555555556
0 0.4527777777777778 0.04861111111111111 0.45 0.03298611111111111 0.4513888888888889 0.027777777777777776 0.4597222222222222 0.020833333333333332 0.4652777777777778 0.022569444444444444 0.46944444444444444 0.027777777777777776 0.4708333333333333 0.03819444444444445 0.4652777777777778 0.050347222222222224 0.45416666666666666 0.04861111111111111
0 0.425 0.7274305555555556 0.42916666666666664 0.7309027777777778 0.42916666666666664 0.7413194444444444 0.4263888888888889 0.7447916666666666 0.4222222222222222 0.7447916666666666 0.41805555555555557 0.7361111111111112 0.41805555555555557 0.7291666666666666 0.4236111111111111 0.7274305555555556
0 0.3375 0.7100694444444444 0.3416666666666667 0.7118055555555556 0.34444444444444444 0.7170138888888888 0.34444444444444444 0.734375 0.3388888888888889 0.7395833333333334 0.3347222222222222 0.7378472222222222 0.3333333333333333 0.734375 0.33194444444444443 0.71875 0.3333333333333333 0.7135416666666666 0.33611111111111114 0.7118055555555556
0 0.5736111111111111 0.8506944444444444 0.5777777777777777 0.8541666666666666 0.5777777777777777 0.859375 0.5680555555555555 0.8697916666666666 0.5569444444444445 0.8680555555555556 0.5513888888888889 0.8628472222222222 0.5513888888888889 0.8559027777777778 0.5597222222222222 0.8506944444444444 0.5722222222222222 0.8506944444444444