0 0.24166666666666667 0.6006944444444444 0.24444444444444444 0.609375 0.24166666666666667 0.6197916666666666 0.23055555555555557 0.6197916666666666 0.2263888888888889 0.6145833333333334 0.22777777777777777 0.5972222222222222 0.23472222222222222 0.5972222222222222 0.24027777777777778 0.6006944444444444
0 0.4777777777777778 0.8958333333333334 0.48333333333333334 0.8993055555555556 0.48333333333333334 0.9079861111111112 0.47638888888888886 0.9184027777777778 0.4708333333333333 0.9201388888888888 0.4625 0.9149305555555556 0.4625 0.90625 0.46944444444444444 0.8958333333333334 0.47638888888888886 0.8958333333333334
0 0.4583333333333333 0.6432291666666666 0.025 0.029513888888888888
0 0.7076388888888889 0.2829861111111111 0.02638888888888889 0.03125
0 0.4638888888888889 0.7048611111111112 0.4722222222222222 0.7118055555555556 0.4722222222222222 0.734375 0.46944444444444444 0.7430555555555556 0.4638888888888889 0.7482638888888888 0.45416666666666666 0.7482638888888888 0.45 0.7430555555555556 0.4513888888888889 0.7291666666666666 0.45 0.7100694444444444 0.4527777777777778 0.7048611111111112 0.4625 0.7048611111111112
0 0.4930555555555556 0.9618055555555556 0.49444444444444446 0.9652777777777778 0.4930555555555556 0.9739583333333334 0.48194444444444445 0.984375 0.4708333333333333 0.984375 0.46805555555555556 0.9809027777777778 0.46944444444444444 0.9670138888888888 0.47638888888888886 0.9618055555555556 0.4888888888888889 0.9600694444444444 0.49166666666666664 0.9618055555555556
0 0.4486111111111111 0.7135416666666666 0.45 0.734375 0.44722222222222224 0.7395833333333334 0.44305555555555554 0.7413194444444444 0.43194444444444446 0.7378472222222222 0.42916666666666664 0.734375 0.42916666666666664 0.7291666666666666 0.4388888888888889 0.7152777777777778 0.44722222222222224 0.7135416666666666
0 0.9027777777777778 0.3541666666666667 0.9083333333333333 0.3506944444444444 0.9152777777777777 0.3506944444444444 0.9194444444444444 0.3576388888888889 0.9194444444444444 0.3663194444444444 0.9166666666666666 0.3697916666666667 0.9013888888888889 0.3715277777777778 0.8958333333333334 0.3645833333333333 0.9027777777777778 0.3559027777777778
0 0.39444444444444443 0.1232638888888889 0.3972222222222222 0.13194444444444445 0.3958333333333333 0.140625 0.3875 0.15104166666666666 0.38055555555555554 0.14930555555555555 0.37777777777777777 0.1440972222222222 0.37777777777777777 0.1388888888888889 0.37916666666666665 0.13194444444444445 0.3861111111111111 0.1232638888888889 0.3902777777777778 0.12152777777777778 0.39305555555555555 0.1232638888888889
0 0.4930555555555556 0.75 0.022222222222222223 0.024305555555555556
0 0.6944444444444444 0.5520833333333334 0.6986111111111111 0.5590277777777778 0.7 0.5677083333333334 0.6972222222222222 0.5729166666666666 0.6861111111111111 0.5763888888888888 0.6791666666666667 0.5746527777777778 0.6777777777777778 0.5555555555555556 0.6847222222222222 0.5503472222222222 0.6930555555555555 0.5520833333333334
0 0.32083333333333336 0.7586805555555556 0.325 0.7621527777777778 0.3277777777777778 0.7690972222222222 0.3277777777777778 0.7829861111111112 0.325 0.7899305555555556 0.32083333333333336 0.7934027777777778 0.31666666666666665 0.7934027777777778 0.3138888888888889 0.7899305555555556 0.3138888888888889 0.7743055555555556 0.3194444444444444 0.7604166666666666
0 0.5861111111111111 0.4652777777777778 0.5958333333333333 0.4739583333333333 0.6027777777777777 0.4895833333333333 0.6013888888888889 0.4947916666666667 0.5875 0.4947916666666667 0.5805555555555556 0.4878472222222222 0.5777777777777777 0.4791666666666667 0.5777777777777777 0.4704861111111111 0.5805555555555556 0.4652777777777778 0.5847222222222223 0.4652777777777778
0 0.25555555555555554 0.18055555555555555 0.25833333333333336 0.1857638888888889 0.25833333333333336 0.1909722222222222 0.25416666666666665 0.21006944444444445 0.25 0.2170138888888889 0.24305555555555555 0.2170138888888889 0.24027777777777778 0.21354166666666666 0.24027777777777778 0.1996527777777778 0.24444444444444444 0.1892361111111111 0.25 0.18229166666666666 0.25416666666666665 0.18055555555555555
0 0.16527777777777777 0.5746527777777778 0.17222222222222222 0.5833333333333334 0.17222222222222222 0.59375 0.16805555555555557 0.5972222222222222 0.15694444444444444 0.5972222222222222 0.14722222222222223 0.5902777777777778 0.14027777777777778 0.5815972222222222 0.14027777777777778 0.5763888888888888 0.14722222222222223 0.5729166666666666 0.1638888888888889 0.5746527777777778
0 0.85 0.2899305555555556 0.8555555555555555 0.2951388888888889 0.8583333333333333 0.3038194444444444 0.8569444444444444 0.3142361111111111 0.8527777777777777 0.3194444444444444 0.8486111111111111 0.3194444444444444 0.8444444444444444 0.3142361111111111 0.8416666666666667 0.3055555555555556 0.8430555555555556 0.2951388888888889 0.8486111111111111 0.2899305555555556
0 0.24027777777777778 0.4774305555555556 0.24583333333333332 0.4809027777777778 0.2513888888888889 0.4895833333333333 0.2513888888888889 0.5034722222222222 0.24861111111111112 0.5138888888888888 0.24166666666666667 0.5225694444444444 0.23055555555555557 0.5225694444444444 0.225 0.5190972222222222 0.21944444444444444 0.5086805555555556 0.21944444444444444 0.4947916666666667 0.22361111111111112 0.4826388888888889 0.22916666666666666 0.4774305555555556 0.2388888888888889 0.4774305555555556
0 0.7152777777777778 0.8923611111111112 0.7208333333333333 0.8975694444444444 0.725 0.90625 0.7236111111111111 0.9201388888888888 0.7208333333333333 0.9236111111111112 0.7111111111111111 0.9201388888888888 0.7055555555555556 0.9097222222222222 0.7069444444444445 0.8958333333333334 0.7138888888888889 0.8923611111111112
0 0.8777777777777778 0.5138888888888888 0.8819444444444444 0.515625 0.8861111111111111 0.5243055555555556 0.8847222222222222 0.5381944444444444 0.8861111111111111 0.5486111111111112 0.8833333333333333 0.5555555555555556 0.8708333333333333 0.5625 0.8625 0.5625 0.8583333333333333 0.5572916666666666 0.8555555555555555 0.5225694444444444 0.8611111111111112 0.5138888888888888 0.8763888888888889 0.5138888888888888
0 0.25972222222222224 0.1232638888888889 0.2625 0.1267361111111111 0.2625 0.1388888888888889 0.25833333333333336 0.14583333333333334 0.25416666666666665 0.14756944444444445 0.24722222222222223 0.1423611111111111 0.24722222222222223 0.13194444444444445 0.2513888888888889 0.1232638888888889 0.25833333333333336 0.1232638888888889
0 0.3347222222222222 0.5086805555555556 0.3416666666666667 0.5121527777777778 0.3486111111111111 0.5243055555555556 0.3458333333333333 0.5347222222222222 0.34305555555555556 0.5364583333333334 0.3277777777777778 0.5329861111111112 0.32222222222222224 0.5225694444444444 0.3236111111111111 0.5104166666666666 0.3277777777777778 0.5069444444444444 0.3333333333333333 0.5086805555555556
0 0.5694444444444444 0.8489583333333334 0.575 0.8541666666666666 0.575 0.8611111111111112 0.5680555555555555 0.8680555555555556 0.5597222222222222 0.8628472222222222 0.5583333333333333 0.859375 0.5583333333333333 0.8559027777777778 0.5638888888888889 0.8489583333333334 0.5680555555555555 0.8489583333333334
0 0.7777777777777778 0.34375 0.7861111111111111 0.3506944444444444 0.7875 0.3663194444444444 0.7833333333333333 0.3697916666666667 0.7763888888888889 0.3697916666666667 0.7708333333333334 0.3645833333333333 0.7680555555555556 0.3576388888888889 0.7680555555555556 0.3454861111111111 0.7763888888888889 0.34375
0 0.7861111111111111 0.3645833333333333 0.7944444444444444 0.3680555555555556 0.7958333333333333 0.3715277777777778 0.7944444444444444 0.3923611111111111 0.7833333333333333 0.3940972222222222 0.7791666666666667 0.3888888888888889 0.7791666666666667 0.3697916666666667 0.7847222222222222 0.3663194444444444
0 0.8263888888888888 0.8802083333333334 0.8291666666666667 0.8854166666666666 0.8291666666666667 0.8923611111111112 0.8277777777777777 0.8975694444444444 0.8236111111111111 0.9010416666666666 0.8166666666666667 0.9010416666666666 0.8125 0.8923611111111112 0.8138888888888889 0.8819444444444444 0.8166666666666667 0.8784722222222222 0.825 0.8802083333333334
0 0.8277777777777777 0.8385416666666666 0.8305555555555556 0.8454861111111112 0.8291666666666667 0.8576388888888888 0.8194444444444444 0.8645833333333334 0.8138888888888889 0.8628472222222222 0.8125 0.8524305555555556 0.8166666666666667 0.8454861111111112 0.8263888888888888 0.8385416666666666
0 0.49027777777777776 0.8472222222222222 0.49166666666666664 0.8559027777777778 0.4847222222222222 0.8645833333333334 0.48055555555555557 0.8628472222222222 0.4791666666666667 0.8506944444444444 0.4861111111111111 0.8454861111111112 0.4888888888888889 0.8472222222222222
0 0.21388888888888888 0.9895833333333334 0.23194444444444445 0.9913194444444444 0.23333333333333334 0.9930555555555556 0.23194444444444445 0.9982638888888888 0.20416666666666666 0.9982638888888888 0.20277777777777778 0.9947916666666666 0.20416666666666666 0.9930555555555556 0.20833333333333334 0.9895833333333334 0.2125 0.9895833333333334
0 0.48333333333333334 0.022569444444444444 0.4861111111111111 0.03125 0.4861111111111111 0.041666666666666664 0.48055555555555557 0.050347222222222224 0.4722222222222222 0.050347222222222224 0.4666666666666667 0.04513888888888889 0.4666666666666667 0.027777777777777776 0.46805555555555556 0.024305555555555556 0.4736111111111111 0.020833333333333332 0.48194444444444445 0.022569444444444444
0 0.4375 0.9583333333333334 0.44305555555555554 0.9618055555555556 0.44305555555555554 0.9704861111111112 0.4388888888888889 0.9756944444444444 0.43333333333333335 0.9756944444444444 0.4305555555555556 0.9722222222222222 0.4305555555555556 0.9618055555555556 0.4361111111111111 0.9583333333333334
0 0.25416666666666665 0.8611111111111112 0.25555555555555554 0.8819444444444444 0.2513888888888889 0.8871527777777778 0.24166666666666667 0.8871527777777778 0.2361111111111111 0.8836805555555556 0.23333333333333334 0.8802083333333334 0.23333333333333334 0.8680555555555556 0.24583333333333332 0.8611111111111112 0.25277777777777777 0.8611111111111112
0 0.8277777777777777 0.984375 0.8305555555555556 0.9878472222222222 0.8291666666666667 0.9982638888888888 0.8152777777777778 0.9982638888888888 0.8166666666666667 0.9895833333333334 0.8222222222222222 0.984375 0.8263888888888888 0.984375
0 0.1638888888888889 0.4982638888888889 0.16805555555555557 0.5017361111111112 0.16805555555555557 0.5190972222222222 0.16527777777777777 0.5260416666666666 0.16111111111111112 0.5277777777777778 0.15555555555555556 0.5208333333333334 0.15416666666666667 0.5052083333333334 0.15833333333333333 0.4982638888888889 0.1625 0.4982638888888889
0 0.4388888888888889 0.71875 0.4375 0.7274305555555556 0.44166666666666665 0.7395833333333334 0.4263888888888889 0.7395833333333334 0.4083333333333333 0.7274305555555556 0.4166666666666667 0.7239583333333334 0.43194444444444446 0.7239583333333334 0.4375 0.71875