0 0.7375 0.2760416666666667 0.7416666666666667 0.28125 0.7416666666666667 0.2881944444444444 0.7347222222222223 0.296875 0.7194444444444444 0.3072916666666667 0.7166666666666667 0.3055555555555556 0.7166666666666667 0.2951388888888889 0.7222222222222222 0.28125 0.7291666666666666 0.2760416666666667 0.7361111111111112 0.2760416666666667
0 0.525 0.5555555555555556 0.5319444444444444 0.5625 0.5347222222222222 0.5694444444444444 0.5347222222222222 0.5746527777777778 0.5319444444444444 0.578125 0.5180555555555556 0.578125 0.5138888888888888 0.5763888888888888 0.5111111111111111 0.5711805555555556 0.5125 0.5590277777777778 0.5166666666666667 0.5555555555555556 0.5236111111111111 0.5555555555555556
0 0.2222222222222222 0.5989583333333334 0.22777777777777777 0.6006944444444444 0.23333333333333334 0.609375 0.23333333333333334 0.6197916666666666 0.23055555555555557 0.6215277777777778 0.22083333333333333 0.6215277777777778 0.2152777777777778 0.6163194444444444 0.21388888888888888 0.6006944444444444 0.22083333333333333 0.5989583333333334
0 0.10416666666666667 0.6006944444444444 0.10416666666666667 0.5972222222222222 0.10833333333333334 0.5920138888888888 0.12777777777777777 0.5850694444444444 0.1361111111111111 0.5902777777777778 0.1361111111111111 0.6024305555555556 0.13333333333333333 0.6076388888888888 0.12222222222222222 0.609375 0.10555555555555556 0.6006944444444444
0 0.47638888888888886 0.8958333333333334 0.48333333333333334 0.9010416666666666 0.48333333333333334 0.90625 0.47638888888888886 0.9184027777777778 0.46944444444444444 0.9201388888888888 0.4625 0.9149305555555556 0.4625 0.90625 0.46805555555555556 0.8975694444444444 0.475 0.8958333333333334
0 0.8486111111111111 0.2916666666666667 0.8541666666666666 0.3020833333333333 0.8541666666666666 0.3159722222222222 0.8513888888888889 0.3211805555555556 0.8444444444444444 0.3194444444444444 0.8416666666666667 0.3107638888888889 0.8416666666666667 0.3003472222222222 0.8444444444444444 0.2934027777777778 0.8472222222222222 0.2916666666666667
0 0.46111111111111114 0.027777777777777776 0.46944444444444444 0.03298611111111111 0.46944444444444444 0.050347222222222224 0.4486111111111111 0.06770833333333333 0.4444444444444444 0.06770833333333333 0.44166666666666665 0.0642361111111111 0.44166666666666665 0.04861111111111111 0.4513888888888889 0.027777777777777776 0.45416666666666666 0.026041666666666668 0.4597222222222222 0.027777777777777776
0 0.84375 0.5390625 0.029166666666666667 0.036458333333333336
0 0.7069444444444445 0.8958333333333334 0.7125 0.9010416666666666 0.7152777777777778 0.9097222222222222 0.7138888888888889 0.9253472222222222 0.7069444444444445 0.9236111111111112 0.7 0.9166666666666666 0.6986111111111111 0.9097222222222222 0.7 0.9010416666666666 0.7013888888888888 0.8975694444444444 0.7055555555555556 0.8958333333333334
0 0.44583333333333336 0.7239583333333334 0.4486111111111111 0.7413194444444444 0.44166666666666665 0.75 0.43472222222222223 0.7482638888888888 0.43194444444444446 0.7430555555555556 0.43194444444444446 0.7378472222222222 0.4375 0.7256944444444444 0.4444444444444444 0.7239583333333334
0 0.49027777777777776 0.7517361111111112 0.019444444444444445 0.020833333333333332
0 0.8958333333333334 0.3645833333333333 0.9055555555555556 0.3506944444444444 0.9138888888888889 0.3489583333333333 0.9180555555555555 0.359375 0.9125 0.3697916666666667 0.9013888888888889 0.3715277777777778 0.8972222222222223 0.3663194444444444
0 0.3138888888888889 0.7621527777777778 0.3194444444444444 0.7725694444444444 0.3194444444444444 0.7881944444444444 0.3138888888888889 0.8003472222222222 0.30833333333333335 0.8003472222222222 0.3055555555555556 0.796875 0.3055555555555556 0.7777777777777778 0.30972222222222223 0.7638888888888888 0.3125 0.7621527777777778
0 0.04583333333333333 0.7777777777777778 0.05 0.7829861111111112 0.04722222222222222 0.8003472222222222 0.043055555555555555 0.8055555555555556 0.04027777777777778 0.8055555555555556 0.03888888888888889 0.7986111111111112 0.04027777777777778 0.78125 0.044444444444444446 0.7795138888888888
0 0.5875 0.4704861111111111 0.5930555555555556 0.4739583333333333 0.6027777777777777 0.4895833333333333 0.6 0.4965277777777778 0.5944444444444444 0.4982638888888889 0.5833333333333334 0.4947916666666667 0.5777777777777777 0.484375 0.5777777777777777 0.4722222222222222 0.5861111111111111 0.4704861111111111
0 0.4777777777777778 0.9704861111111112 0.4791666666666667 0.9791666666666666 0.47638888888888886 0.9861111111111112 0.46944444444444444 0.9930555555555556 0.4583333333333333 0.9930555555555556 0.45555555555555555 0.9895833333333334 0.45555555555555555 0.9791666666666666 0.4625 0.9722222222222222 0.4736111111111111 0.96875 0.47638888888888886 0.9704861111111112
0 0.7722222222222223 0.4947916666666667 0.7861111111111111 0.5069444444444444 0.7861111111111111 0.5104166666666666 0.7736111111111111 0.515625 0.7680555555555556 0.515625 0.7638888888888888 0.5121527777777778 0.7638888888888888 0.5 0.7666666666666667 0.4947916666666667 0.7708333333333334 0.4947916666666667
0 0.2388888888888889 0.4809027777777778 0.24583333333333332 0.4895833333333333 0.24722222222222223 0.5052083333333334 0.24444444444444444 0.515625 0.2388888888888889 0.5225694444444444 0.23333333333333334 0.5243055555555556 0.22361111111111112 0.5225694444444444 0.21944444444444444 0.5190972222222222 0.2152777777777778 0.5086805555555556 0.2152777777777778 0.4965277777777778 0.21944444444444444 0.484375 0.22361111111111112 0.4809027777777778 0.2263888888888889 0.4791666666666667 0.2375 0.4809027777777778
0 0.4652777777777778 0.7100694444444444 0.4708333333333333 0.7170138888888888 0.4722222222222222 0.7309027777777778 0.4708333333333333 0.7395833333333334 0.4638888888888889 0.7534722222222222 0.45416666666666666 0.7534722222222222 0.4486111111111111 0.7447916666666666 0.44722222222222224 0.734375 0.44722222222222224 0.7204861111111112 0.45 0.7135416666666666 0.45555555555555555 0.7083333333333334 0.4638888888888889 0.7100694444444444
0 0.2847222222222222 0.1796875 0.025 0.036458333333333336
0 0.8819444444444444 0.5364583333333334 0.8847222222222222 0.5416666666666666 0.8847222222222222 0.5520833333333334 0.8763888888888889 0.5590277777777778 0.8611111111111112 0.5590277777777778 0.8583333333333333 0.5555555555555556 0.8597222222222223 0.5486111111111112 0.8652777777777778 0.5416666666666666 0.8777777777777778 0.5347222222222222 0.8805555555555555 0.5364583333333334
0 0.44027777777777777 0.6649305555555556 0.4388888888888889 0.6493055555555556 0.4444444444444444 0.6371527777777778 0.4486111111111111 0.6371527777777778 0.4513888888888889 0.640625 0.45416666666666666 0.65625 0.45 0.6649305555555556 0.44722222222222224 0.6666666666666666 0.44166666666666665 0.6649305555555556
0 0.25555555555555554 0.125 0.25972222222222224 0.1284722222222222 0.2611111111111111 0.1371527777777778 0.25416666666666665 0.14756944444444445 0.24861111111111112 0.14756944444444445 0.24583333333333332 0.1423611111111111 0.24583333333333332 0.13020833333333334 0.25 0.125 0.25416666666666665 0.125