0 0.48194444444444445 0.8975694444444444 0.48333333333333334 0.90625 0.48055555555555557 0.9131944444444444 0.475 0.9184027777777778 0.4652777777777778 0.9184027777777778 0.4625 0.9149305555555556 0.4625 0.90625 0.46944444444444444 0.8958333333333334 0.48055555555555557 0.8975694444444444
0 0.4486111111111111 0.6666666666666666 0.45416666666666666 0.6701388888888888 0.45555555555555555 0.6736111111111112 0.45416666666666666 0.6805555555555556 0.45 0.6857638888888888 0.44305555555555554 0.6892361111111112 0.4361111111111111 0.6892361111111112 0.43333333333333335 0.6857638888888888 0.43333333333333335 0.6736111111111112 0.4388888888888889 0.6684027777777778 0.44722222222222224 0.6684027777777778
0 0.49027777777777776 0.9670138888888888 0.025 0.024305555555555556
0 0.49444444444444446 0.75 0.022222222222222223 0.024305555555555556
0 0.7083333333333334 0.8958333333333334 0.7180555555555556 0.8940972222222222 0.7236111111111111 0.9027777777777778 0.725 0.9149305555555556 0.7236111111111111 0.9201388888888888 0.7194444444444444 0.921875 0.7097222222222223 0.9166666666666666 0.7069444444444445 0.9097222222222222 0.7083333333333334 0.8975694444444444
0 0.9138888888888889 0.3524305555555556 0.9194444444444444 0.3576388888888889 0.9208333333333333 0.3663194444444444 0.9180555555555555 0.3715277777777778 0.9111111111111111 0.375 0.9013888888888889 0.3732638888888889 0.8986111111111111 0.3697916666666667 0.8986111111111111 0.3645833333333333 0.9055555555555556 0.3541666666666667 0.9125 0.3524305555555556
0 0.3236111111111111 0.7517361111111112 0.3263888888888889 0.7534722222222222 0.33194444444444443 0.7725694444444444 0.3277777777777778 0.7881944444444444 0.325 0.7899305555555556 0.3194444444444444 0.7881944444444444 0.31805555555555554 0.7690972222222222 0.3236111111111111 0.7534722222222222
0 0.7 0.2361111111111111 0.7083333333333334 0.2361111111111111 0.7125 0.2465277777777778 0.7097222222222223 0.2638888888888889 0.7055555555555556 0.2673611111111111 0.6986111111111111 0.2552083333333333 0.7 0.2378472222222222
0 0.5861111111111111 0.4652777777777778 0.5916666666666667 0.46875 0.5986111111111111 0.4791666666666667 0.6027777777777777 0.4895833333333333 0.6013888888888889 0.4947916666666667 0.5875 0.4930555555555556 0.5819444444444445 0.4861111111111111 0.5791666666666667 0.4774305555555556 0.5791666666666667 0.4670138888888889 0.5847222222222223 0.4652777777777778
0 0.45625 0.6449652777777778 0.015277777777777777 0.03298611111111111
0 0.8541666666666666 0.2916666666666667 0.8597222222222223 0.3003472222222222 0.8597222222222223 0.3125 0.8527777777777777 0.3211805555555556 0.8486111111111111 0.3194444444444444 0.8444444444444444 0.3107638888888889 0.8444444444444444 0.3003472222222222 0.8472222222222222 0.2934027777777778 0.8527777777777777 0.2916666666666667
0 0.2375 0.5989583333333334 0.24444444444444444 0.6024305555555556 0.24861111111111112 0.609375 0.24861111111111112 0.6215277777777778 0.24583333333333332 0.6232638888888888 0.24027777777777778 0.6232638888888888 0.23472222222222222 0.6180555555555556 0.23194444444444445 0.6024305555555556 0.2361111111111111 0.5989583333333334
0 0.4666666666666667 0.7100694444444444 0.4708333333333333 0.7135416666666666 0.4722222222222222 0.7361111111111112 0.4708333333333333 0.7413194444444444 0.4625 0.75 0.4527777777777778 0.7482638888888888 0.4486111111111111 0.734375 0.4513888888888889 0.7135416666666666 0.45694444444444443 0.7083333333333334 0.4652777777777778 0.7100694444444444
0 0.6736111111111112 0.5034722222222222 0.6791666666666667 0.5104166666666666 0.6833333333333333 0.5208333333333334 0.6777777777777778 0.5347222222222222 0.6708333333333333 0.5329861111111112 0.6666666666666666 0.5225694444444444 0.6680555555555555 0.5086805555555556 0.6722222222222223 0.5034722222222222
0 0.44583333333333336 0.7152777777777778 0.45 0.71875 0.45 0.7291666666666666 0.44722222222222224 0.7395833333333334 0.44305555555555554 0.7430555555555556 0.4388888888888889 0.7430555555555556 0.42916666666666664 0.7361111111111112 0.42916666666666664 0.7291666666666666 0.4375 0.71875 0.4444444444444444 0.7170138888888888
0 0.25277777777777777 0.19791666666666666 0.016666666666666666 0.041666666666666664
0 0.1763888888888889 0.5729166666666666 0.18472222222222223 0.578125 0.18888888888888888 0.5850694444444444 0.18888888888888888 0.5954861111111112 0.18472222222222223 0.6006944444444444 0.1763888888888889 0.6006944444444444 0.16666666666666666 0.5850694444444444 0.16527777777777777 0.5729166666666666 0.16666666666666666 0.5711805555555556 0.175 0.5729166666666666
0 0.4152777777777778 0.1684027777777778 0.4222222222222222 0.18229166666666666 0.4222222222222222 0.19618055555555555 0.41944444444444445 0.2013888888888889 0.4111111111111111 0.1996527777777778 0.40555555555555556 0.1875 0.40555555555555556 0.17881944444444445 0.4083333333333333 0.1701388888888889 0.41388888888888886 0.1684027777777778
0 0.25972222222222224 0.1232638888888889 0.2625 0.1267361111111111 0.2625 0.1388888888888889 0.25972222222222224 0.14583333333333334 0.2569444444444444 0.14756944444444445 0.25 0.14756944444444445 0.24722222222222223 0.1440972222222222 0.24722222222222223 0.13020833333333334 0.2513888888888889 0.1232638888888889 0.25833333333333336 0.1232638888888889
0 0.24583333333333332 0.4774305555555556 0.25416666666666665 0.4878472222222222 0.25416666666666665 0.5017361111111112 0.25 0.5138888888888888 0.24305555555555555 0.5208333333333334 0.23333333333333334 0.5208333333333334 0.225 0.5138888888888888 0.2222222222222222 0.5034722222222222 0.2222222222222222 0.4930555555555556 0.225 0.4826388888888889 0.22916666666666666 0.4774305555555556 0.23333333333333334 0.4756944444444444 0.24444444444444444 0.4774305555555556
0 0.8819444444444444 0.5138888888888888 0.8847222222222222 0.5173611111111112 0.8875 0.5295138888888888 0.8861111111111111 0.5520833333333334 0.8819444444444444 0.5572916666666666 0.8694444444444445 0.5625 0.8638888888888889 0.5625 0.8583333333333333 0.5520833333333334 0.8597222222222223 0.5243055555555556 0.8625 0.515625 0.8666666666666667 0.5121527777777778 0.8805555555555555 0.5138888888888888