0 0.4236111111111111 0.4045138888888889 0.425 0.4166666666666667 0.4152777777777778 0.4288194444444444 0.4083333333333333 0.4288194444444444 0.4027777777777778 0.4236111111111111 0.4027777777777778 0.4114583333333333 0.4041666666666667 0.4079861111111111 0.4097222222222222 0.4045138888888889 0.4166666666666667 0.4027777777777778 0.4222222222222222 0.4045138888888889
0 0.6680555555555555 0.5260416666666666 0.6722222222222223 0.53125 0.6722222222222223 0.5416666666666666 0.6652777777777777 0.5503472222222222 0.6569444444444444 0.5486111111111112 0.6555555555555556 0.5329861111111112 0.6597222222222222 0.5260416666666666 0.6638888888888889 0.5243055555555556 0.6666666666666666 0.5260416666666666
0 0.2708333333333333 0.1154513888888889 0.022222222222222223 0.029513888888888888
0 0.5847222222222223 0.7864583333333334 0.5916666666666667 0.7899305555555556 0.5958333333333333 0.7951388888888888 0.5986111111111111 0.8090277777777778 0.5916666666666667 0.8125 0.5805555555555556 0.8107638888888888 0.5763888888888888 0.8038194444444444 0.575 0.7986111111111112 0.5763888888888888 0.7899305555555556 0.5833333333333334 0.7864583333333334
0 0.12916666666666668 0.1328125 0.013888888888888888 0.029513888888888888
0 0.7125 0.4392361111111111 0.7166666666666667 0.4409722222222222 0.725 0.453125 0.725 0.4618055555555556 0.7194444444444444 0.4652777777777778 0.7125 0.4635416666666667 0.6972222222222222 0.4409722222222222 0.6986111111111111 0.4357638888888889 0.7055555555555556 0.4357638888888889 0.7111111111111111 0.4392361111111111
0 0.6472222222222223 0.012152777777777778 0.6513888888888889 0.015625 0.6486111111111111 0.020833333333333332 0.6291666666666667 0.03125 0.625 0.03125 0.6194444444444445 0.026041666666666668 0.6194444444444445 0.013888888888888888 0.6236111111111111 0.008680555555555556 0.6333333333333333 0.006944444444444444 0.6458333333333334 0.012152777777777778
0 0.5291666666666667 0.7760416666666666 0.5319444444444444 0.7795138888888888 0.5319444444444444 0.7847222222222222 0.5236111111111111 0.8020833333333334 0.5152777777777777 0.8020833333333334 0.5111111111111111 0.7951388888888888 0.5111111111111111 0.7864583333333334 0.5152777777777777 0.7795138888888888 0.5208333333333334 0.7760416666666666 0.5277777777777778 0.7760416666666666
0 0.2111111111111111 0.7621527777777778 0.20972222222222223 0.7517361111111112 0.21666666666666667 0.7430555555555556 0.22916666666666666 0.7430555555555556 0.23333333333333334 0.7482638888888888 0.23333333333333334 0.7517361111111112 0.22083333333333333 0.7638888888888888 0.2125 0.7621527777777778
0 0.7347222222222223 0.22743055555555555 0.7444444444444445 0.23958333333333334 0.7472222222222222 0.2465277777777778 0.7472222222222222 0.2604166666666667 0.7444444444444445 0.265625 0.7375 0.265625 0.7263888888888889 0.2534722222222222 0.7236111111111111 0.2309027777777778 0.7277777777777777 0.22569444444444445 0.7333333333333333 0.22743055555555555
0 0.6055555555555555 0.453125 0.6166666666666667 0.4670138888888889 0.6180555555555556 0.4722222222222222 0.6166666666666667 0.4895833333333333 0.6083333333333333 0.4913194444444444 0.6041666666666666 0.4861111111111111 0.6027777777777777 0.4774305555555556 0.6041666666666666 0.4548611111111111
0 0.8972222222222223 0.5434027777777778 0.9041666666666667 0.5607638888888888 0.9041666666666667 0.5659722222222222 0.9 0.5711805555555556 0.8944444444444445 0.5694444444444444 0.8902777777777777 0.5642361111111112 0.8861111111111111 0.5520833333333334 0.8861111111111111 0.5451388888888888 0.8888888888888888 0.5399305555555556 0.8930555555555556 0.5399305555555556 0.8958333333333334 0.5434027777777778
0 0.875 0.029513888888888888 0.8805555555555555 0.03819444444444445 0.8805555555555555 0.050347222222222224 0.875 0.06597222222222222 0.8597222222222223 0.059027777777777776 0.8555555555555555 0.046875 0.8555555555555555 0.03819444444444445 0.8625 0.027777777777777776 0.8736111111111111 0.029513888888888888
0 0.9486111111111111 0.6805555555555556 0.9541666666666667 0.6875 0.9527777777777777 0.7239583333333334 0.9472222222222222 0.71875 0.9430555555555555 0.7048611111111112 0.9430555555555555 0.6909722222222222 0.9444444444444444 0.6840277777777778 0.9472222222222222 0.6822916666666666
0 0.9486111111111111 0.13368055555555555 0.9527777777777777 0.13541666666666666 0.9527777777777777 0.16493055555555555 0.9458333333333333 0.16666666666666666 0.9430555555555555 0.16145833333333334 0.9430555555555555 0.14756944444444445 0.9486111111111111 0.13541666666666666
0 0.059722222222222225 0.8802083333333334 0.06527777777777778 0.8802083333333334 0.07361111111111111 0.8854166666666666 0.07777777777777778 0.890625 0.07916666666666666 0.8993055555555556 0.07777777777777778 0.9079861111111112 0.06805555555555555 0.9097222222222222 0.059722222222222225 0.8940972222222222 0.059722222222222225 0.8819444444444444
0 0.8652777777777778 0.4461805555555556 0.8763888888888889 0.4565972222222222 0.8777777777777778 0.46875 0.8736111111111111 0.4739583333333333 0.8666666666666667 0.4722222222222222 0.8611111111111112 0.4652777777777778 0.8527777777777777 0.4461805555555556 0.8541666666666666 0.4427083333333333 0.8638888888888889 0.4461805555555556
0 0.6763888888888889 0.4913194444444444 0.6902777777777778 0.5052083333333334 0.6930555555555555 0.515625 0.6888888888888889 0.5208333333333334 0.6819444444444445 0.5208333333333334 0.6722222222222223 0.5138888888888888 0.6638888888888889 0.5121527777777778 0.6611111111111111 0.5086805555555556 0.6583333333333333 0.4982638888888889 0.6597222222222222 0.4930555555555556 0.6638888888888889 0.4895833333333333 0.675 0.4913194444444444
0 0.8611111111111112 0.10590277777777778 0.8680555555555556 0.109375 0.8722222222222222 0.11458333333333333 0.8722222222222222 0.1267361111111111 0.8680555555555556 0.13368055555555555 0.8638888888888889 0.13541666666666666 0.8569444444444444 0.13541666666666666 0.8541666666666666 0.13194444444444445 0.8541666666666666 0.11284722222222222 0.8597222222222223 0.10590277777777778
0 0.6576388888888889 0.8446180555555556 0.0375 0.026041666666666668
0 0.06666666666666667 0.8246527777777778 0.07083333333333333 0.8263888888888888 0.07777777777777778 0.8385416666666666 0.0763888888888889 0.8576388888888888 0.07361111111111111 0.859375 0.06388888888888888 0.8559027777777778 0.058333333333333334 0.8489583333333334 0.05694444444444444 0.84375 0.058333333333333334 0.8333333333333334 0.0625 0.8263888888888888 0.06527777777777778 0.8263888888888888
0 0.8972222222222223 0.8229166666666666 0.9013888888888889 0.828125 0.9027777777777778 0.84375 0.9013888888888889 0.859375 0.8930555555555556 0.8697916666666666 0.8861111111111111 0.8697916666666666 0.8791666666666667 0.8663194444444444 0.8722222222222222 0.8541666666666666 0.8722222222222222 0.84375 0.875 0.8350694444444444 0.8819444444444444 0.8263888888888888 0.8888888888888888 0.8229166666666666 0.8958333333333334 0.8229166666666666
0 0.8861111111111111 0.9565972222222222 0.8888888888888888 0.9635416666666666 0.8902777777777777 0.9809027777777778 0.8875 0.9895833333333334 0.8833333333333333 0.9947916666666666 0.8736111111111111 0.9965277777777778 0.8680555555555556 0.9930555555555556 0.8680555555555556 0.9826388888888888 0.8777777777777778 0.9583333333333334 0.8819444444444444 0.9548611111111112 0.8847222222222222 0.9565972222222222