0 0.4263888888888889 0.4010416666666667 0.4305555555555556 0.4045138888888889 0.4305555555555556 0.4149305555555556 0.4222222222222222 0.4253472222222222 0.4083333333333333 0.4236111111111111 0.4041666666666667 0.4131944444444444 0.4125 0.4027777777777778 0.425 0.4010416666666667
0 0.2833333333333333 0.09895833333333333 0.2875 0.10590277777777778 0.2875 0.11631944444444445 0.2833333333333333 0.1232638888888889 0.2722222222222222 0.13020833333333334 0.26666666666666666 0.1267361111111111 0.26805555555555555 0.10590277777777778 0.275 0.09895833333333333 0.28194444444444444 0.09895833333333333
0 0.5902777777777778 0.7881944444444444 0.5972222222222222 0.7951388888888888 0.6 0.8020833333333334 0.6 0.8090277777777778 0.5930555555555556 0.8125 0.5819444444444445 0.8107638888888888 0.5777777777777777 0.8038194444444444 0.5777777777777777 0.7899305555555556 0.5888888888888889 0.7881944444444444
0 0.1361111111111111 0.11458333333333333 0.14166666666666666 0.125 0.14166666666666666 0.1371527777777778 0.14027777777777778 0.1423611111111111 0.1375 0.1440972222222222 0.12916666666666668 0.1440972222222222 0.12361111111111112 0.13194444444444445 0.125 0.11979166666666667 0.13194444444444445 0.11284722222222222 0.13472222222222222 0.11458333333333333
0 0.5229166666666667 0.7864583333333334 0.02361111111111111 0.027777777777777776
0 0.6722222222222223 0.5260416666666666 0.6763888888888889 0.5329861111111112 0.6763888888888889 0.5399305555555556 0.6708333333333333 0.5503472222222222 0.6625 0.5503472222222222 0.6583333333333333 0.5416666666666666 0.6611111111111111 0.5277777777777778 0.6708333333333333 0.5260416666666666
0 0.6986111111111111 0.4357638888888889 0.7069444444444445 0.4357638888888889 0.7180555555555556 0.4409722222222222 0.725 0.453125 0.7236111111111111 0.4600694444444444 0.7166666666666667 0.4635416666666667 0.7111111111111111 0.4600694444444444 0.7013888888888888 0.4479166666666667 0.6986111111111111 0.4427083333333333 0.6986111111111111 0.4375
0 0.8958333333333334 0.5364583333333334 0.9041666666666667 0.546875 0.9069444444444444 0.5538194444444444 0.9069444444444444 0.5642361111111112 0.9013888888888889 0.5694444444444444 0.8958333333333334 0.5677083333333334 0.8916666666666667 0.5625 0.8888888888888888 0.5538194444444444 0.8888888888888888 0.5381944444444444 0.8944444444444445 0.5364583333333334
0 0.6361111111111111 0.4878472222222222 0.6444444444444445 0.4965277777777778 0.6458333333333334 0.5017361111111112 0.6444444444444445 0.5121527777777778 0.6402777777777777 0.5138888888888888 0.6333333333333333 0.5121527777777778 0.6291666666666667 0.5017361111111112 0.6277777777777778 0.4878472222222222 0.6291666666666667 0.4861111111111111 0.6347222222222222 0.4878472222222222
0 0.043055555555555555 0.6145833333333334 0.05555555555555555 0.6215277777777778 0.06111111111111111 0.6284722222222222 0.06111111111111111 0.6336805555555556 0.05416666666666667 0.6371527777777778 0.043055555555555555 0.6371527777777778 0.04027777777777778 0.6267361111111112 0.041666666666666664 0.6163194444444444
0 0.22777777777777777 0.7413194444444444 0.23333333333333334 0.7430555555555556 0.2361111111111111 0.75 0.22361111111111112 0.7621527777777778 0.2152777777777778 0.7621527777777778 0.2125 0.7586805555555556 0.2125 0.7482638888888888 0.21944444444444444 0.7413194444444444 0.2263888888888889 0.7413194444444444
0 0.8472222222222222 0.16666666666666666 0.85 0.1753472222222222 0.8472222222222222 0.1892361111111111 0.8430555555555556 0.19791666666666666 0.8347222222222223 0.19791666666666666 0.8333333333333334 0.18055555555555555 0.8361111111111111 0.1736111111111111 0.8458333333333333 0.16666666666666666
0 0.06666666666666667 0.8871527777777778 0.07083333333333333 0.8940972222222222 0.06388888888888888 0.9149305555555556 0.059722222222222225 0.9184027777777778 0.05138888888888889 0.9166666666666666 0.04861111111111111 0.9131944444444444 0.04722222222222222 0.9027777777777778 0.05138888888888889 0.8923611111111112 0.06527777777777778 0.8871527777777778