0 0.22916666666666666 0.7395833333333334 0.2361111111111111 0.7430555555555556 0.2375 0.75 0.22777777777777777 0.7604166666666666 0.21944444444444444 0.7604166666666666 0.2125 0.7517361111111112 0.2125 0.7465277777777778 0.2152777777777778 0.7413194444444444 0.22777777777777777 0.7395833333333334
0 0.4027777777777778 0.4149305555555556 0.4041666666666667 0.4097222222222222 0.4125 0.4027777777777778 0.4236111111111111 0.3975694444444444 0.43333333333333335 0.3975694444444444 0.4361111111111111 0.4010416666666667 0.43472222222222223 0.4097222222222222 0.42777777777777776 0.4201388888888889 0.4111111111111111 0.4236111111111111 0.40555555555555556 0.421875 0.4041666666666667 0.4166666666666667
0 0.2916666666666667 0.0954861111111111 0.2972222222222222 0.10243055555555555 0.2972222222222222 0.11631944444444445 0.2861111111111111 0.1232638888888889 0.2777777777777778 0.12152777777777778 0.275 0.11458333333333333 0.2791666666666667 0.10069444444444445 0.2833333333333333 0.0954861111111111 0.2902777777777778 0.0954861111111111
0 0.5243055555555556 0.7847222222222222 0.020833333333333332 0.027777777777777776
0 0.5916666666666667 0.7881944444444444 0.5986111111111111 0.7951388888888888 0.6013888888888889 0.8020833333333334 0.6013888888888889 0.8072916666666666 0.5986111111111111 0.8107638888888888 0.5847222222222223 0.8107638888888888 0.5805555555555556 0.8038194444444444 0.5805555555555556 0.7899305555555556 0.5902777777777778 0.7881944444444444
0 0.6583333333333333 0.4965277777777778 0.6638888888888889 0.5017361111111112 0.6666666666666666 0.5104166666666666 0.6652777777777777 0.5173611111111112 0.6611111111111111 0.5208333333333334 0.6541666666666667 0.5190972222222222 0.6472222222222223 0.5104166666666666 0.6444444444444445 0.5017361111111112 0.6458333333333334 0.4947916666666667 0.6569444444444444 0.4965277777777778
0 0.7152777777777778 0.4375 0.7194444444444444 0.4392361111111111 0.7263888888888889 0.4496527777777778 0.7263888888888889 0.4583333333333333 0.7236111111111111 0.4618055555555556 0.7152777777777778 0.4600694444444444 0.7027777777777777 0.4409722222222222 0.7055555555555556 0.4357638888888889 0.7138888888888889 0.4375
0 0.6777777777777778 0.5277777777777778 0.6805555555555556 0.5364583333333334 0.675 0.5503472222222222 0.6680555555555555 0.5503472222222222 0.6638888888888889 0.5451388888888888 0.6638888888888889 0.5347222222222222 0.6708333333333333 0.5260416666666666 0.6763888888888889 0.5277777777777778
0 0.6486111111111111 0.006944444444444444 0.6597222222222222 0.012152777777777778 0.6611111111111111 0.015625 0.65 0.027777777777777776 0.6430555555555556 0.03125 0.6361111111111111 0.03125 0.6319444444444444 0.027777777777777776 0.6305555555555555 0.013888888888888888 0.6375 0.006944444444444444 0.6472222222222223 0.006944444444444444
0 0.8958333333333334 0.5347222222222222 0.9041666666666667 0.5364583333333334 0.9111111111111111 0.5451388888888888 0.9125 0.5503472222222222 0.9111111111111111 0.5642361111111112 0.9041666666666667 0.5642361111111112 0.8972222222222223 0.5555555555555556 0.8958333333333334 0.5364583333333334
0 0.7333333333333333 0.22743055555555555 0.7458333333333333 0.24131944444444445 0.7486111111111111 0.25 0.7472222222222222 0.2621527777777778 0.7430555555555556 0.2673611111111111 0.7333333333333333 0.2638888888888889 0.725 0.2517361111111111 0.7236111111111111 0.234375 0.7277777777777777 0.22743055555555555 0.7319444444444444 0.22743055555555555
0 0.8666666666666667 0.4479166666666667 0.8763888888888889 0.4565972222222222 0.8777777777777778 0.4652777777777778 0.875 0.4722222222222222 0.8666666666666667 0.4722222222222222 0.8597222222222223 0.4635416666666667 0.8541666666666666 0.4496527777777778 0.8583333333333333 0.4444444444444444 0.8652777777777778 0.4479166666666667
0 0.1375 0.12413194444444445 0.016666666666666666 0.03298611111111111
0 0.8826388888888889 0.019097222222222224 0.02361111111111111 0.03819444444444445
0 0.6916666666666667 0.8263888888888888 0.6944444444444444 0.8315972222222222 0.6944444444444444 0.8385416666666666 0.6875 0.8472222222222222 0.6819444444444445 0.8472222222222222 0.6708333333333333 0.8420138888888888 0.6597222222222222 0.8420138888888888 0.6583333333333333 0.8385416666666666 0.6611111111111111 0.8350694444444444 0.6694444444444444 0.8333333333333334 0.6805555555555556 0.8263888888888888 0.6902777777777778 0.8263888888888888
0 0.6861111111111111 0.4861111111111111 0.7055555555555556 0.5052083333333334 0.7041666666666667 0.5190972222222222 0.6958333333333333 0.5190972222222222 0.6777777777777778 0.5052083333333334 0.675 0.4982638888888889 0.675 0.4895833333333333 0.6777777777777778 0.4861111111111111 0.6847222222222222 0.4861111111111111
0 0.07777777777777778 0.9670138888888888 0.08472222222222223 0.96875 0.08888888888888889 0.9791666666666666 0.08888888888888889 0.9965277777777778 0.0763888888888889 0.9982638888888888 0.07361111111111111 0.9913194444444444 0.07361111111111111 0.9809027777777778 0.07777777777777778 0.96875
0 0.7916666666666666 0.19444444444444445 0.8013888888888889 0.19444444444444445 0.8125 0.2048611111111111 0.8111111111111111 0.21180555555555555 0.8 0.2222222222222222 0.7916666666666666 0.22395833333333334 0.7861111111111111 0.2170138888888889 0.7861111111111111 0.21006944444444445 0.7916666666666666 0.19618055555555555
0 0.33611111111111114 0.6927083333333334 0.3375 0.7048611111111112 0.3333333333333333 0.7083333333333334 0.31527777777777777 0.7065972222222222 0.3111111111111111 0.703125 0.3111111111111111 0.6979166666666666 0.3236111111111111 0.6909722222222222 0.3347222222222222 0.6927083333333334
0 0.5666666666666667 0.9357638888888888 0.5736111111111111 0.9357638888888888 0.5763888888888888 0.9409722222222222 0.5763888888888888 0.9496527777777778 0.5736111111111111 0.953125 0.5666666666666667 0.953125 0.5652777777777778 0.9513888888888888 0.5666666666666667 0.9375
0 0.8944444444444445 0.9496527777777778 0.8986111111111111 0.9583333333333334 0.8944444444444445 0.9722222222222222 0.8944444444444445 0.9791666666666666 0.8875 0.9878472222222222 0.8777777777777778 0.9878472222222222 0.875 0.9791666666666666 0.8777777777777778 0.96875 0.8861111111111111 0.953125 0.8888888888888888 0.9496527777777778 0.8930555555555556 0.9496527777777778
0 0.6513888888888889 0.5416666666666666 0.6541666666666667 0.5451388888888888 0.6513888888888889 0.5711805555555556 0.6416666666666667 0.5833333333333334 0.6347222222222222 0.5815972222222222 0.6319444444444444 0.5677083333333334 0.6388888888888888 0.5486111111111112 0.6430555555555556 0.5434027777777778 0.65 0.5416666666666666
0 0.9083333333333333 0.8194444444444444 0.9111111111111111 0.8229166666666666 0.9097222222222222 0.8402777777777778 0.9111111111111111 0.8489583333333334 0.9083333333333333 0.859375 0.9041666666666667 0.8645833333333334 0.8930555555555556 0.8645833333333334 0.8861111111111111 0.859375 0.8805555555555555 0.8506944444444444 0.8805555555555555 0.8385416666666666 0.8819444444444444 0.8333333333333334 0.8888888888888888 0.8263888888888888 0.9 0.8194444444444444 0.9069444444444444 0.8194444444444444
0 0.08055555555555556 0.9427083333333334 0.08472222222222223 0.9548611111111112 0.08472222222222223 0.9756944444444444 0.08055555555555556 0.9756944444444444 0.07777777777777778 0.9809027777777778 0.0763888888888889 0.9774305555555556 0.0763888888888889 0.9565972222222222 0.07916666666666666 0.9444444444444444
0 0.8763888888888889 0.7899305555555556 0.8861111111111111 0.796875 0.8875 0.8003472222222222 0.8861111111111111 0.8107638888888888 0.8791666666666667 0.8177083333333334 0.8625 0.8177083333333334 0.8583333333333333 0.8142361111111112 0.8583333333333333 0.8072916666666666 0.8611111111111112 0.8003472222222222 0.8666666666666667 0.7934027777777778 0.875 0.7916666666666666