0 0.11944444444444445 0.5989583333333334 0.12083333333333333 0.6024305555555556 0.11944444444444445 0.6145833333333334 0.10555555555555556 0.6215277777777778 0.08611111111111111 0.6197916666666666 0.08472222222222223 0.6145833333333334 0.09027777777777778 0.6076388888888888 0.10277777777777777 0.5989583333333334 0.10694444444444444 0.5972222222222222 0.11805555555555555 0.5989583333333334
0 0.07361111111111111 0.7309027777777778 0.07777777777777778 0.734375 0.08194444444444444 0.7430555555555556 0.08333333333333333 0.7534722222222222 0.07916666666666666 0.7621527777777778 0.07361111111111111 0.7621527777777778 0.06805555555555555 0.7586805555555556 0.06666666666666667 0.7534722222222222 0.06805555555555555 0.7361111111111112 0.07222222222222222 0.7309027777777778
0 0.48333333333333334 0.8975694444444444 0.4847222222222222 0.9045138888888888 0.48194444444444445 0.9114583333333334 0.47638888888888886 0.9184027777777778 0.4708333333333333 0.9201388888888888 0.4625 0.9166666666666666 0.46111111111111114 0.9131944444444444 0.4625 0.9045138888888888 0.4708333333333333 0.8958333333333334 0.48194444444444445 0.8975694444444444
0 0.30972222222222223 0.7690972222222222 0.3138888888888889 0.78125 0.3138888888888889 0.7934027777777778 0.3111111111111111 0.8003472222222222 0.30833333333333335 0.8020833333333334 0.30277777777777776 0.8003472222222222 0.3 0.7951388888888888 0.3013888888888889 0.7743055555555556 0.3055555555555556 0.7673611111111112 0.30833333333333335 0.7690972222222222
0 0.21875 0.6085069444444444 0.020833333333333332 0.022569444444444444
0 0.7041666666666667 0.8958333333333334 0.7097222222222223 0.9027777777777778 0.7111111111111111 0.9079861111111112 0.7111111111111111 0.9253472222222222 0.7083333333333334 0.9288194444444444 0.6972222222222222 0.9236111111111112 0.6930555555555555 0.9114583333333334 0.6944444444444444 0.8993055555555556 0.6986111111111111 0.8958333333333334 0.7027777777777777 0.8958333333333334
0 0.44027777777777777 0.6571180555555556 0.013888888888888888 0.03298611111111111
0 0.44027777777777777 0.7395833333333334 0.016666666666666666 0.027777777777777776
0 0.8083333333333333 0.5572916666666666 0.016666666666666666 0.024305555555555556
0 0.5486111111111112 0.5190972222222222 0.5569444444444445 0.515625 0.5694444444444444 0.515625 0.575 0.5190972222222222 0.575 0.5243055555555556 0.5722222222222222 0.5295138888888888 0.5625 0.5381944444444444 0.5486111111111112 0.5364583333333334 0.5472222222222223 0.5329861111111112 0.5486111111111112 0.5208333333333334
0 0.8729166666666667 0.546875 0.02361111111111111 0.024305555555555556
0 0.8486111111111111 0.3064236111111111 0.013888888888888888 0.03298611111111111
0 0.9097222222222222 0.3472222222222222 0.9166666666666666 0.3524305555555556 0.9166666666666666 0.3611111111111111 0.9138888888888889 0.3663194444444444 0.9083333333333333 0.3697916666666667 0.8986111111111111 0.3697916666666667 0.8944444444444445 0.3663194444444444 0.8944444444444445 0.3611111111111111 0.8986111111111111 0.3524305555555556 0.9083333333333333 0.3472222222222222
0 0.7138888888888889 0.3125 0.7166666666666667 0.3159722222222222 0.7166666666666667 0.3402777777777778 0.7097222222222223 0.3472222222222222 0.7055555555555556 0.3472222222222222 0.7027777777777777 0.34375 0.7013888888888888 0.3229166666666667 0.7083333333333334 0.3125 0.7125 0.3125
0 0.5847222222222223 0.46875 0.5958333333333333 0.4722222222222222 0.5986111111111111 0.4774305555555556 0.6 0.4913194444444444 0.5972222222222222 0.4965277777777778 0.5861111111111111 0.4965277777777778 0.5791666666666667 0.4895833333333333 0.5763888888888888 0.4826388888888889 0.5763888888888888 0.4722222222222222 0.5791666666666667 0.46875 0.5833333333333334 0.46875
0 0.4791666666666667 0.7604166666666666 0.4791666666666667 0.7517361111111112 0.4888888888888889 0.7413194444444444 0.49722222222222223 0.7430555555555556 0.49583333333333335 0.7534722222222222 0.4875 0.7621527777777778 0.48055555555555557 0.7604166666666666
0 0.4666666666666667 0.9774305555555556 0.46944444444444444 0.9826388888888888 0.46805555555555556 0.9982638888888888 0.44583333333333336 0.9982638888888888 0.4444444444444444 0.9965277777777778 0.4444444444444444 0.9878472222222222 0.44722222222222224 0.9826388888888888 0.4527777777777778 0.9791666666666666 0.4652777777777778 0.9774305555555556
0 0.8513888888888889 0.5225694444444444 0.8555555555555555 0.53125 0.8555555555555555 0.5555555555555556 0.8486111111111111 0.5607638888888888 0.8444444444444444 0.5607638888888888 0.8319444444444445 0.5538194444444444 0.8263888888888888 0.5451388888888888 0.8263888888888888 0.5364583333333334 0.8361111111111111 0.5243055555555556 0.85 0.5225694444444444
0 0.46111111111111114 0.7100694444444444 0.4652777777777778 0.7118055555555556 0.4708333333333333 0.71875 0.4722222222222222 0.7291666666666666 0.4708333333333333 0.7413194444444444 0.4666666666666667 0.7517361111111112 0.46111111111111114 0.7569444444444444 0.4527777777777778 0.7552083333333334 0.44722222222222224 0.7291666666666666 0.45 0.7152777777777778 0.45555555555555555 0.7100694444444444 0.4597222222222222 0.7100694444444444
0 0.85 0.5546875 0.013888888888888888 0.019097222222222224
0 0.23472222222222222 0.4809027777777778 0.24305555555555555 0.4861111111111111 0.24583333333333332 0.4965277777777778 0.24583333333333332 0.5069444444444444 0.24166666666666667 0.5190972222222222 0.23194444444444445 0.5260416666666666 0.2263888888888889 0.5260416666666666 0.2152777777777778 0.515625 0.21388888888888888 0.4982638888888889 0.21666666666666667 0.4878472222222222 0.22083333333333333 0.4826388888888889 0.23333333333333334 0.4809027777777778
0 0.31319444444444444 0.1597222222222222 0.02361111111111111 0.027777777777777776
0 0.2569444444444444 0.1371527777777778 0.022222222222222223 0.024305555555555556
0 0.8 0.8871527777777778 0.8069444444444445 0.8958333333333334 0.8055555555555556 0.90625 0.8 0.9114583333333334 0.7958333333333333 0.9114583333333334 0.7902777777777777 0.90625 0.7916666666666666 0.8923611111111112 0.7986111111111112 0.8888888888888888