0 0.7138888888888889 0.3125 0.7125 0.3055555555555556 0.7166666666666667 0.2916666666666667 0.725 0.28125 0.7319444444444444 0.28125 0.7347222222222223 0.2847222222222222 0.7347222222222223 0.2951388888888889 0.7236111111111111 0.3107638888888889 0.7180555555555556 0.3142361111111111 0.7152777777777778 0.3125
0 0.28888888888888886 0.1371527777777778 0.29305555555555557 0.1388888888888889 0.3 0.14756944444444445 0.30416666666666664 0.15625 0.30277777777777776 0.16145833333333334 0.2916666666666667 0.16145833333333334 0.2847222222222222 0.1579861111111111 0.28055555555555556 0.1527777777777778 0.28055555555555556 0.140625 0.2875 0.1371527777777778
0 0.125 0.5972222222222222 0.12916666666666668 0.6006944444444444 0.13055555555555556 0.6111111111111112 0.12638888888888888 0.6180555555555556 0.12083333333333333 0.6215277777777778 0.10138888888888889 0.6197916666666666 0.09722222222222222 0.6163194444444444 0.09722222222222222 0.6111111111111112 0.11666666666666667 0.5989583333333334 0.12361111111111112 0.5972222222222222
0 0.4791666666666667 0.8958333333333334 0.4847222222222222 0.9027777777777778 0.48333333333333334 0.9079861111111112 0.47638888888888886 0.9184027777777778 0.4708333333333333 0.9201388888888888 0.4625 0.9166666666666666 0.4625 0.90625 0.46805555555555556 0.8975694444444444 0.4777777777777778 0.8958333333333334
0 0.2125 0.5989583333333334 0.2152777777777778 0.5972222222222222 0.2263888888888889 0.5989583333333334 0.23194444444444445 0.609375 0.23055555555555557 0.6180555555555556 0.2263888888888889 0.6197916666666666 0.21805555555555556 0.6180555555555556 0.2125 0.6111111111111112 0.2125 0.6006944444444444
0 0.3111111111111111 0.765625 0.3194444444444444 0.78125 0.3194444444444444 0.7916666666666666 0.3111111111111111 0.8020833333333334 0.3055555555555556 0.8003472222222222 0.30277777777777776 0.7934027777777778 0.30277777777777776 0.7829861111111112 0.30694444444444446 0.7673611111111112 0.30972222222222223 0.765625
0 0.9097222222222222 0.3489583333333333 0.9138888888888889 0.3506944444444444 0.9166666666666666 0.3559027777777778 0.9152777777777777 0.3645833333333333 0.9069444444444444 0.3715277777777778 0.8986111111111111 0.3697916666666667 0.8958333333333334 0.3663194444444444 0.9 0.3559027777777778 0.9041666666666667 0.3506944444444444 0.9083333333333333 0.3506944444444444
0 0.8444444444444444 0.2916666666666667 0.8513888888888889 0.2934027777777778 0.8541666666666666 0.3020833333333333 0.8527777777777777 0.3194444444444444 0.8458333333333333 0.3211805555555556 0.8416666666666667 0.3090277777777778 0.8444444444444444 0.2934027777777778
0 0.2569444444444444 0.125 0.2611111111111111 0.1284722222222222 0.2625 0.13368055555555555 0.25416666666666665 0.14756944444444445 0.24861111111111112 0.14756944444444445 0.24583333333333332 0.1440972222222222 0.24583333333333332 0.13368055555555555 0.24861111111111112 0.1267361111111111 0.25555555555555554 0.125
0 0.7055555555555556 0.8958333333333334 0.7138888888888889 0.90625 0.7138888888888889 0.9253472222222222 0.7125 0.9270833333333334 0.7055555555555556 0.9253472222222222 0.6986111111111111 0.9166666666666666 0.6972222222222222 0.9097222222222222 0.6986111111111111 0.9010416666666666 0.7041666666666667 0.8975694444444444
0 0.44027777777777777 0.7387152777777778 0.016666666666666666 0.026041666666666668
0 0.49722222222222223 0.7413194444444444 0.4986111111111111 0.7430555555555556 0.49722222222222223 0.7534722222222222 0.4875 0.7621527777777778 0.48055555555555557 0.7621527777777778 0.4791666666666667 0.7534722222222222 0.4875 0.7430555555555556 0.4930555555555556 0.7395833333333334 0.49583333333333335 0.7413194444444444
0 0.5430555555555555 0.5260416666666666 0.55 0.5295138888888888 0.5541666666666667 0.5399305555555556 0.5486111111111112 0.5451388888888888 0.5361111111111111 0.5486111111111112 0.5291666666666667 0.5416666666666666 0.5291666666666667 0.53125 0.5347222222222222 0.5260416666666666 0.5416666666666666 0.5260416666666666
0 0.8486111111111111 0.5190972222222222 0.8527777777777777 0.5208333333333334 0.8569444444444444 0.53125 0.8569444444444444 0.5520833333333334 0.8513888888888889 0.5590277777777778 0.8333333333333334 0.5520833333333334 0.8277777777777777 0.5434027777777778 0.8291666666666667 0.5295138888888888 0.8388888888888889 0.5208333333333334 0.8472222222222222 0.5190972222222222
0 0.46319444444444446 0.9861111111111112 0.02361111111111111 0.024305555555555556
0 0.4388888888888889 0.6423611111111112 0.44583333333333336 0.640625 0.45 0.6458333333333334 0.4513888888888889 0.6527777777777778 0.45 0.6649305555555556 0.44166666666666665 0.671875 0.4388888888888889 0.6701388888888888 0.4361111111111111 0.6631944444444444 0.4361111111111111 0.6510416666666666 0.4388888888888889 0.6440972222222222
0 0.5902777777777778 0.4739583333333333 0.5958333333333333 0.4774305555555556 0.5986111111111111 0.4826388888888889 0.6 0.4913194444444444 0.5972222222222222 0.4965277777777778 0.5847222222222223 0.4965277777777778 0.5777777777777777 0.4878472222222222 0.5763888888888888 0.4739583333333333 0.5791666666666667 0.4704861111111111 0.5888888888888889 0.4739583333333333
0 0.8722222222222222 0.546875 0.025 0.024305555555555556
0 0.4625 0.7100694444444444 0.46944444444444444 0.7152777777777778 0.4722222222222222 0.7274305555555556 0.4708333333333333 0.7413194444444444 0.4638888888888889 0.7552083333333334 0.45416666666666666 0.7552083333333334 0.4513888888888889 0.7517361111111112 0.44722222222222224 0.7291666666666666 0.44722222222222224 0.7204861111111112 0.4513888888888889 0.7118055555555556 0.46111111111111114 0.7100694444444444
0 0.7944444444444444 0.5104166666666666 0.8 0.5225694444444444 0.8013888888888889 0.53125 0.8 0.5364583333333334 0.7875 0.5364583333333334 0.7791666666666667 0.5260416666666666 0.7791666666666667 0.5190972222222222 0.7833333333333333 0.5138888888888888 0.7930555555555555 0.5104166666666666
0 0.04583333333333333 0.7465277777777778 0.05138888888888889 0.7534722222222222 0.05277777777777778 0.7673611111111112 0.05 0.7725694444444444 0.043055555555555555 0.7743055555555556 0.03888888888888889 0.7690972222222222 0.03888888888888889 0.7534722222222222 0.044444444444444446 0.7465277777777778
0 0.23333333333333334 0.4791666666666667 0.24027777777777778 0.4826388888888889 0.24444444444444444 0.4878472222222222 0.24722222222222223 0.4965277777777778 0.24722222222222223 0.5052083333333334 0.24305555555555555 0.5173611111111112 0.2388888888888889 0.5225694444444444 0.23055555555555557 0.5260416666666666 0.21944444444444444 0.5208333333333334 0.21666666666666667 0.515625 0.2152777777777778 0.4947916666666667 0.22083333333333333 0.4826388888888889 0.23194444444444445 0.4791666666666667
0 0.8430555555555556 0.5538194444444444 0.8486111111111111 0.5416666666666666 0.8555555555555555 0.5399305555555556 0.8597222222222223 0.5486111111111112 0.8583333333333333 0.5572916666666666 0.85 0.5625 0.8444444444444444 0.5555555555555556
0 0.3236111111111111 0.5052083333333334 0.3388888888888889 0.5225694444444444 0.3416666666666667 0.5295138888888888 0.3402777777777778 0.5364583333333334 0.3375 0.5399305555555556 0.32916666666666666 0.5399305555555556 0.31805555555555554 0.5329861111111112 0.31666666666666665 0.5138888888888888 0.32222222222222224 0.5069444444444444
0 0.7756944444444445 0.3559027777777778 0.015277777777777777 0.020833333333333332