0 0.5777777777777777 0.7977430555555556 0.019444444444444445 0.026041666666666668
0 0.6055555555555555 0.4027777777777778 0.6069444444444444 0.40625 0.6055555555555555 0.4131944444444444 0.5972222222222222 0.4253472222222222 0.5916666666666667 0.4253472222222222 0.5875 0.4184027777777778 0.5875 0.40625 0.5930555555555556 0.4010416666666667 0.6041666666666666 0.4027777777777778
0 0.23055555555555557 0.1388888888888889 0.22916666666666666 0.1267361111111111 0.2361111111111111 0.11284722222222222 0.24305555555555555 0.11284722222222222 0.24722222222222223 0.11805555555555555 0.24861111111111112 0.13194444444444445 0.24305555555555555 0.1388888888888889 0.2375 0.140625 0.23194444444444445 0.1388888888888889
0 0.6513888888888889 0.5260416666666666 0.6541666666666667 0.53125 0.6541666666666667 0.5434027777777778 0.65 0.5486111111111112 0.6430555555555556 0.5486111111111112 0.6375 0.5399305555555556 0.6375 0.5295138888888888 0.6416666666666667 0.5243055555555556 0.65 0.5260416666666666
0 0.10138888888888889 0.13020833333333334 0.10833333333333334 0.13194444444444445 0.11527777777777778 0.15104166666666666 0.11388888888888889 0.15625 0.10833333333333334 0.16319444444444445 0.10416666666666667 0.16319444444444445 0.10138888888888889 0.1597222222222222 0.09722222222222222 0.14756944444444445 0.09722222222222222 0.1371527777777778 0.10138888888888889 0.13194444444444445
0 0.9194444444444444 0.5486111111111112 0.9222222222222223 0.5572916666666666 0.9222222222222223 0.5694444444444444 0.9194444444444444 0.5763888888888888 0.9138888888888889 0.5798611111111112 0.9069444444444444 0.5729166666666666 0.9069444444444444 0.5590277777777778 0.9138888888888889 0.5486111111111112 0.9180555555555555 0.5486111111111112
0 0.40694444444444444 0.3784722222222222 0.4097222222222222 0.3871527777777778 0.4097222222222222 0.3993055555555556 0.40694444444444444 0.4045138888888889 0.39861111111111114 0.4045138888888889 0.39444444444444443 0.3975694444444444 0.3958333333333333 0.3819444444444444 0.4 0.3767361111111111 0.40555555555555556 0.3784722222222222
0 0.6083333333333333 0.006944444444444444 0.6166666666666667 0.017361111111111112 0.6041666666666666 0.026041666666666668 0.5916666666666667 0.024305555555555556 0.5888888888888889 0.019097222222222224 0.5888888888888889 0.010416666666666666 0.5916666666666667 0.003472222222222222 0.6013888888888889 0.003472222222222222 0.6069444444444444 0.006944444444444444
0 0.8652777777777778 0.5416666666666666 0.8722222222222222 0.5486111111111112 0.875 0.5572916666666666 0.8763888888888889 0.5711805555555556 0.8736111111111111 0.578125 0.8652777777777778 0.5763888888888888 0.8611111111111112 0.5694444444444444 0.8597222222222223 0.546875 0.8638888888888889 0.5416666666666666
0 0.9236111111111112 0.7152777777777778 0.9291666666666667 0.7256944444444444 0.9291666666666667 0.7378472222222222 0.9236111111111112 0.7534722222222222 0.9180555555555555 0.7586805555555556 0.9152777777777777 0.7586805555555556 0.9111111111111111 0.7517361111111112 0.9097222222222222 0.7222222222222222 0.9152777777777777 0.7152777777777778 0.9222222222222223 0.7152777777777778
0 0.9118055555555555 0.1545138888888889 0.015277777777777777 0.034722222222222224
0 0.05694444444444444 0.7951388888888888 0.06388888888888888 0.8055555555555556 0.06388888888888888 0.8159722222222222 0.058333333333333334 0.8229166666666666 0.05138888888888889 0.8263888888888888 0.04583333333333333 0.8229166666666666 0.043055555555555555 0.8090277777777778 0.04861111111111111 0.796875 0.05555555555555555 0.7951388888888888
0 0.7069444444444445 0.4409722222222222 0.7125 0.4496527777777778 0.7111111111111111 0.4635416666666667 0.7 0.4618055555555556 0.6930555555555555 0.4513888888888889 0.6930555555555555 0.4427083333333333 0.7055555555555556 0.4409722222222222
0 0.5194444444444445 0.78125 0.5222222222222223 0.7829861111111112 0.5222222222222223 0.7916666666666666 0.5194444444444445 0.8003472222222222 0.5138888888888888 0.8072916666666666 0.5041666666666667 0.8055555555555556 0.5027777777777778 0.7899305555555556 0.5069444444444444 0.7847222222222222 0.5180555555555556 0.78125
0 0.6291666666666667 0.84375 0.6333333333333333 0.8489583333333334 0.6333333333333333 0.8576388888888888 0.6263888888888889 0.8663194444444444 0.6180555555555556 0.8645833333333334 0.6152777777777778 0.8559027777777778 0.6208333333333333 0.84375 0.6277777777777778 0.84375
0 0.20277777777777778 0.7621527777777778 0.21805555555555556 0.7604166666666666 0.22083333333333333 0.765625 0.21388888888888888 0.7795138888888888 0.20555555555555555 0.78125 0.2 0.7743055555555556 0.2 0.7690972222222222 0.20277777777777778 0.7638888888888888
0 0.8680555555555556 0.4479166666666667 0.8736111111111111 0.4513888888888889 0.8777777777777778 0.4600694444444444 0.8777777777777778 0.46875 0.8736111111111111 0.4739583333333333 0.8652777777777778 0.4722222222222222 0.8555555555555555 0.4565972222222222 0.8541666666666666 0.4513888888888889 0.8555555555555555 0.4444444444444444 0.8597222222222223 0.4427083333333333 0.8666666666666667 0.4479166666666667
0 0.9097222222222222 0 0.9166666666666666 0 0.9208333333333333 0.012152777777777778 0.9208333333333333 0.022569444444444444 0.9180555555555555 0.029513888888888888 0.9152777777777777 0.03298611111111111 0.9111111111111111 0.03298611111111111 0.9083333333333333 0.029513888888888888 0.9069444444444444 0.020833333333333332 0.9097222222222222 0.001736111111111111
0 0.8708333333333333 0.8246527777777778 0.8777777777777778 0.8333333333333334 0.8805555555555555 0.8420138888888888 0.8805555555555555 0.8576388888888888 0.8777777777777778 0.8645833333333334 0.8708333333333333 0.8697916666666666 0.8625 0.8680555555555556 0.8541666666666666 0.859375 0.8555555555555555 0.8350694444444444 0.8625 0.8263888888888888 0.8694444444444445 0.8246527777777778
0 0.8680555555555556 0.9583333333333334 0.8722222222222222 0.9618055555555556 0.8763888888888889 0.9722222222222222 0.8763888888888889 0.9861111111111112 0.8736111111111111 0.9930555555555556 0.8666666666666667 0.9982638888888888 0.8611111111111112 0.9947916666666666 0.8583333333333333 0.9756944444444444 0.8555555555555555 0.9704861111111112 0.8555555555555555 0.9652777777777778 0.8597222222222223 0.9583333333333334 0.8666666666666667 0.9583333333333334
0 0.7555555555555555 0 0.7694444444444445 0 0.7680555555555556 0.012152777777777778 0.7625 0.015625 0.7583333333333333 0.015625 0.7555555555555555 0.012152777777777778 0.7541666666666667 0.008680555555555556 0.7555555555555555 0.001736111111111111
0 0.44027777777777777 0.6371527777777778 0.44722222222222224 0.640625 0.4513888888888889 0.6510416666666666 0.44722222222222224 0.6579861111111112 0.4361111111111111 0.6649305555555556 0.4263888888888889 0.6649305555555556 0.4236111111111111 0.6614583333333334 0.4236111111111111 0.640625 0.42916666666666664 0.6371527777777778 0.4388888888888889 0.6371527777777778
0 0.2263888888888889 0.8020833333333334 0.23472222222222222 0.8020833333333334 0.24027777777777778 0.8055555555555556 0.24583333333333332 0.8177083333333334 0.24444444444444444 0.8263888888888888 0.23472222222222222 0.8246527777777778 0.22777777777777777 0.8159722222222222 0.225 0.8055555555555556 0.2263888888888889 0.8038194444444444
0 0.7375 0.22916666666666666 0.7472222222222222 0.2465277777777778 0.7472222222222222 0.2604166666666667 0.7444444444444445 0.265625 0.7361111111111112 0.265625 0.7305555555555555 0.2586805555555556 0.7236111111111111 0.24305555555555555 0.7236111111111111 0.2309027777777778 0.7263888888888889 0.22569444444444445 0.7333333333333333 0.22569444444444445 0.7361111111111112 0.22916666666666666
0 0.9034722222222222 0.7395833333333334 0.015277777777777777 0.041666666666666664
0 0.8208333333333333 0.0642361111111111 0.8263888888888888 0.07118055555555555 0.8263888888888888 0.0920138888888889 0.8236111111111111 0.10243055555555555 0.8111111111111111 0.10069444444444445 0.8055555555555556 0.0954861111111111 0.8027777777777778 0.08506944444444445 0.8069444444444445 0.06770833333333333 0.8138888888888889 0.0625 0.8194444444444444 0.0642361111111111
0 0.65 0.5052083333333334 0.6555555555555556 0.5104166666666666 0.6583333333333333 0.5173611111111112 0.6569444444444444 0.5225694444444444 0.6541666666666667 0.5243055555555556 0.6430555555555556 0.5225694444444444 0.6388888888888888 0.5138888888888888 0.6430555555555556 0.5034722222222222 0.6486111111111111 0.5052083333333334
0 0.5666666666666667 0.953125 0.5652777777777778 0.9392361111111112 0.5680555555555555 0.9340277777777778 0.5722222222222222 0.9340277777777778 0.5763888888888888 0.9392361111111112 0.5763888888888888 0.9496527777777778 0.5708333333333333 0.9548611111111112 0.5680555555555555 0.953125
0 0.6875 0.421875 0.6902777777777778 0.4270833333333333 0.6888888888888889 0.4409722222222222 0.6791666666666667 0.4392361111111111 0.675 0.4288194444444444 0.6777777777777778 0.421875 0.6805555555555556 0.4201388888888889 0.6861111111111111 0.421875
0 0.6402777777777777 0.5451388888888888 0.6513888888888889 0.546875 0.6513888888888889 0.5694444444444444 0.6430555555555556 0.5850694444444444 0.6347222222222222 0.5850694444444444 0.6319444444444444 0.5798611111111112 0.6333333333333333 0.5607638888888888 0.6402777777777777 0.546875
0 0.8458333333333333 0.8055555555555556 0.8527777777777777 0.8107638888888888 0.8555555555555555 0.8211805555555556 0.8388888888888889 0.8385416666666666 0.8263888888888888 0.828125 0.8263888888888888 0.8194444444444444 0.8402777777777778 0.8055555555555556 0.8444444444444444 0.8055555555555556
0 0.6347222222222222 0.4947916666666667 0.6402777777777777 0.4982638888888889 0.6430555555555556 0.5034722222222222 0.6402777777777777 0.5190972222222222 0.6305555555555555 0.5190972222222222 0.6263888888888889 0.515625 0.6236111111111111 0.5086805555555556 0.6236111111111111 0.4982638888888889 0.6263888888888889 0.4947916666666667 0.6333333333333333 0.4947916666666667
0 0.8541666666666666 0.4826388888888889 0.8611111111111112 0.4826388888888889 0.8652777777777778 0.4878472222222222 0.8652777777777778 0.4947916666666667 0.8611111111111112 0.5 0.8569444444444444 0.5 0.8541666666666666 0.4930555555555556 0.8541666666666666 0.484375
0 0.11805555555555555 0.515625 0.125 0.5138888888888888 0.13055555555555556 0.5190972222222222 0.12916666666666668 0.5295138888888888 0.12638888888888888 0.5329861111111112 0.12222222222222222 0.5329861111111112 0.11805555555555555 0.5260416666666666 0.11805555555555555 0.5173611111111112
0 0.7652777777777777 0.2951388888888889 0.7708333333333334 0.3020833333333333 0.7680555555555556 0.3159722222222222 0.7652777777777777 0.3194444444444444 0.7611111111111111 0.3194444444444444 0.7569444444444444 0.3125 0.7569444444444444 0.3003472222222222 0.7597222222222222 0.296875 0.7638888888888888 0.296875