0 0.4236111111111111 0.4027777777777778 0.4263888888888889 0.4097222222222222 0.425 0.4166666666666667 0.4166666666666667 0.4270833333333333 0.40694444444444444 0.4270833333333333 0.4013888888888889 0.4236111111111111 0.4013888888888889 0.4114583333333333 0.40694444444444444 0.4045138888888889 0.4222222222222222 0.4027777777777778
0 0.13055555555555556 0.11805555555555555 0.13333333333333333 0.11979166666666667 0.1375 0.13020833333333334 0.1375 0.1423611111111111 0.13333333333333333 0.14756944444444445 0.12361111111111112 0.14756944444444445 0.12222222222222222 0.1440972222222222 0.12222222222222222 0.1232638888888889 0.125 0.11805555555555555 0.12916666666666668 0.11805555555555555
0 0.2791666666666667 0.10243055555555555 0.2847222222222222 0.11284722222222222 0.2833333333333333 0.11979166666666667 0.28194444444444444 0.1232638888888889 0.26944444444444443 0.13020833333333334 0.2611111111111111 0.13020833333333334 0.25972222222222224 0.1267361111111111 0.2611111111111111 0.11284722222222222 0.26944444444444443 0.10069444444444445 0.2777777777777778 0.10243055555555555
0 0.5847222222222223 0.7864583333333334 0.5902777777777778 0.7881944444444444 0.5972222222222222 0.7986111111111112 0.5986111111111111 0.8072916666666666 0.5902777777777778 0.8125 0.5805555555555556 0.8107638888888888 0.5763888888888888 0.8038194444444444 0.575 0.7986111111111112 0.5763888888888888 0.7899305555555556 0.5833333333333334 0.7864583333333334
0 0.6680555555555555 0.5260416666666666 0.6722222222222223 0.53125 0.6722222222222223 0.5416666666666666 0.6652777777777777 0.5503472222222222 0.6597222222222222 0.5503472222222222 0.6569444444444444 0.546875 0.6555555555555556 0.53125 0.6611111111111111 0.5243055555555556 0.6666666666666666 0.5260416666666666
0 0.5222222222222223 0.7881944444444444 0.022222222222222223 0.027777777777777776
0 0.2222222222222222 0.7413194444444444 0.23055555555555557 0.7430555555555556 0.23333333333333334 0.7465277777777778 0.23333333333333334 0.7534722222222222 0.21805555555555556 0.765625 0.20972222222222223 0.7604166666666666 0.20972222222222223 0.75 0.21388888888888888 0.7430555555555556 0.22083333333333333 0.7413194444444444
0 0.7180555555555556 0.4409722222222222 0.725 0.453125 0.725 0.4600694444444444 0.7222222222222222 0.4635416666666667 0.7111111111111111 0.4618055555555556 0.6972222222222222 0.4409722222222222 0.6986111111111111 0.4340277777777778 0.7166666666666667 0.4409722222222222
0 0.6305555555555555 0.006944444444444444 0.6486111111111111 0.012152777777777778 0.6527777777777778 0.017361111111111112 0.6472222222222223 0.022569444444444444 0.6291666666666667 0.03125 0.625 0.03125 0.6194444444444445 0.026041666666666668 0.6194444444444445 0.013888888888888888 0.6236111111111111 0.008680555555555556 0.6291666666666667 0.006944444444444444
0 0.875 0.024305555555555556 0.8805555555555555 0.029513888888888888 0.8833333333333333 0.036458333333333336 0.8833333333333333 0.046875 0.8763888888888889 0.0642361111111111 0.8708333333333333 0.0642361111111111 0.8583333333333333 0.05381944444444445 0.8583333333333333 0.03298611111111111 0.8666666666666667 0.024305555555555556 0.8736111111111111 0.024305555555555556
0 0.6055555555555555 0.4635416666666667 0.6125 0.4670138888888889 0.6180555555555556 0.4791666666666667 0.6166666666666667 0.4913194444444444 0.6125 0.4965277777777778 0.6055555555555555 0.4965277777777778 0.6027777777777777 0.4895833333333333 0.6027777777777777 0.4722222222222222 0.6055555555555555 0.4652777777777778
0 0.7347222222222223 0.22743055555555555 0.7472222222222222 0.2465277777777778 0.7472222222222222 0.2604166666666667 0.7444444444444445 0.265625 0.7361111111111112 0.2638888888888889 0.7277777777777777 0.2552083333333333 0.725 0.2482638888888889 0.7236111111111111 0.2326388888888889 0.7277777777777777 0.22569444444444445 0.7333333333333333 0.22743055555555555
0 0.9493055555555555 0.7022569444444444 0.009722222222222222 0.043402777777777776
0 0.12916666666666668 0.625 0.13055555555555556 0.6284722222222222 0.12361111111111112 0.6388888888888888 0.11527777777777778 0.6475694444444444 0.10972222222222222 0.6493055555555556 0.10277777777777777 0.6493055555555556 0.1 0.6458333333333334 0.10138888888888889 0.6354166666666666 0.11388888888888889 0.625 0.12222222222222222 0.6232638888888888 0.12777777777777777 0.625
0 0.9486111111111111 0.13368055555555555 0.9527777777777777 0.13541666666666666 0.9527777777777777 0.16319444444444445 0.9513888888888888 0.16666666666666666 0.9458333333333333 0.16666666666666666 0.9430555555555555 0.1579861111111111 0.9430555555555555 0.14756944444444445 0.9486111111111111 0.13541666666666666
0 0.8902777777777777 0.5381944444444444 0.9 0.546875 0.9055555555555556 0.5642361111111112 0.9041666666666667 0.5711805555555556 0.8972222222222223 0.5711805555555556 0.8888888888888888 0.5607638888888888 0.8861111111111111 0.5503472222222222 0.8888888888888888 0.5399305555555556
0 0.059722222222222225 0.8784722222222222 0.06527777777777778 0.8784722222222222 0.07083333333333333 0.8819444444444444 0.07777777777777778 0.8888888888888888 0.08055555555555556 0.8958333333333334 0.08055555555555556 0.90625 0.0763888888888889 0.9114583333333334 0.06805555555555555 0.9097222222222222 0.059722222222222225 0.8871527777777778 0.059722222222222225 0.8802083333333334
0 0.8555555555555555 0.4461805555555556 0.8597222222222223 0.4444444444444444 0.8722222222222222 0.4513888888888889 0.8763888888888889 0.4565972222222222 0.8777777777777778 0.4635416666666667 0.8763888888888889 0.4722222222222222 0.8736111111111111 0.4739583333333333 0.8666666666666667 0.4722222222222222 0.8611111111111112 0.4652777777777778 0.8555555555555555 0.4479166666666667
0 0.8638888888888889 0.1111111111111111 0.8666666666666667 0.11458333333333333 0.8680555555555556 0.1267361111111111 0.8666666666666667 0.13194444444444445 0.8583333333333333 0.1388888888888889 0.8527777777777777 0.13368055555555555 0.8527777777777777 0.11979166666666667 0.8569444444444444 0.109375 0.8625 0.1111111111111111
0 0.6777777777777778 0.4930555555555556 0.6916666666666667 0.5086805555555556 0.6930555555555555 0.515625 0.6888888888888889 0.5208333333333334 0.6819444444444445 0.5208333333333334 0.6722222222222223 0.5138888888888888 0.6652777777777777 0.5121527777777778 0.6611111111111111 0.5069444444444444 0.6597222222222222 0.5017361111111112 0.6611111111111111 0.4913194444444444 0.6736111111111112 0.4895833333333333 0.6763888888888889 0.4930555555555556
0 0.059027777777777776 0.8489583333333334 0.02361111111111111 0.027777777777777776
0 0.8930555555555556 0.8211805555555556 0.9013888888888889 0.828125 0.9 0.8628472222222222 0.8930555555555556 0.8697916666666666 0.8861111111111111 0.8697916666666666 0.8791666666666667 0.8663194444444444 0.8736111111111111 0.859375 0.8722222222222222 0.8541666666666666 0.8722222222222222 0.84375 0.8777777777777778 0.8298611111111112 0.8916666666666667 0.8229166666666666
0 0.8847222222222222 0.9565972222222222 0.8888888888888888 0.9670138888888888 0.8888888888888888 0.984375 0.8861111111111111 0.9913194444444444 0.8819444444444444 0.9947916666666666 0.8722222222222222 0.9947916666666666 0.8694444444444445 0.9913194444444444 0.8694444444444445 0.9774305555555556 0.8763888888888889 0.9600694444444444 0.8791666666666667 0.9565972222222222 0.8833333333333333 0.9565972222222222
0 0.6527777777777778 0.8420138888888888 0.6638888888888889 0.8333333333333334 0.6736111111111112 0.8333333333333334 0.6763888888888889 0.8368055555555556 0.6763888888888889 0.8489583333333334 0.6722222222222223 0.8559027777777778 0.6597222222222222 0.8541666666666666 0.6513888888888889 0.8472222222222222 0.6527777777777778 0.84375