0 0.41805555555555557 0.3993055555555556 0.41944444444444445 0.4114583333333333 0.4166666666666667 0.4184027777777778 0.4083333333333333 0.4253472222222222 0.4 0.4236111111111111 0.39861111111111114 0.4131944444444444 0.40694444444444444 0.4027777777777778 0.4166666666666667 0.3993055555555556
0 0.5173611111111112 0.7925347222222222 0.020833333333333332 0.026041666666666668
0 0.2625 0.10590277777777778 0.26805555555555555 0.11284722222222222 0.26805555555555555 0.12152777777777778 0.2652777777777778 0.1267361111111111 0.25833333333333336 0.13020833333333334 0.25 0.1284722222222222 0.25 0.11631944444444445 0.2569444444444444 0.10590277777777778 0.2611111111111111 0.10590277777777778
0 0.5930555555555556 0.421875 0.5972222222222222 0.4305555555555556 0.5972222222222222 0.4427083333333333 0.5944444444444444 0.4513888888888889 0.5902777777777778 0.4548611111111111 0.5833333333333334 0.453125 0.5819444444444445 0.4392361111111111 0.5847222222222223 0.4288194444444444 0.5916666666666667 0.421875
0 0.6208333333333333 0.006944444444444444 0.6361111111111111 0.013888888888888888 0.6375 0.019097222222222224 0.6347222222222222 0.022569444444444444 0.6194444444444445 0.029513888888888888 0.6111111111111112 0.027777777777777776 0.6069444444444444 0.020833333333333332 0.6083333333333333 0.010416666666666666 0.6125 0.006944444444444444 0.6194444444444445 0.006944444444444444
0 0.6576388888888889 0.5364583333333334 0.015277777777777777 0.024305555555555556
0 0.5847222222222223 0.7899305555555556 0.5916666666666667 0.796875 0.5930555555555556 0.8020833333333334 0.5930555555555556 0.8072916666666666 0.5888888888888889 0.8125 0.5777777777777777 0.8107638888888888 0.5722222222222222 0.8003472222222222 0.5763888888888888 0.7899305555555556 0.5833333333333334 0.7899305555555556
0 0.12083333333333333 0.1388888888888889 0.013888888888888888 0.027777777777777776
0 0.8861111111111111 0.5564236111111112 0.016666666666666666 0.03298611111111111
0 0.20555555555555555 0.7690972222222222 0.20416666666666666 0.7604166666666666 0.20972222222222223 0.7517361111111112 0.22361111111111112 0.7534722222222222 0.225 0.7586805555555556 0.21666666666666667 0.7708333333333334 0.20694444444444443 0.7690972222222222
0 0.7041666666666667 0.4392361111111111 0.7138888888888889 0.4409722222222222 0.7208333333333333 0.4479166666666667 0.7236111111111111 0.4548611111111111 0.7208333333333333 0.4618055555555556 0.7111111111111111 0.4618055555555556 0.6972222222222222 0.4427083333333333 0.6986111111111111 0.4392361111111111 0.7027777777777777 0.4392361111111111
0 0.05138888888888889 0.9001736111111112 0.016666666666666666 0.03298611111111111
0 0.6541666666666667 0.8385416666666666 0.6611111111111111 0.8420138888888888 0.6625 0.8454861111111112 0.6611111111111111 0.8559027777777778 0.6569444444444444 0.859375 0.6458333333333334 0.859375 0.6388888888888888 0.8541666666666666 0.6472222222222223 0.8420138888888888 0.6527777777777778 0.8402777777777778
0 0.8361111111111111 0.027777777777777776 0.8388888888888889 0.029513888888888888 0.8388888888888889 0.03819444444444445 0.8347222222222223 0.050347222222222224 0.8319444444444445 0.052083333333333336 0.825 0.052083333333333336 0.8208333333333333 0.041666666666666664 0.8236111111111111 0.03125 0.8277777777777777 0.027777777777777776 0.8347222222222223 0.027777777777777776
0 0.9347222222222222 0.6857638888888888 0.9388888888888889 0.6909722222222222 0.9430555555555555 0.703125 0.9430555555555555 0.7222222222222222 0.9388888888888889 0.7309027777777778 0.9347222222222222 0.7309027777777778 0.9319444444444445 0.7274305555555556 0.9277777777777778 0.7170138888888888 0.9263888888888889 0.7065972222222222 0.9263888888888889 0.6944444444444444 0.9333333333333333 0.6857638888888888
0 0.8638888888888889 0.4444444444444444 0.8763888888888889 0.4565972222222222 0.8777777777777778 0.46875 0.875 0.4722222222222222 0.8666666666666667 0.4722222222222222 0.8583333333333333 0.4600694444444444 0.8541666666666666 0.4461805555555556 0.8625 0.4444444444444444
0 0.9375 0.1440972222222222 0.013888888888888888 0.03819444444444445
0 0.7361111111111112 0.2439236111111111 0.022222222222222223 0.046875
0 0.3472222222222222 0.9236111111111112 0.35138888888888886 0.9270833333333334 0.35694444444444445 0.9409722222222222 0.35555555555555557 0.953125 0.3486111111111111 0.9583333333333334 0.3416666666666667 0.9583333333333334 0.3347222222222222 0.9496527777777778 0.3347222222222222 0.9444444444444444 0.3402777777777778 0.9340277777777778 0.3402777777777778 0.9253472222222222 0.3458333333333333 0.9236111111111112
0 0.22777777777777777 0.6197916666666666 0.2361111111111111 0.6232638888888888 0.24166666666666667 0.6302083333333334 0.24444444444444444 0.6371527777777778 0.24444444444444444 0.6423611111111112 0.24166666666666667 0.6440972222222222 0.225 0.6440972222222222 0.21805555555555556 0.6388888888888888 0.21805555555555556 0.625 0.2263888888888889 0.6197916666666666
0 0.6597222222222222 0.4913194444444444 0.6791666666666667 0.5086805555555556 0.6791666666666667 0.5190972222222222 0.6763888888888889 0.5208333333333334 0.6708333333333333 0.5208333333333334 0.6638888888888889 0.515625 0.65 0.5121527777777778 0.6472222222222223 0.5069444444444444 0.6472222222222223 0.4947916666666667 0.6513888888888889 0.4913194444444444 0.6583333333333333 0.4913194444444444
0 0.3277777777777778 0.6927083333333334 0.33055555555555555 0.6961805555555556 0.33055555555555555 0.703125 0.3277777777777778 0.7065972222222222 0.3111111111111111 0.7048611111111112 0.3111111111111111 0.6996527777777778 0.3138888888888889 0.6961805555555556 0.3236111111111111 0.6909722222222222 0.3263888888888889 0.6927083333333334
0 0.8861111111111111 0.9583333333333334 0.8875 0.9861111111111112 0.8805555555555555 0.9947916666666666 0.8694444444444445 0.9930555555555556 0.8680555555555556 0.9826388888888888 0.8736111111111111 0.9600694444444444 0.8763888888888889 0.9565972222222222 0.8847222222222222 0.9583333333333334
0 0.5652777777777778 0.9357638888888888 0.5736111111111111 0.9357638888888888 0.5763888888888888 0.9409722222222222 0.5763888888888888 0.9479166666666666 0.5722222222222222 0.953125 0.5666666666666667 0.953125 0.5638888888888889 0.9513888888888888 0.5652777777777778 0.9375
0 0.8888888888888888 0.8263888888888888 0.8930555555555556 0.8368055555555556 0.8930555555555556 0.8541666666666666 0.8902777777777777 0.8628472222222222 0.8847222222222222 0.8680555555555556 0.8763888888888889 0.8680555555555556 0.8694444444444445 0.8628472222222222 0.8652777777777778 0.8524305555555556 0.8652777777777778 0.8454861111111112 0.8708333333333333 0.8333333333333334 0.8819444444444444 0.8246527777777778 0.8875 0.8263888888888888
0 0.8375 0.08506944444444445 0.8347222222222223 0.0798611111111111 0.8347222222222223 0.0642361111111111 0.8430555555555556 0.05381944444444445 0.8513888888888889 0.05555555555555555 0.8555555555555555 0.06076388888888889 0.8555555555555555 0.0798611111111111 0.85 0.09027777777777778 0.8444444444444444 0.09027777777777778 0.8388888888888889 0.08506944444444445