0 0.7027777777777777 0.2604166666666667 0.7125 0.2638888888888889 0.7236111111111111 0.2638888888888889 0.7263888888888889 0.2673611111111111 0.6986111111111111 0.2881944444444444 0.6944444444444444 0.2881944444444444 0.6888888888888889 0.28125 0.6888888888888889 0.2708333333333333 0.6944444444444444 0.2621527777777778 0.7013888888888888 0.2604166666666667
0 0.49722222222222223 0.5972222222222222 0.4986111111111111 0.625 0.49444444444444446 0.6319444444444444 0.4888888888888889 0.6319444444444444 0.48333333333333334 0.6267361111111112 0.48194444444444445 0.6145833333333334 0.4861111111111111 0.6024305555555556 0.49166666666666664 0.5972222222222222 0.49583333333333335 0.5972222222222222
0 0.7097222222222223 0.5625 0.7111111111111111 0.546875 0.7277777777777777 0.53125 0.7305555555555555 0.53125 0.7305555555555555 0.5434027777777778 0.725 0.5607638888888888 0.7194444444444444 0.5642361111111112 0.7111111111111111 0.5625
0 0.9166666666666666 0.3506944444444444 0.9180555555555555 0.3645833333333333 0.9111111111111111 0.3715277777777778 0.9013888888888889 0.3715277777777778 0.8972222222222223 0.3680555555555556 0.8972222222222223 0.3628472222222222 0.9069444444444444 0.3506944444444444 0.9097222222222222 0.3489583333333333 0.9152777777777777 0.3506944444444444
0 0.44583333333333336 0.7222222222222222 0.44722222222222224 0.7395833333333334 0.44166666666666665 0.7465277777777778 0.43472222222222223 0.7447916666666666 0.4305555555555556 0.7395833333333334 0.4305555555555556 0.7326388888888888 0.43472222222222223 0.7239583333333334 0.44166666666666665 0.7204861111111112 0.4444444444444444 0.7222222222222222
0 0.4777777777777778 0.8958333333333334 0.48333333333333334 0.8993055555555556 0.48333333333333334 0.90625 0.48055555555555557 0.9131944444444444 0.475 0.9184027777777778 0.4638888888888889 0.9184027777777778 0.4625 0.90625 0.46944444444444444 0.8958333333333334 0.47638888888888886 0.8958333333333334
0 0.48055555555555557 0.9618055555555556 0.48333333333333334 0.9652777777777778 0.48333333333333334 0.9739583333333334 0.4708333333333333 0.9895833333333334 0.46111111111111114 0.9878472222222222 0.4583333333333333 0.9791666666666666 0.4597222222222222 0.9704861111111112 0.4652777777777778 0.9652777777777778 0.4722222222222222 0.9652777777777778 0.4791666666666667 0.9618055555555556
0 0.31666666666666665 0.7569444444444444 0.3194444444444444 0.7621527777777778 0.32222222222222224 0.78125 0.32083333333333336 0.7899305555555556 0.31805555555555554 0.796875 0.31527777777777777 0.7986111111111112 0.30972222222222223 0.7934027777777778 0.30833333333333335 0.7829861111111112 0.3111111111111111 0.7621527777777778 0.31527777777777777 0.7569444444444444
0 0.46111111111111114 0.7065972222222222 0.4652777777777778 0.7083333333333334 0.4708333333333333 0.7152777777777778 0.4708333333333333 0.7378472222222222 0.4625 0.7517361111111112 0.4513888888888889 0.75 0.44722222222222224 0.7413194444444444 0.44583333333333336 0.7204861111111112 0.4486111111111111 0.7118055555555556 0.4527777777777778 0.7065972222222222 0.4597222222222222 0.7065972222222222
0 0.1375 0.5833333333333334 0.14444444444444443 0.5850694444444444 0.1486111111111111 0.5902777777777778 0.1486111111111111 0.6006944444444444 0.14444444444444443 0.6059027777777778 0.13472222222222222 0.6059027777777778 0.12638888888888888 0.6006944444444444 0.12222222222222222 0.6006944444444444 0.11388888888888889 0.5920138888888888 0.11527777777777778 0.5868055555555556 0.1361111111111111 0.5833333333333334
0 0.8694444444444445 0.5138888888888888 0.8763888888888889 0.5190972222222222 0.8791666666666667 0.5260416666666666 0.8791666666666667 0.5329861111111112 0.8583333333333333 0.5503472222222222 0.85 0.5416666666666666 0.8472222222222222 0.5260416666666666 0.8541666666666666 0.515625 0.8680555555555556 0.5138888888888888
0 0.49027777777777776 0.7508680555555556 0.022222222222222223 0.022569444444444444
0 0.4527777777777778 0.6336805555555556 0.45555555555555555 0.640625 0.45555555555555555 0.6579861111111112 0.45 0.6649305555555556 0.44583333333333336 0.6649305555555556 0.44305555555555554 0.6597222222222222 0.44305555555555554 0.6388888888888888 0.44583333333333336 0.6336805555555556 0.4486111111111111 0.6319444444444444 0.4513888888888889 0.6336805555555556
0 0.5791666666666667 0.46875 0.5888888888888889 0.4670138888888889 0.5944444444444444 0.4704861111111111 0.6041666666666666 0.4878472222222222 0.6041666666666666 0.4930555555555556 0.6013888888888889 0.4965277777777778 0.5888888888888889 0.4965277777777778 0.5819444444444445 0.4930555555555556 0.5777777777777777 0.484375 0.5791666666666667 0.4704861111111111
0 0.23194444444444445 0.6006944444444444 0.2388888888888889 0.6128472222222222 0.2375 0.6215277777777778 0.2263888888888889 0.6215277777777778 0.21944444444444444 0.6128472222222222 0.21805555555555556 0.6041666666666666 0.2222222222222222 0.5989583333333334 0.23055555555555557 0.6006944444444444
0 0.8444444444444444 0.3159722222222222 0.8430555555555556 0.2986111111111111 0.8472222222222222 0.2916666666666667 0.8513888888888889 0.2916666666666667 0.8555555555555555 0.296875 0.8569444444444444 0.3090277777777778 0.8541666666666666 0.3177083333333333 0.8513888888888889 0.3194444444444444 0.8458333333333333 0.3159722222222222
0 0.7097222222222223 0.8923611111111112 0.7166666666666667 0.9010416666666666 0.7180555555555556 0.90625 0.7166666666666667 0.9236111111111112 0.7111111111111111 0.9236111111111112 0.7055555555555556 0.9201388888888888 0.7013888888888888 0.9131944444444444 0.7013888888888888 0.8958333333333334 0.7041666666666667 0.8923611111111112 0.7083333333333334 0.8923611111111112
0 0.41388888888888886 0.0763888888888889 0.41944444444444445 0.08159722222222222 0.42083333333333334 0.08854166666666667 0.41944444444444445 0.09375 0.4125 0.10069444444444445 0.4041666666666667 0.09895833333333333 0.4 0.09027777777777778 0.4 0.0798611111111111 0.4027777777777778 0.0763888888888889 0.4125 0.0763888888888889
0 0.2569444444444444 0.125 0.2611111111111111 0.13194444444444445 0.2611111111111111 0.1371527777777778 0.25555555555555554 0.14756944444444445 0.24861111111111112 0.14756944444444445 0.24583333333333332 0.140625 0.24722222222222223 0.1284722222222222 0.2513888888888889 0.125 0.25555555555555554 0.125
0 0.8805555555555555 0.5364583333333334 0.8833333333333333 0.5381944444444444 0.8861111111111111 0.5451388888888888 0.8847222222222222 0.5538194444444444 0.8680555555555556 0.5642361111111112 0.8597222222222223 0.5625 0.8569444444444444 0.5572916666666666 0.8569444444444444 0.5520833333333334 0.8694444444444445 0.5399305555555556 0.8791666666666667 0.5364583333333334
0 0.25555555555555554 0.1840277777777778 0.25833333333333336 0.1892361111111111 0.2569444444444444 0.203125 0.25555555555555554 0.20833333333333334 0.24861111111111112 0.2152777777777778 0.24305555555555555 0.21354166666666666 0.24166666666666667 0.1996527777777778 0.24722222222222223 0.1857638888888889 0.25416666666666665 0.1840277777777778
0 0.2375 0.4791666666666667 0.24722222222222223 0.4913194444444444 0.24722222222222223 0.5069444444444444 0.24305555555555555 0.5190972222222222 0.23472222222222222 0.5243055555555556 0.225 0.5225694444444444 0.21805555555555556 0.515625 0.21666666666666667 0.4965277777777778 0.21944444444444444 0.4861111111111111 0.22361111111111112 0.4809027777777778 0.2361111111111111 0.4791666666666667
0 0.32916666666666666 0.5052083333333334 0.34305555555555556 0.5225694444444444 0.34305555555555556 0.5329861111111112 0.3388888888888889 0.5364583333333334 0.3277777777777778 0.5364583333333334 0.3194444444444444 0.5277777777777778 0.31805555555555554 0.515625 0.3236111111111111 0.5069444444444444 0.3277777777777778 0.5052083333333334
0 0.7916666666666666 0.3663194444444444 0.7958333333333333 0.3715277777777778 0.7958333333333333 0.3888888888888889 0.7930555555555555 0.3940972222222222 0.7888888888888889 0.3958333333333333 0.7805555555555556 0.3923611111111111 0.7777777777777778 0.3836805555555556 0.7791666666666667 0.3697916666666667 0.7847222222222222 0.3645833333333333 0.7902777777777777 0.3663194444444444
0 0.7763888888888889 0.34375 0.7819444444444444 0.3472222222222222 0.7847222222222222 0.3524305555555556 0.7847222222222222 0.3628472222222222 0.7805555555555556 0.3680555555555556 0.7763888888888889 0.3680555555555556 0.7680555555555556 0.3611111111111111 0.7680555555555556 0.3472222222222222 0.7708333333333334 0.34375 0.775 0.34375
0 0.4166666666666667 0.7274305555555556 0.425 0.7256944444444444 0.4305555555555556 0.7291666666666666 0.4305555555555556 0.7395833333333334 0.425 0.7447916666666666 0.41944444444444445 0.7395833333333334 0.4166666666666667 0.734375 0.4166666666666667 0.7291666666666666
0 0.8055555555555556 0.9045138888888888 0.8041666666666667 0.8923611111111112 0.8111111111111111 0.8819444444444444 0.8152777777777778 0.8819444444444444 0.8180555555555555 0.8854166666666666 0.8194444444444444 0.9010416666666666 0.8152777777777778 0.90625 0.8069444444444445 0.9045138888888888
0 0.24861111111111112 0.8628472222222222 0.25277777777777777 0.8680555555555556 0.25277777777777777 0.8836805555555556 0.24722222222222223 0.8958333333333334 0.23472222222222222 0.8958333333333334 0.23055555555555557 0.8940972222222222 0.2263888888888889 0.8871527777777778 0.2263888888888889 0.875 0.22916666666666666 0.8715277777777778 0.24027777777777778 0.8628472222222222 0.24444444444444444 0.8611111111111112 0.24722222222222223 0.8628472222222222
0 0.475 0.022569444444444444 0.48194444444444445 0.03125 0.48194444444444445 0.043402777777777776 0.4791666666666667 0.050347222222222224 0.4736111111111111 0.05381944444444445 0.4638888888888889 0.05381944444444445 0.4583333333333333 0.04513888888888889 0.4597222222222222 0.029513888888888888 0.4666666666666667 0.022569444444444444 0.4736111111111111 0.022569444444444444