0 0.6111111111111112 0.006944444444444444 0.6180555555555556 0.012152777777777778 0.6208333333333333 0.017361111111111112 0.6166666666666667 0.022569444444444444 0.6041666666666666 0.026041666666666668 0.5916666666666667 0.026041666666666668 0.5888888888888889 0.020833333333333332 0.5888888888888889 0.008680555555555556 0.5916666666666667 0.003472222222222222 0.6041666666666666 0.003472222222222222 0.6097222222222223 0.006944444444444444
0 0.6111111111111112 0.3958333333333333 0.6125 0.40625 0.5986111111111111 0.4166666666666667 0.5902777777777778 0.4114583333333333 0.5902777777777778 0.4027777777777778 0.5986111111111111 0.3940972222222222 0.6097222222222223 0.3958333333333333
0 0.5819444444444445 0.7864583333333334 0.5875 0.796875 0.5875 0.8055555555555556 0.5833333333333334 0.8090277777777778 0.5708333333333333 0.8072916666666666 0.5666666666666667 0.796875 0.5694444444444444 0.7864583333333334 0.5722222222222222 0.7847222222222222 0.5805555555555556 0.7864583333333334
0 0.8666666666666667 0.5598958333333334 0.016666666666666666 0.036458333333333336
0 0.6472222222222223 0.5243055555555556 0.6541666666666667 0.53125 0.6541666666666667 0.5451388888888888 0.6486111111111111 0.5503472222222222 0.6416666666666667 0.5486111111111112 0.6375 0.5434027777777778 0.6361111111111111 0.5364583333333334 0.6375 0.5295138888888888 0.6416666666666667 0.5243055555555556 0.6458333333333334 0.5243055555555556
0 0.2375 0.1111111111111111 0.24722222222222223 0.11805555555555555 0.24861111111111112 0.125 0.24722222222222223 0.13368055555555555 0.23472222222222222 0.1423611111111111 0.22777777777777777 0.140625 0.2263888888888889 0.1284722222222222 0.23055555555555557 0.11805555555555555 0.2361111111111111 0.11284722222222222
0 0.9125 0.5451388888888888 0.9166666666666666 0.5520833333333334 0.9166666666666666 0.5711805555555556 0.9138888888888889 0.578125 0.9111111111111111 0.5798611111111112 0.9055555555555556 0.578125 0.9013888888888889 0.5694444444444444 0.9013888888888889 0.5572916666666666 0.9041666666666667 0.5503472222222222 0.9111111111111111 0.5451388888888888
0 0.4041666666666667 0.3732638888888889 0.4125 0.3784722222222222 0.4166666666666667 0.3888888888888889 0.4166666666666667 0.3975694444444444 0.4152777777777778 0.4010416666666667 0.4111111111111111 0.4027777777777778 0.40555555555555556 0.4010416666666667 0.4 0.3940972222222222 0.39861111111111114 0.3767361111111111 0.4027777777777778 0.3732638888888889
0 0.9104166666666667 0.1545138888888889 0.015277777777777777 0.03125
0 0.7055555555555556 0.4427083333333333 0.7125 0.453125 0.7111111111111111 0.4652777777777778 0.7041666666666667 0.4652777777777778 0.6986111111111111 0.4618055555555556 0.6944444444444444 0.4548611111111111 0.6930555555555555 0.4496527777777778 0.6944444444444444 0.4461805555555556 0.6972222222222222 0.4427083333333333 0.7041666666666667 0.4427083333333333
0 0.10555555555555556 0.1284722222222222 0.11388888888888889 0.14583333333333334 0.11388888888888889 0.1579861111111111 0.10972222222222222 0.16319444444444445 0.10138888888888889 0.16319444444444445 0.09722222222222222 0.15104166666666666 0.09722222222222222 0.140625 0.10138888888888889 0.13020833333333334 0.10416666666666667 0.1284722222222222
0 0.5131944444444444 0.7942708333333334 0.020833333333333332 0.026041666666666668
0 0.6277777777777778 0.84375 0.6319444444444444 0.8472222222222222 0.6333333333333333 0.8559027777777778 0.6305555555555555 0.8628472222222222 0.6263888888888889 0.8663194444444444 0.6180555555555556 0.8663194444444444 0.6111111111111112 0.859375 0.6111111111111112 0.8559027777777778 0.6180555555555556 0.8454861111111112 0.6263888888888889 0.84375
0 0.8555555555555555 0.4444444444444444 0.8625 0.4444444444444444 0.8736111111111111 0.4513888888888889 0.8763888888888889 0.4565972222222222 0.8763888888888889 0.4704861111111111 0.8736111111111111 0.4739583333333333 0.8680555555555556 0.4739583333333333 0.8611111111111112 0.4670138888888889 0.8555555555555555 0.4565972222222222 0.8541666666666666 0.4496527777777778 0.8555555555555555 0.4461805555555556
0 0.44722222222222224 0.640625 0.45555555555555555 0.6493055555555556 0.4583333333333333 0.65625 0.4583333333333333 0.6631944444444444 0.45416666666666666 0.6666666666666666 0.44722222222222224 0.6649305555555556 0.4375 0.6545138888888888 0.4375 0.6423611111111112 0.44583333333333336 0.640625
0 0.8145833333333333 0.08333333333333333 0.02361111111111111 0.03819444444444445
0 0.9111111111111111 0.008680555555555556 0.9194444444444444 0.015625 0.9222222222222223 0.026041666666666668 0.9222222222222223 0.036458333333333336 0.9194444444444444 0.04513888888888889 0.9125 0.046875 0.9069444444444444 0.034722222222222224 0.9069444444444444 0.012152777777777778 0.9097222222222222 0.010416666666666666
0 0.21944444444444444 0.7864583333333334 0.2263888888888889 0.7881944444444444 0.23194444444444445 0.7934027777777778 0.23333333333333334 0.8090277777777778 0.23055555555555557 0.8125 0.2222222222222222 0.8107638888888888 0.21666666666666667 0.7916666666666666 0.21805555555555556 0.7881944444444444
0 0.059722222222222225 0.7725694444444444 0.0625 0.7760416666666666 0.0625 0.7899305555555556 0.059722222222222225 0.8020833333333334 0.05277777777777778 0.8090277777777778 0.04583333333333333 0.8090277777777778 0.041666666666666664 0.8003472222222222 0.043055555555555555 0.7881944444444444 0.04583333333333333 0.7829861111111112 0.058333333333333334 0.7743055555555556
0 0.7347222222222223 0.22743055555555555 0.7472222222222222 0.2465277777777778 0.7472222222222222 0.2604166666666667 0.7444444444444445 0.265625 0.7361111111111112 0.265625 0.7305555555555555 0.2586805555555556 0.7236111111111111 0.24305555555555555 0.7236111111111111 0.2309027777777778 0.7277777777777777 0.22569444444444445 0.7333333333333333 0.22743055555555555
0 0.7527777777777778 0 0.7680555555555556 0 0.7680555555555556 0.010416666666666666 0.7625 0.017361111111111112 0.7583333333333333 0.017361111111111112 0.7541666666666667 0.012152777777777778 0.7527777777777778 0.001736111111111111
0 0.2152777777777778 0.7586805555555556 0.21805555555555556 0.765625 0.21666666666666667 0.7743055555555556 0.20972222222222223 0.78125 0.20555555555555555 0.78125 0.2013888888888889 0.7760416666666666 0.2013888888888889 0.7673611111111112 0.20555555555555555 0.7586805555555556 0.20833333333333334 0.7569444444444444 0.21388888888888888 0.7586805555555556
0 0.8708333333333333 0.8246527777777778 0.8777777777777778 0.8333333333333334 0.8805555555555555 0.84375 0.8791666666666667 0.8611111111111112 0.8722222222222222 0.8680555555555556 0.8625 0.8680555555555556 0.8541666666666666 0.8576388888888888 0.8541666666666666 0.8385416666666666 0.8569444444444444 0.8315972222222222 0.8652777777777778 0.8246527777777778 0.8694444444444445 0.8246527777777778
0 0.9208333333333333 0.7083333333333334 0.925 0.7118055555555556 0.9277777777777778 0.71875 0.9277777777777778 0.7395833333333334 0.9222222222222223 0.7586805555555556 0.9138888888888889 0.7638888888888888 0.9069444444444444 0.7621527777777778 0.9 0.7378472222222222 0.9 0.7309027777777778 0.9097222222222222 0.7222222222222222 0.9097222222222222 0.71875 0.9152777777777777 0.7100694444444444 0.9194444444444444 0.7083333333333334
0 0.8652777777777778 0.9583333333333334 0.8708333333333333 0.9635416666666666 0.8763888888888889 0.9756944444444444 0.8763888888888889 0.9826388888888888 0.8722222222222222 0.9930555555555556 0.8666666666666667 0.9965277777777778 0.8611111111111112 0.9930555555555556 0.8583333333333333 0.9756944444444444 0.8555555555555555 0.9722222222222222 0.8555555555555555 0.9635416666666666 0.8597222222222223 0.9583333333333334 0.8638888888888889 0.9583333333333334
0 0.6402777777777777 0.5017361111111112 0.6527777777777778 0.5086805555555556 0.6583333333333333 0.5173611111111112 0.6569444444444444 0.5225694444444444 0.6513888888888889 0.5260416666666666 0.6444444444444445 0.5243055555555556 0.6388888888888888 0.5173611111111112 0.6402777777777777 0.5034722222222222
0 0.5666666666666667 0.9357638888888888 0.5708333333333333 0.9340277777777778 0.5763888888888888 0.9392361111111112 0.5763888888888888 0.9496527777777778 0.5694444444444444 0.9548611111111112 0.5652777777777778 0.9496527777777778 0.5666666666666667 0.9375
0 0.6458333333333334 0.5486111111111112 0.6513888888888889 0.5520833333333334 0.6513888888888889 0.5677083333333334 0.6458333333333334 0.5815972222222222 0.6416666666666667 0.5850694444444444 0.6333333333333333 0.5833333333333334 0.6319444444444444 0.5659722222222222 0.6347222222222222 0.5555555555555556 0.6402777777777777 0.5486111111111112 0.6444444444444445 0.5486111111111112
0 0.6847222222222222 0.421875 0.6902777777777778 0.4288194444444444 0.6888888888888889 0.4427083333333333 0.6805555555555556 0.4409722222222222 0.675 0.4322916666666667 0.6763888888888889 0.4236111111111111 0.6833333333333333 0.421875
0 0.8458333333333333 0.8055555555555556 0.8527777777777777 0.8107638888888888 0.8541666666666666 0.8211805555555556 0.8388888888888889 0.8368055555555556 0.8305555555555556 0.8333333333333334 0.8263888888888888 0.828125 0.8263888888888888 0.8177083333333334 0.8347222222222223 0.8090277777777778 0.8444444444444444 0.8055555555555556
0 0.8611111111111112 0.4826388888888889 0.8652777777777778 0.4878472222222222 0.8652777777777778 0.4930555555555556 0.8597222222222223 0.5 0.8569444444444444 0.5 0.8541666666666666 0.4930555555555556 0.8541666666666666 0.484375 0.8597222222222223 0.4826388888888889