0 0.4777777777777778 0.8975694444444444 0.48333333333333334 0.9010416666666666 0.48333333333333334 0.90625 0.4736111111111111 0.9184027777777778 0.4652777777777778 0.9184027777777778 0.4625 0.9149305555555556 0.4625 0.9079861111111112 0.4666666666666667 0.8993055555555556 0.47638888888888886 0.8975694444444444
0 0.1375 0.5902777777777778 0.14027777777777778 0.5972222222222222 0.14027777777777778 0.6076388888888888 0.13333333333333333 0.6111111111111112 0.125 0.6111111111111112 0.11666666666666667 0.6076388888888888 0.1111111111111111 0.6041666666666666 0.10694444444444444 0.5972222222222222 0.10972222222222222 0.59375 0.12777777777777777 0.5885416666666666 0.1361111111111111 0.5902777777777778
0 0.30972222222222223 0.7708333333333334 0.3138888888888889 0.7708333333333334 0.31666666666666665 0.7743055555555556 0.3194444444444444 0.7847222222222222 0.31666666666666665 0.796875 0.3111111111111111 0.8020833333333334 0.30694444444444446 0.8020833333333334 0.30416666666666664 0.7864583333333334 0.30972222222222223 0.7725694444444444
0 0.4986111111111111 0.7413194444444444 0.5 0.75 0.49722222222222223 0.7569444444444444 0.49027777777777776 0.7621527777777778 0.48194444444444445 0.7621527777777778 0.48055555555555557 0.7534722222222222 0.4888888888888889 0.7430555555555556 0.49722222222222223 0.7413194444444444
0 0.7597222222222222 0.5104166666666666 0.7625 0.5121527777777778 0.7625 0.5208333333333334 0.7583333333333333 0.53125 0.7513888888888889 0.5381944444444444 0.7472222222222222 0.5381944444444444 0.7430555555555556 0.5347222222222222 0.7430555555555556 0.5225694444444444 0.7472222222222222 0.515625 0.7583333333333333 0.5104166666666666
0 0.22361111111111112 0.6006944444444444 0.23055555555555557 0.6041666666666666 0.23472222222222222 0.609375 0.2361111111111111 0.6180555555555556 0.23194444444444445 0.6232638888888888 0.2263888888888889 0.6232638888888888 0.21805555555555556 0.6180555555555556 0.2152777777777778 0.6041666666666666 0.21805555555555556 0.6006944444444444 0.2222222222222222 0.6006944444444444
0 0.7069444444444445 0.8958333333333334 0.7125 0.8993055555555556 0.7166666666666667 0.9079861111111112 0.7152777777777778 0.921875 0.7083333333333334 0.921875 0.7013888888888888 0.9149305555555556 0.7 0.9045138888888888 0.7013888888888888 0.8993055555555556 0.7055555555555556 0.8958333333333334
0 0.5166666666666667 0.5894097222222222 0.016666666666666666 0.036458333333333336
0 0.8652777777777778 0.5225694444444444 0.8694444444444445 0.5260416666666666 0.8694444444444445 0.5381944444444444 0.8541666666666666 0.5538194444444444 0.8458333333333333 0.5520833333333334 0.8416666666666667 0.546875 0.8402777777777778 0.53125 0.8444444444444444 0.5243055555555556 0.85 0.5208333333333334 0.8638888888888889 0.5225694444444444
0 0.2513888888888889 0.1736111111111111 0.2652777777777778 0.1736111111111111 0.2763888888888889 0.1840277777777778 0.2763888888888889 0.1875 0.2722222222222222 0.1909722222222222 0.25555555555555554 0.19270833333333334 0.25 0.1892361111111111 0.2513888888888889 0.1753472222222222
0 0.44583333333333336 0.7239583333333334 0.4486111111111111 0.7309027777777778 0.4486111111111111 0.7413194444444444 0.44305555555555554 0.75 0.4361111111111111 0.75 0.4305555555555556 0.7395833333333334 0.4375 0.7256944444444444 0.4444444444444444 0.7239583333333334
0 0.8444444444444444 0.3177083333333333 0.8416666666666667 0.3020833333333333 0.8458333333333333 0.2916666666666667 0.85 0.2916666666666667 0.8555555555555555 0.3038194444444444 0.8541666666666666 0.3177083333333333 0.8527777777777777 0.3194444444444444 0.8458333333333333 0.3177083333333333
0 0.47638888888888886 0.96875 0.48055555555555557 0.9722222222222222 0.4791666666666667 0.9826388888888888 0.46805555555555556 0.9947916666666666 0.4597222222222222 0.9947916666666666 0.45555555555555555 0.9878472222222222 0.45555555555555555 0.9809027777777778 0.4597222222222222 0.9739583333333334 0.475 0.9704861111111112
0 0.9125 0.3506944444444444 0.9180555555555555 0.3559027777777778 0.9180555555555555 0.3645833333333333 0.9125 0.3715277777777778 0.9013888888888889 0.3715277777777778 0.8958333333333334 0.3663194444444444 0.9041666666666667 0.3541666666666667 0.9111111111111111 0.3506944444444444
0 0.7243055555555555 0.2769097222222222 0.0125 0.03993055555555555