0 0.7069444444444445 0.265625 0.7138888888888889 0.2708333333333333 0.7138888888888889 0.2760416666666667 0.7097222222222223 0.2829861111111111 0.7013888888888888 0.2881944444444444 0.6902777777777778 0.2864583333333333 0.6875 0.2829861111111111 0.6875 0.2743055555555556 0.6958333333333333 0.265625 0.7055555555555556 0.265625
0 0.11527777777777778 0.5954861111111112 0.11388888888888889 0.5868055555555556 0.11944444444444445 0.5833333333333334 0.14444444444444443 0.5850694444444444 0.14722222222222223 0.5885416666666666 0.14722222222222223 0.6024305555555556 0.14444444444444443 0.6059027777777778 0.13194444444444445 0.6059027777777778 0.11666666666666667 0.5954861111111112
0 0.5013888888888889 0.5902777777777778 0.5027777777777778 0.5972222222222222 0.4930555555555556 0.6215277777777778 0.4847222222222222 0.6215277777777778 0.48055555555555557 0.6111111111111112 0.48333333333333334 0.6024305555555556 0.4888888888888889 0.5954861111111112 0.49583333333333335 0.5902777777777778 0.5 0.5902777777777778
0 0.7125 0.5590277777777778 0.7111111111111111 0.546875 0.7138888888888889 0.5381944444444444 0.725 0.5295138888888888 0.7277777777777777 0.53125 0.7277777777777777 0.5520833333333334 0.7194444444444444 0.5607638888888888 0.7138888888888889 0.5590277777777778
0 0.9166666666666666 0.3506944444444444 0.9180555555555555 0.3645833333333333 0.9111111111111111 0.3715277777777778 0.9013888888888889 0.3715277777777778 0.8986111111111111 0.3697916666666667 0.8972222222222223 0.3628472222222222 0.9069444444444444 0.3506944444444444 0.9097222222222222 0.3489583333333333 0.9152777777777777 0.3506944444444444
0 0.46111111111111114 0.9878472222222222 0.4583333333333333 0.9756944444444444 0.4625 0.9652777777777778 0.4666666666666667 0.9618055555555556 0.47638888888888886 0.9600694444444444 0.48333333333333334 0.9618055555555556 0.48333333333333334 0.9756944444444444 0.4722222222222222 0.9878472222222222 0.46805555555555556 0.9895833333333334 0.4625 0.9878472222222222
0 0.3138888888888889 0.7552083333333334 0.3194444444444444 0.7604166666666666 0.32222222222222224 0.7760416666666666 0.3194444444444444 0.7951388888888888 0.31666666666666665 0.7986111111111112 0.3125 0.7986111111111112 0.30972222222222223 0.7916666666666666 0.30972222222222223 0.7725694444444444 0.3125 0.7569444444444444
0 0.8722222222222222 0.5138888888888888 0.8791666666666667 0.5208333333333334 0.8791666666666667 0.5329861111111112 0.8583333333333333 0.5503472222222222 0.8513888888888889 0.5434027777777778 0.8486111111111111 0.5260416666666666 0.8513888888888889 0.5190972222222222 0.8583333333333333 0.5138888888888888 0.8708333333333333 0.5138888888888888
0 0.47291666666666665 0.9071180555555556 0.020833333333333332 0.022569444444444444
0 0.225 0.5972222222222222 0.23055555555555557 0.5989583333333334 0.2361111111111111 0.6059027777777778 0.2375 0.609375 0.2361111111111111 0.6215277777777778 0.2263888888888889 0.6215277777777778 0.21944444444444444 0.6163194444444444 0.2152777777777778 0.6006944444444444 0.21944444444444444 0.5972222222222222 0.22361111111111112 0.5972222222222222
0 0.44166666666666665 0.7204861111111112 0.44722222222222224 0.7274305555555556 0.44583333333333336 0.7430555555555556 0.44166666666666665 0.7465277777777778 0.4375 0.7465277777777778 0.4305555555555556 0.7378472222222222 0.43194444444444446 0.7291666666666666 0.4375 0.7222222222222222 0.44027777777777777 0.7222222222222222
0 0.8444444444444444 0.2934027777777778 0.8513888888888889 0.2916666666666667 0.8555555555555555 0.2986111111111111 0.8555555555555555 0.3159722222222222 0.8513888888888889 0.3194444444444444 0.8430555555555556 0.3142361111111111 0.8416666666666667 0.3003472222222222 0.8444444444444444 0.2951388888888889
0 0.49027777777777776 0.7508680555555556 0.022222222222222223 0.022569444444444444
0 0.45902777777777776 0.7291666666666666 0.02638888888888889 0.04513888888888889
0 0.8763888888888889 0.5364583333333334 0.8847222222222222 0.5416666666666666 0.8861111111111111 0.5451388888888888 0.8847222222222222 0.5538194444444444 0.8736111111111111 0.5625 0.8583333333333333 0.5607638888888888 0.8569444444444444 0.5572916666666666 0.8583333333333333 0.5503472222222222 0.8722222222222222 0.5381944444444444 0.875 0.5381944444444444
0 0.5791666666666667 0.46875 0.5902777777777778 0.46875 0.5944444444444444 0.4722222222222222 0.6 0.4861111111111111 0.5986111111111111 0.4965277777777778 0.5944444444444444 0.4982638888888889 0.5833333333333334 0.4930555555555556 0.5777777777777777 0.4809027777777778 0.5791666666666667 0.4704861111111111
0 0.7097222222222223 0.8923611111111112 0.7166666666666667 0.9010416666666666 0.7180555555555556 0.90625 0.7166666666666667 0.9236111111111112 0.7111111111111111 0.9236111111111112 0.7055555555555556 0.9201388888888888 0.7013888888888888 0.9131944444444444 0.7013888888888888 0.8958333333333334 0.7041666666666667 0.8923611111111112 0.7083333333333334 0.8923611111111112
0 0.4444444444444444 0.6631944444444444 0.44166666666666665 0.6475694444444444 0.4444444444444444 0.6354166666666666 0.4486111111111111 0.6319444444444444 0.4527777777777778 0.6319444444444444 0.45555555555555555 0.6371527777777778 0.45555555555555555 0.6579861111111112 0.45 0.6649305555555556 0.44583333333333336 0.6631944444444444
0 0.25833333333333336 0.17881944444444445 0.2625 0.1840277777777778 0.2625 0.1909722222222222 0.2611111111111111 0.2013888888888889 0.25555555555555554 0.21354166666666666 0.25416666666666665 0.2152777777777778 0.24583333333333332 0.21354166666666666 0.24444444444444444 0.19791666666666666 0.24722222222222223 0.1892361111111111 0.25416666666666665 0.18055555555555555 0.2569444444444444 0.18055555555555555
0 0.4111111111111111 0.08680555555555555 0.425 0.08854166666666667 0.43333333333333335 0.09895833333333333 0.43194444444444446 0.10590277777777778 0.4263888888888889 0.11284722222222222 0.41388888888888886 0.11458333333333333 0.4097222222222222 0.109375 0.4083333333333333 0.10069444444444445 0.4111111111111111 0.08854166666666667
0 0.2375 0.4791666666666667 0.24722222222222223 0.4913194444444444 0.24722222222222223 0.5069444444444444 0.24305555555555555 0.5190972222222222 0.2361111111111111 0.5243055555555556 0.225 0.5225694444444444 0.21666666666666667 0.5121527777777778 0.21666666666666667 0.4965277777777778 0.21944444444444444 0.4861111111111111 0.2263888888888889 0.4791666666666667 0.2361111111111111 0.4791666666666667
0 0.25833333333333336 0.1267361111111111 0.25972222222222224 0.13541666666666666 0.25416666666666665 0.14756944444444445 0.24722222222222223 0.14583333333333334 0.24583333333333332 0.13541666666666666 0.24861111111111112 0.1267361111111111 0.2513888888888889 0.125 0.2569444444444444 0.1267361111111111
0 0.33125 0.5208333333333334 0.02638888888888889 0.03125
0 0.7916666666666666 0.3663194444444444 0.7958333333333333 0.3715277777777778 0.7958333333333333 0.3888888888888889 0.7930555555555555 0.3940972222222222 0.7888888888888889 0.3958333333333333 0.7805555555555556 0.3923611111111111 0.7777777777777778 0.3854166666666667 0.7791666666666667 0.3697916666666667 0.7847222222222222 0.3645833333333333 0.7902777777777777 0.3663194444444444
0 0.7791666666666667 0.3454861111111111 0.7847222222222222 0.3524305555555556 0.7847222222222222 0.3628472222222222 0.7819444444444444 0.3680555555555556 0.7763888888888889 0.3680555555555556 0.7680555555555556 0.3611111111111111 0.7680555555555556 0.3454861111111111 0.7694444444444445 0.34375 0.7777777777777778 0.3454861111111111
0 0.46944444444444444 0.020833333333333332 0.4736111111111111 0.024305555555555556 0.47638888888888886 0.036458333333333336 0.475 0.04513888888888889 0.46805555555555556 0.052083333333333336 0.46111111111111114 0.052083333333333336 0.45555555555555555 0.046875 0.45694444444444443 0.027777777777777776 0.46111111111111114 0.022569444444444444 0.46805555555555556 0.020833333333333332
0 0.24444444444444444 0.8611111111111112 0.25277777777777777 0.8680555555555556 0.25277777777777777 0.8836805555555556 0.25 0.8923611111111112 0.24444444444444444 0.8975694444444444 0.23472222222222222 0.8958333333333334 0.23055555555555557 0.8940972222222222 0.2263888888888889 0.8871527777777778 0.22777777777777777 0.8732638888888888 0.24027777777777778 0.8628472222222222 0.24305555555555555 0.8628472222222222
0 0.42083333333333334 0.7256944444444444 0.42916666666666664 0.7309027777777778 0.4305555555555556 0.734375 0.42916666666666664 0.7413194444444444 0.4263888888888889 0.7447916666666666 0.42083333333333334 0.7430555555555556 0.4166666666666667 0.734375 0.4166666666666667 0.7274305555555556 0.41944444444444445 0.7274305555555556
0 0.8055555555555556 0.9045138888888888 0.8041666666666667 0.8923611111111112 0.8111111111111111 0.8819444444444444 0.8180555555555555 0.8854166666666666 0.8194444444444444 0.9010416666666666 0.8152777777777778 0.90625 0.8069444444444445 0.9045138888888888
0 0.5513888888888889 0.8559027777777778 0.5597222222222222 0.8506944444444444 0.5777777777777777 0.8524305555555556 0.5763888888888888 0.8628472222222222 0.5680555555555555 0.8697916666666666 0.5583333333333333 0.8680555555555556 0.5513888888888889 0.8611111111111112 0.5513888888888889 0.8576388888888888
0 0.3375 0.7100694444444444 0.3416666666666667 0.7118055555555556 0.34444444444444444 0.7170138888888888 0.34305555555555556 0.7326388888888888 0.33611111111111114 0.734375 0.33194444444444443 0.7274305555555556 0.33194444444444443 0.71875 0.3333333333333333 0.7135416666666666 0.33611111111111114 0.7118055555555556