0 0.4847222222222222 0.6267361111111112 0.025 0.027777777777777776
0 0.9166666666666666 0.3506944444444444 0.9180555555555555 0.3645833333333333 0.9111111111111111 0.3715277777777778 0.9013888888888889 0.3715277777777778 0.8986111111111111 0.3697916666666667 0.8972222222222223 0.3628472222222222 0.9069444444444444 0.3506944444444444 0.9097222222222222 0.3489583333333333 0.9152777777777777 0.3506944444444444
0 0.7111111111111111 0.2604166666666667 0.725 0.2638888888888889 0.7291666666666666 0.2673611111111111 0.7138888888888889 0.2760416666666667 0.7027777777777777 0.2864583333333333 0.6930555555555555 0.2847222222222222 0.6888888888888889 0.2743055555555556 0.6944444444444444 0.2621527777777778 0.7097222222222223 0.2604166666666667
0 0.7125 0.5416666666666666 0.7166666666666667 0.5381944444444444 0.7208333333333333 0.5381944444444444 0.7236111111111111 0.5416666666666666 0.7222222222222222 0.5590277777777778 0.7152777777777778 0.5677083333333334 0.7111111111111111 0.5677083333333334 0.7069444444444445 0.5642361111111112 0.7069444444444445 0.5538194444444444 0.7125 0.5434027777777778
0 0.8506944444444444 0.3055555555555556 0.0125 0.027777777777777776
0 0.5888888888888889 0.46875 0.6027777777777777 0.4861111111111111 0.6027777777777777 0.4930555555555556 0.6 0.4965277777777778 0.5875 0.4965277777777778 0.5805555555555556 0.4913194444444444 0.5777777777777777 0.484375 0.5777777777777777 0.4756944444444444 0.5805555555555556 0.4704861111111111 0.5875 0.46875
0 0.4111111111111111 0.06944444444444445 0.4125 0.07291666666666667 0.4111111111111111 0.08159722222222222 0.40694444444444444 0.08854166666666667 0.4 0.09375 0.39305555555555555 0.09375 0.3902777777777778 0.09027777777777778 0.3888888888888889 0.08680555555555555 0.3902777777777778 0.078125 0.4 0.06944444444444445 0.4097222222222222 0.06944444444444445
0 0.48194444444444445 0.8975694444444444 0.48333333333333334 0.8993055555555556 0.48194444444444445 0.9114583333333334 0.47638888888888886 0.9184027777777778 0.46944444444444444 0.9201388888888888 0.4625 0.9166666666666666 0.4638888888888889 0.9027777777777778 0.46944444444444444 0.8958333333333334 0.48055555555555557 0.8975694444444444
0 0.48055555555555557 0.9635416666666666 0.4847222222222222 0.96875 0.4847222222222222 0.9756944444444444 0.4708333333333333 0.9895833333333334 0.4625 0.9895833333333334 0.4597222222222222 0.9861111111111112 0.4583333333333333 0.9826388888888888 0.4597222222222222 0.9722222222222222 0.4652777777777778 0.9670138888888888 0.4791666666666667 0.9635416666666666
0 0.15 0.5798611111111112 0.15416666666666667 0.5868055555555556 0.15416666666666667 0.5920138888888888 0.15138888888888888 0.5989583333333334 0.14722222222222223 0.6024305555555556 0.1388888888888889 0.6024305555555556 0.12222222222222222 0.5920138888888888 0.12083333333333333 0.5885416666666666 0.125 0.5815972222222222 0.12916666666666668 0.5798611111111112 0.1375 0.578125 0.1486111111111111 0.5798611111111112
0 0.4444444444444444 0.7204861111111112 0.44722222222222224 0.7256944444444444 0.44722222222222224 0.7395833333333334 0.44166666666666665 0.7465277777777778 0.4375 0.7465277777777778 0.4305555555555556 0.7395833333333334 0.4305555555555556 0.7309027777777778 0.4361111111111111 0.7222222222222222 0.44305555555555554 0.7204861111111112
0 0.31666666666666665 0.7552083333333334 0.32222222222222224 0.7673611111111112 0.32222222222222224 0.7829861111111112 0.3194444444444444 0.7934027777777778 0.31666666666666665 0.796875 0.3111111111111111 0.7934027777777778 0.3111111111111111 0.7690972222222222 0.3125 0.7604166666666666 0.31527777777777777 0.7569444444444444
0 0.4527777777777778 0.6336805555555556 0.45555555555555555 0.640625 0.45555555555555555 0.6545138888888888 0.45 0.6649305555555556 0.44583333333333336 0.6649305555555556 0.44305555555555554 0.6614583333333334 0.44166666666666665 0.6440972222222222 0.44583333333333336 0.6336805555555556 0.4486111111111111 0.6319444444444444 0.4513888888888889 0.6336805555555556
0 0.23055555555555557 0.6006944444444444 0.2375 0.6076388888888888 0.2388888888888889 0.6128472222222222 0.2375 0.6215277777777778 0.22777777777777777 0.6215277777777778 0.2222222222222222 0.6163194444444444 0.21944444444444444 0.609375 0.22083333333333333 0.6024305555555556 0.22916666666666666 0.6006944444444444
0 0.24583333333333332 0.18836805555555555 0.022222222222222223 0.03298611111111111
0 0.49722222222222223 0.7378472222222222 0.5013888888888889 0.7413194444444444 0.5013888888888889 0.7465277777777778 0.4986111111111111 0.7517361111111112 0.49027777777777776 0.7604166666666666 0.48194444444444445 0.7604166666666666 0.4791666666666667 0.7552083333333334 0.4875 0.7430555555555556 0.49166666666666664 0.7395833333333334 0.49583333333333335 0.7395833333333334
0 0.4625 0.7065972222222222 0.46944444444444444 0.7135416666666666 0.4722222222222222 0.7256944444444444 0.4708333333333333 0.7378472222222222 0.4625 0.7517361111111112 0.45416666666666666 0.7517361111111112 0.44722222222222224 0.7395833333333334 0.44722222222222224 0.7152777777777778 0.45 0.7083333333333334 0.4527777777777778 0.7048611111111112 0.46111111111111114 0.7065972222222222
0 0.7027777777777777 0.8940972222222222 0.7055555555555556 0.8923611111111112 0.7111111111111111 0.8940972222222222 0.7166666666666667 0.9010416666666666 0.7194444444444444 0.9131944444444444 0.7166666666666667 0.9236111111111112 0.7111111111111111 0.9236111111111112 0.7027777777777777 0.9166666666666666 0.7013888888888888 0.9131944444444444 0.7027777777777777 0.8958333333333334
0 0.8666666666666667 0.5121527777777778 0.8763888888888889 0.5138888888888888 0.8791666666666667 0.5173611111111112 0.8819444444444444 0.5347222222222222 0.8583333333333333 0.546875 0.8513888888888889 0.5364583333333334 0.8513888888888889 0.5225694444444444 0.8569444444444444 0.5138888888888888 0.8652777777777778 0.5138888888888888
0 0.2569444444444444 0.125 0.2611111111111111 0.1284722222222222 0.2625 0.1371527777777778 0.25972222222222224 0.1440972222222222 0.25555555555555554 0.14756944444444445 0.24861111111111112 0.14756944444444445 0.24583333333333332 0.1440972222222222 0.24722222222222223 0.13020833333333334 0.2513888888888889 0.125 0.25555555555555554 0.125
0 0.8819444444444444 0.5381944444444444 0.8861111111111111 0.5451388888888888 0.8861111111111111 0.5520833333333334 0.8819444444444444 0.5572916666666666 0.8680555555555556 0.5642361111111112 0.8597222222222223 0.5625 0.8569444444444444 0.5572916666666666 0.8583333333333333 0.5520833333333334 0.8708333333333333 0.5399305555555556 0.8805555555555555 0.5381944444444444
0 0.2375 0.4791666666666667 0.24305555555555555 0.4826388888888889 0.24722222222222223 0.4895833333333333 0.24861111111111112 0.5017361111111112 0.24444444444444444 0.5173611111111112 0.2361111111111111 0.5243055555555556 0.225 0.5225694444444444 0.21805555555555556 0.5138888888888888 0.21944444444444444 0.4861111111111111 0.2263888888888889 0.4791666666666667 0.2361111111111111 0.4791666666666667
0 0.7791666666666667 0.390625 0.7791666666666667 0.3697916666666667 0.7819444444444444 0.3663194444444444 0.7916666666666666 0.3663194444444444 0.7958333333333333 0.3715277777777778 0.7958333333333333 0.3888888888888889 0.7930555555555555 0.3940972222222222 0.7833333333333333 0.3940972222222222 0.7805555555555556 0.390625
0 0.7763888888888889 0.34375 0.7819444444444444 0.3472222222222222 0.7847222222222222 0.3524305555555556 0.7847222222222222 0.3663194444444444 0.7791666666666667 0.3697916666666667 0.7722222222222223 0.3663194444444444 0.7680555555555556 0.3611111111111111 0.7680555555555556 0.3472222222222222 0.7708333333333334 0.34375 0.775 0.34375
0 0.3333333333333333 0.5 0.3388888888888889 0.5034722222222222 0.34444444444444444 0.5243055555555556 0.34444444444444444 0.53125 0.3402777777777778 0.5364583333333334 0.3277777777777778 0.5364583333333334 0.32083333333333336 0.5295138888888888 0.3194444444444444 0.5243055555555556 0.32083333333333336 0.5104166666666666 0.325 0.5034722222222222 0.33194444444444443 0.5
0 0.4263888888888889 0.7256944444444444 0.4305555555555556 0.7274305555555556 0.4305555555555556 0.7413194444444444 0.425 0.7447916666666666 0.41805555555555557 0.7361111111111112 0.41805555555555557 0.7274305555555556 0.425 0.7256944444444444
0 0.8097222222222222 0.8819444444444444 0.8180555555555555 0.8836805555555556 0.8208333333333333 0.890625 0.8194444444444444 0.9010416666666666 0.8166666666666667 0.9045138888888888 0.8097222222222222 0.9045138888888888 0.8041666666666667 0.8975694444444444 0.8041666666666667 0.8923611111111112 0.8097222222222222 0.8836805555555556
0 0.4861111111111111 0.8454861111111112 0.4875 0.8576388888888888 0.4847222222222222 0.8645833333333334 0.48055555555555557 0.8697916666666666 0.4722222222222222 0.8645833333333334 0.4722222222222222 0.859375 0.4847222222222222 0.8472222222222222
0 0.55 0.8559027777777778 0.5597222222222222 0.8506944444444444 0.575 0.8506944444444444 0.5777777777777777 0.8541666666666666 0.5763888888888888 0.8628472222222222 0.5680555555555555 0.8697916666666666 0.5611111111111111 0.8697916666666666 0.5527777777777778 0.8645833333333334 0.55 0.8576388888888888