0 0.26805555555555555 0.10069444444444445 0.275 0.10590277777777778 0.2763888888888889 0.11979166666666667 0.27361111111111114 0.125 0.25833333333333336 0.13368055555555555 0.25416666666666665 0.125 0.25555555555555554 0.1111111111111111 0.2611111111111111 0.10243055555555555 0.26666666666666666 0.10069444444444445
0 0.42083333333333334 0.4027777777777778 0.425 0.4114583333333333 0.41944444444444445 0.4253472222222222 0.4152777777777778 0.4288194444444444 0.40694444444444444 0.4288194444444444 0.4013888888888889 0.4253472222222222 0.4 0.4166666666666667 0.40555555555555556 0.4079861111111111 0.41944444444444445 0.4027777777777778
0 0.6 0.4479166666666667 0.6069444444444444 0.4618055555555556 0.6069444444444444 0.4756944444444444 0.6055555555555555 0.4809027777777778 0.6013888888888889 0.484375 0.5972222222222222 0.484375 0.5930555555555556 0.4774305555555556 0.5930555555555556 0.4583333333333333 0.5944444444444444 0.4513888888888889 0.5986111111111111 0.4479166666666667
0 0.12777777777777777 0.12152777777777778 0.13333333333333333 0.13020833333333334 0.13472222222222222 0.1371527777777778 0.13333333333333333 0.14583333333333334 0.12916666666666668 0.14930555555555555 0.12361111111111112 0.14930555555555555 0.11805555555555555 0.1371527777777778 0.11944444444444445 0.125 0.12222222222222222 0.12152777777777778 0.12638888888888888 0.12152777777777778
0 0.6625 0.5243055555555556 0.6680555555555555 0.5295138888888888 0.6694444444444444 0.5347222222222222 0.6666666666666666 0.546875 0.6625 0.5503472222222222 0.6569444444444444 0.5503472222222222 0.6527777777777778 0.5416666666666666 0.6541666666666667 0.5295138888888888 0.6611111111111111 0.5243055555555556
0 0.7208333333333333 0.4444444444444444 0.725 0.4513888888888889 0.725 0.4600694444444444 0.7222222222222222 0.4635416666666667 0.7111111111111111 0.4618055555555556 0.6972222222222222 0.4409722222222222 0.7 0.4357638888888889 0.7041666666666667 0.4357638888888889 0.7166666666666667 0.4409722222222222 0.7194444444444444 0.4444444444444444
0 0.525 0.7760416666666666 0.5291666666666667 0.7795138888888888 0.5291666666666667 0.7881944444444444 0.525 0.7986111111111112 0.5180555555555556 0.8038194444444444 0.5097222222222222 0.8003472222222222 0.5097222222222222 0.7881944444444444 0.5125 0.78125 0.5236111111111111 0.7760416666666666
0 0.22916666666666666 0.7465277777777778 0.23194444444444445 0.75 0.23055555555555557 0.7569444444444444 0.21805555555555556 0.7673611111111112 0.2125 0.7673611111111112 0.20833333333333334 0.7638888888888888 0.20694444444444443 0.7604166666666666 0.20833333333333334 0.75 0.21388888888888888 0.7447916666666666 0.22777777777777777 0.7465277777777778
0 0.8833333333333333 0.5399305555555556 0.8902777777777777 0.5399305555555556 0.8972222222222223 0.546875 0.9 0.5555555555555556 0.9 0.5677083333333334 0.8972222222222223 0.5711805555555556 0.8916666666666667 0.5711805555555556 0.8833333333333333 0.5625 0.8819444444444444 0.5572916666666666 0.8833333333333333 0.5416666666666666
0 0.5875 0.7881944444444444 0.5916666666666667 0.7916666666666666 0.5944444444444444 0.7986111111111112 0.5944444444444444 0.8055555555555556 0.5888888888888889 0.8125 0.5819444444444445 0.8125 0.575 0.8038194444444444 0.5763888888888888 0.7899305555555556 0.5861111111111111 0.7881944444444444
0 0.05555555555555555 0.8802083333333334 0.06666666666666667 0.8854166666666666 0.07361111111111111 0.8940972222222222 0.075 0.8993055555555556 0.075 0.9097222222222222 0.07222222222222222 0.9131944444444444 0.06944444444444445 0.9149305555555556 0.0625 0.9131944444444444 0.05416666666666667 0.8940972222222222 0.05555555555555555 0.8819444444444444
0 0.6263888888888889 0.005208333333333333 0.6486111111111111 0.013888888888888888 0.6458333333333334 0.020833333333333332 0.6263888888888889 0.03125 0.6194444444444445 0.029513888888888888 0.6125 0.022569444444444444 0.6125 0.013888888888888888 0.6152777777777778 0.008680555555555556 0.625 0.005208333333333333
0 0.8555555555555555 0.4461805555555556 0.8597222222222223 0.4444444444444444 0.8722222222222222 0.4513888888888889 0.8763888888888889 0.4565972222222222 0.8777777777777778 0.4635416666666667 0.875 0.4722222222222222 0.8680555555555556 0.4739583333333333 0.8583333333333333 0.4600694444444444 0.8555555555555555 0.4479166666666667
0 0.9388888888888889 0.16666666666666666 0.9361111111111111 0.15104166666666666 0.9402777777777778 0.1388888888888889 0.9444444444444444 0.13541666666666666 0.95 0.1371527777777778 0.9513888888888888 0.15104166666666666 0.9458333333333333 0.16666666666666666 0.9416666666666667 0.1684027777777778 0.9402777777777778 0.16666666666666666
0 0.6680555555555555 0.8368055555555556 0.6722222222222223 0.8472222222222222 0.6638888888888889 0.859375 0.6583333333333333 0.859375 0.6541666666666667 0.8559027777777778 0.6513888888888889 0.8524305555555556 0.6513888888888889 0.8454861111111112 0.6611111111111111 0.8350694444444444 0.6666666666666666 0.8368055555555556
0 0.7263888888888889 0.22569444444444445 0.7333333333333333 0.22569444444444445 0.7430555555555556 0.2378472222222222 0.7472222222222222 0.2482638888888889 0.7458333333333333 0.2638888888888889 0.7375 0.265625 0.725 0.2482638888888889 0.7236111111111111 0.2361111111111111 0.7263888888888889 0.22743055555555555
0 0.85625 0.05555555555555555 0.02361111111111111 0.04513888888888889
0 0.9451388888888889 0.7039930555555556 0.015277777777777777 0.050347222222222224
0 0.16111111111111112 0.6111111111111112 0.1625 0.6180555555555556 0.14722222222222223 0.6388888888888888 0.14027777777777778 0.6388888888888888 0.1361111111111111 0.6354166666666666 0.13472222222222222 0.6302083333333334 0.1361111111111111 0.6215277777777778 0.14583333333333334 0.609375 0.1597222222222222 0.6111111111111112
0 0.6708333333333333 0.4930555555555556 0.6847222222222222 0.5052083333333334 0.6861111111111111 0.5173611111111112 0.6833333333333333 0.5208333333333334 0.675 0.5208333333333334 0.6680555555555555 0.515625 0.6569444444444444 0.5121527777777778 0.6541666666666667 0.5034722222222222 0.6555555555555556 0.4930555555555556 0.6597222222222222 0.4895833333333333 0.6694444444444444 0.4930555555555556
0 0.8958333333333334 0.8263888888888888 0.8986111111111111 0.8333333333333334 0.8972222222222223 0.8611111111111112 0.8944444444444445 0.8663194444444444 0.8888888888888888 0.8697916666666666 0.8819444444444444 0.8697916666666666 0.8708333333333333 0.859375 0.8694444444444445 0.84375 0.8722222222222222 0.8350694444444444 0.8819444444444444 0.8263888888888888 0.8861111111111111 0.8246527777777778 0.8944444444444445 0.8263888888888888
0 0.8611111111111112 0.0954861111111111 0.8583333333333333 0.09027777777777778 0.8569444444444444 0.078125 0.8625 0.07465277777777778 0.8666666666666667 0.07465277777777778 0.8736111111111111 0.08680555555555555 0.8722222222222222 0.09895833333333333 0.8694444444444445 0.10069444444444445 0.8625 0.0954861111111111
0 0.8666666666666667 0.984375 0.875 0.9583333333333334 0.8777777777777778 0.9548611111111112 0.8847222222222222 0.9548611111111112 0.8875 0.9600694444444444 0.8875 0.9809027777777778 0.8847222222222222 0.9895833333333334 0.8805555555555555 0.9947916666666666 0.8694444444444445 0.9947916666666666 0.8680555555555556 0.9861111111111112
0 0.08194444444444444 0.9201388888888888 0.08472222222222223 0.921875 0.08888888888888889 0.9322916666666666 0.0875 0.9392361111111112 0.08472222222222223 0.9409722222222222 0.07083333333333333 0.9409722222222222 0.06527777777777778 0.9375 0.07361111111111111 0.921875 0.08055555555555556 0.9201388888888888
0 0.575 0.9357638888888888 0.5777777777777777 0.9444444444444444 0.575 0.953125 0.5652777777777778 0.9513888888888888 0.5652777777777778 0.9375 0.5680555555555555 0.9340277777777778 0.5736111111111111 0.9357638888888888