0 0.23333333333333334 0.5972222222222222 0.24305555555555555 0.6041666666666666 0.24305555555555555 0.6163194444444444 0.24027777777777778 0.6197916666666666 0.23055555555555557 0.6197916666666666 0.225 0.6111111111111112 0.225 0.6006944444444444 0.22777777777777777 0.5972222222222222 0.23194444444444445 0.5972222222222222
0 0.7208333333333333 0.265625 0.725 0.2690972222222222 0.7236111111111111 0.2725694444444444 0.7055555555555556 0.2951388888888889 0.7 0.2951388888888889 0.6944444444444444 0.2881944444444444 0.6930555555555555 0.2829861111111111 0.6958333333333333 0.2760416666666667 0.7069444444444445 0.265625 0.7194444444444444 0.265625
0 0.25416666666666665 0.17881944444444445 0.2569444444444444 0.1840277777777778 0.2569444444444444 0.19444444444444445 0.25416666666666665 0.2065972222222222 0.24861111111111112 0.2170138888888889 0.24027777777777778 0.2152777777777778 0.2388888888888889 0.2013888888888889 0.24444444444444444 0.1875 0.25277777777777777 0.17881944444444445
0 0.4777777777777778 0.8958333333333334 0.48333333333333334 0.9010416666666666 0.48333333333333334 0.9079861111111112 0.47638888888888886 0.9184027777777778 0.46944444444444444 0.9201388888888888 0.4625 0.9149305555555556 0.4625 0.9079861111111112 0.46944444444444444 0.8958333333333334 0.47638888888888886 0.8958333333333334
0 0.9138888888888889 0.3506944444444444 0.9194444444444444 0.3576388888888889 0.9194444444444444 0.3663194444444444 0.9125 0.3715277777777778 0.9013888888888889 0.3715277777777778 0.8958333333333334 0.3663194444444444 0.8972222222222223 0.3611111111111111 0.9027777777777778 0.3541666666666667 0.9125 0.3506944444444444
0 0.13333333333333333 0.5729166666666666 0.1361111111111111 0.5694444444444444 0.15416666666666667 0.5694444444444444 0.16666666666666666 0.5763888888888888 0.16944444444444445 0.5850694444444444 0.16805555555555557 0.59375 0.15555555555555556 0.5954861111111112 0.14722222222222223 0.5902777777777778 0.13472222222222222 0.5746527777777778
0 0.6902777777777778 0.5520833333333334 0.6958333333333333 0.5555555555555556 0.6986111111111111 0.5607638888888888 0.7 0.5659722222222222 0.6986111111111111 0.5798611111111112 0.6847222222222222 0.5763888888888888 0.6791666666666667 0.5677083333333334 0.6805555555555556 0.5538194444444444 0.6888888888888889 0.5520833333333334
0 0.5861111111111111 0.4652777777777778 0.5944444444444444 0.4722222222222222 0.6027777777777777 0.4913194444444444 0.6013888888888889 0.4947916666666667 0.5875 0.4947916666666667 0.5805555555555556 0.4895833333333333 0.5777777777777777 0.4809027777777778 0.5777777777777777 0.46875 0.5805555555555556 0.4652777777777778 0.5847222222222223 0.4652777777777778
0 0.4875 0.9600694444444444 0.49166666666666664 0.9652777777777778 0.49166666666666664 0.9756944444444444 0.4791666666666667 0.984375 0.4666666666666667 0.9826388888888888 0.4652777777777778 0.9791666666666666 0.4666666666666667 0.9670138888888888 0.47638888888888886 0.9600694444444444 0.4861111111111111 0.9600694444444444
0 0.5013888888888889 0.7395833333333334 0.5027777777777778 0.7447916666666666 0.4986111111111111 0.7552083333333334 0.49027777777777776 0.7621527777777778 0.4861111111111111 0.7621527777777778 0.48194444444444445 0.7586805555555556 0.48333333333333334 0.75 0.49027777777777776 0.7413194444444444 0.5 0.7395833333333334
0 0.8513888888888889 0.2899305555555556 0.8569444444444444 0.2986111111111111 0.8583333333333333 0.3055555555555556 0.8569444444444444 0.3142361111111111 0.8541666666666666 0.3177083333333333 0.8472222222222222 0.3177083333333333 0.8430555555555556 0.3107638888888889 0.8444444444444444 0.2951388888888889 0.8458333333333333 0.2916666666666667 0.85 0.2899305555555556
0 0.44722222222222224 0.7170138888888888 0.45 0.7204861111111112 0.45 0.734375 0.44305555555555554 0.7430555555555556 0.4375 0.7430555555555556 0.43194444444444446 0.7395833333333334 0.42916666666666664 0.7361111111111112 0.42916666666666664 0.7274305555555556 0.4388888888888889 0.7170138888888888 0.44583333333333336 0.7170138888888888
0 0.32222222222222224 0.7552083333333334 0.3277777777777778 0.7690972222222222 0.3277777777777778 0.7847222222222222 0.3236111111111111 0.7934027777777778 0.31666666666666665 0.7934027777777778 0.3138888888888889 0.7881944444444444 0.3138888888888889 0.7743055555555556 0.31666666666666665 0.7673611111111112 0.31666666666666665 0.7604166666666666 0.32083333333333336 0.7552083333333334
0 0.4666666666666667 0.7083333333333334 0.4722222222222222 0.7170138888888888 0.4722222222222222 0.734375 0.46944444444444444 0.7430555555555556 0.4625 0.75 0.4527777777777778 0.7482638888888888 0.45 0.7395833333333334 0.4527777777777778 0.7083333333333334 0.45416666666666666 0.7065972222222222 0.4652777777777778 0.7083333333333334
0 0.2375 0.4774305555555556 0.24722222222222223 0.4826388888888889 0.2513888888888889 0.4913194444444444 0.2513888888888889 0.5017361111111112 0.24861111111111112 0.5121527777777778 0.24027777777777778 0.5225694444444444 0.23055555555555557 0.5225694444444444 0.225 0.5190972222222222 0.21944444444444444 0.5104166666666666 0.21944444444444444 0.4913194444444444 0.2222222222222222 0.484375 0.22777777777777777 0.4791666666666667 0.2361111111111111 0.4774305555555556
0 0.7125 0.8923611111111112 0.7166666666666667 0.8940972222222222 0.7277777777777777 0.9097222222222222 0.7277777777777777 0.9201388888888888 0.7236111111111111 0.9305555555555556 0.7111111111111111 0.921875 0.7041666666666667 0.9131944444444444 0.7041666666666667 0.8975694444444444 0.7111111111111111 0.8923611111111112
0 0.45694444444444443 0.6302083333333334 0.4638888888888889 0.640625 0.475 0.6440972222222222 0.4736111111111111 0.6545138888888888 0.4638888888888889 0.6666666666666666 0.4527777777777778 0.6666666666666666 0.44722222222222224 0.6614583333333334 0.44583333333333336 0.6388888888888888 0.4513888888888889 0.6302083333333334 0.45555555555555555 0.6302083333333334
0 0.25972222222222224 0.1232638888888889 0.2625 0.1267361111111111 0.2625 0.1388888888888889 0.25833333333333336 0.14583333333333334 0.25416666666666665 0.14756944444444445 0.24722222222222223 0.1423611111111111 0.24722222222222223 0.13020833333333334 0.2513888888888889 0.1232638888888889 0.25833333333333336 0.1232638888888889
0 0.8819444444444444 0.5138888888888888 0.8861111111111111 0.5190972222222222 0.8847222222222222 0.5364583333333334 0.8819444444444444 0.5399305555555556 0.8791666666666667 0.5381944444444444 0.8652777777777778 0.5451388888888888 0.8583333333333333 0.5451388888888888 0.8555555555555555 0.5381944444444444 0.8555555555555555 0.5208333333333334 0.8625 0.5138888888888888 0.8805555555555555 0.5138888888888888
0 0.3236111111111111 0.5104166666666666 0.3333333333333333 0.5086805555555556 0.3486111111111111 0.5225694444444444 0.3458333333333333 0.5347222222222222 0.34305555555555556 0.5364583333333334 0.3333333333333333 0.5347222222222222 0.3236111111111111 0.5277777777777778 0.32222222222222224 0.5243055555555556 0.3236111111111111 0.5121527777777778
0 0.4 0.09375 0.4013888888888889 0.0954861111111111 0.4 0.1284722222222222 0.3972222222222222 0.13368055555555555 0.3888888888888889 0.13541666666666666 0.37916666666666665 0.13368055555555555 0.37777777777777777 0.1267361111111111 0.37916666666666665 0.109375 0.3861111111111111 0.09895833333333333 0.39444444444444443 0.09375 0.39861111111111114 0.09375
0 0.8833333333333333 0.5381944444444444 0.8861111111111111 0.5451388888888888 0.8847222222222222 0.5538194444444444 0.8763888888888889 0.5607638888888888 0.8652777777777778 0.5642361111111112 0.8583333333333333 0.5607638888888888 0.8569444444444444 0.5555555555555556 0.8583333333333333 0.5451388888888888 0.8638888888888889 0.5451388888888888 0.875 0.5381944444444444 0.8819444444444444 0.5381944444444444
0 0.7930555555555555 0.3680555555555556 0.7958333333333333 0.3819444444444444 0.7958333333333333 0.3888888888888889 0.7930555555555555 0.3940972222222222 0.7833333333333333 0.3940972222222222 0.7791666666666667 0.3888888888888889 0.7791666666666667 0.3697916666666667 0.7847222222222222 0.3645833333333333 0.7916666666666666 0.3680555555555556
0 0.7819444444444444 0.3472222222222222 0.7833333333333333 0.3663194444444444 0.7791666666666667 0.3697916666666667 0.7694444444444445 0.3628472222222222 0.7680555555555556 0.3506944444444444 0.7722222222222223 0.3454861111111111 0.7805555555555556 0.3472222222222222
0 0.8208333333333333 0.8767361111111112 0.8277777777777777 0.8819444444444444 0.8277777777777777 0.8958333333333334 0.8236111111111111 0.9010416666666666 0.8166666666666667 0.9010416666666666 0.8125 0.8958333333333334 0.8125 0.8836805555555556 0.8152777777777778 0.8784722222222222 0.8194444444444444 0.8767361111111112
0 0.5666666666666667 0.8585069444444444 0.016666666666666666 0.019097222222222224
0 0.825 0.8402777777777778 0.8291666666666667 0.8472222222222222 0.8291666666666667 0.8559027777777778 0.8194444444444444 0.8663194444444444 0.8138888888888889 0.8645833333333334 0.8111111111111111 0.8506944444444444 0.8236111111111111 0.8402777777777778
0 0.23333333333333334 0.8680555555555556 0.24166666666666667 0.8645833333333334 0.24583333333333332 0.859375 0.25277777777777777 0.859375 0.25416666666666665 0.8628472222222222 0.25416666666666665 0.8819444444444444 0.25 0.8871527777777778 0.24444444444444444 0.8888888888888888 0.23472222222222222 0.8871527777777778 0.23333333333333334 0.8697916666666666