0 0.16805555555555557 0.5711805555555556 0.18194444444444444 0.5815972222222222 0.18333333333333332 0.59375 0.17916666666666667 0.6006944444444444 0.175 0.6024305555555556 0.1638888888888889 0.5954861111111112 0.1527777777777778 0.578125 0.15416666666666667 0.5677083333333334 0.16111111111111112 0.5677083333333334 0.16666666666666666 0.5711805555555556
0 0.4777777777777778 0.8975694444444444 0.48333333333333334 0.9027777777777778 0.48333333333333334 0.90625 0.48055555555555557 0.9131944444444444 0.4736111111111111 0.9201388888888888 0.4638888888888889 0.9184027777777778 0.4625 0.9079861111111112 0.4666666666666667 0.8993055555555556 0.47638888888888886 0.8975694444444444
0 0.24305555555555555 0.6006944444444444 0.24861111111111112 0.6111111111111112 0.24861111111111112 0.6163194444444444 0.24583333333333332 0.6215277777777778 0.23472222222222222 0.6197916666666666 0.23055555555555557 0.609375 0.23055555555555557 0.6024305555555556 0.23333333333333334 0.5989583333333334 0.24166666666666667 0.6006944444444444
0 0.6916666666666667 0.22916666666666666 0.7027777777777777 0.24131944444444445 0.7041666666666667 0.2482638888888889 0.7027777777777777 0.2604166666666667 0.6902777777777778 0.2586805555555556 0.6833333333333333 0.25 0.6819444444444445 0.2326388888888889 0.6875 0.22743055555555555 0.6902777777777778 0.22916666666666666
0 0.9138888888888889 0.3524305555555556 0.9194444444444444 0.3576388888888889 0.9208333333333333 0.3645833333333333 0.9152777777777777 0.3732638888888889 0.9097222222222222 0.375 0.9 0.3715277777777778 0.8986111111111111 0.3645833333333333 0.9055555555555556 0.3541666666666667 0.9125 0.3524305555555556
0 0.48819444444444443 0.9704861111111112 0.02361111111111111 0.024305555555555556
0 0.48333333333333334 0.7586805555555556 0.48333333333333334 0.7517361111111112 0.49722222222222223 0.7378472222222222 0.5013888888888889 0.7378472222222222 0.5041666666666667 0.7413194444444444 0.5013888888888889 0.7534722222222222 0.49583333333333335 0.7604166666666666 0.4847222222222222 0.7586805555555556
0 0.5888888888888889 0.4670138888888889 0.5972222222222222 0.4774305555555556 0.6013888888888889 0.4878472222222222 0.6 0.4947916666666667 0.5888888888888889 0.4930555555555556 0.5805555555555556 0.484375 0.5791666666666667 0.46875 0.5819444444444445 0.4652777777777778 0.5875 0.4670138888888889
0 0.8527777777777777 0.2916666666666667 0.8597222222222223 0.2986111111111111 0.8611111111111112 0.3038194444444444 0.8611111111111112 0.3107638888888889 0.8583333333333333 0.3177083333333333 0.8527777777777777 0.3211805555555556 0.8472222222222222 0.3177083333333333 0.8444444444444444 0.3125 0.8444444444444444 0.2986111111111111 0.8472222222222222 0.2934027777777778 0.8513888888888889 0.2916666666666667
0 0.6708333333333333 0.5138888888888888 0.6763888888888889 0.5138888888888888 0.6819444444444445 0.5208333333333334 0.6833333333333333 0.5260416666666666 0.6819444444444445 0.5381944444444444 0.6722222222222223 0.5399305555555556 0.6680555555555555 0.53125 0.6680555555555555 0.5225694444444444 0.6708333333333333 0.515625
0 0.4597222222222222 0.6302083333333334 0.4638888888888889 0.6388888888888888 0.4638888888888889 0.6493055555555556 0.4625 0.6545138888888888 0.45555555555555555 0.6631944444444444 0.45 0.6631944444444444 0.4486111111111111 0.6597222222222222 0.44722222222222224 0.640625 0.4513888888888889 0.6302083333333334 0.45555555555555555 0.6284722222222222 0.4583333333333333 0.6302083333333334
0 0.7180555555555556 0.8940972222222222 0.7236111111111111 0.9010416666666666 0.725 0.90625 0.725 0.9184027777777778 0.7208333333333333 0.921875 0.7138888888888889 0.9201388888888888 0.7069444444444445 0.9097222222222222 0.7069444444444445 0.8993055555555556 0.7125 0.8940972222222222 0.7166666666666667 0.8940972222222222
0 0.3236111111111111 0.7569444444444444 0.32916666666666666 0.7673611111111112 0.3277777777777778 0.7864583333333334 0.3236111111111111 0.7916666666666666 0.31805555555555554 0.7899305555555556 0.31666666666666665 0.7864583333333334 0.31666666666666665 0.7708333333333334 0.32222222222222224 0.7586805555555556
0 0.4083333333333333 0.1527777777777778 0.4152777777777778 0.16145833333333334 0.4166666666666667 0.16666666666666666 0.4152777777777778 0.17708333333333334 0.4111111111111111 0.18055555555555555 0.4 0.17708333333333334 0.39861111111111114 0.171875 0.4 0.1527777777777778 0.4013888888888889 0.15104166666666666 0.40694444444444444 0.1527777777777778
0 0.4527777777777778 0.7482638888888888 0.45 0.7413194444444444 0.4513888888888889 0.7118055555555556 0.4583333333333333 0.7065972222222222 0.4666666666666667 0.7083333333333334 0.4708333333333333 0.7135416666666666 0.4722222222222222 0.7361111111111112 0.4708333333333333 0.7413194444444444 0.4638888888888889 0.75 0.45416666666666666 0.7482638888888888
0 0.4395833333333333 0.7300347222222222 0.020833333333333332 0.026041666666666668
0 0.25972222222222224 0.1857638888888889 0.2611111111111111 0.2048611111111111 0.25833333333333336 0.21354166666666666 0.25416666666666665 0.21875 0.24722222222222223 0.21875 0.24444444444444444 0.2152777777777778 0.24444444444444444 0.2048611111111111 0.24861111111111112 0.19270833333333334 0.25416666666666665 0.1857638888888889 0.25833333333333336 0.1857638888888889
0 0.24027777777777778 0.4756944444444444 0.24722222222222223 0.4791666666666667 0.25277777777777777 0.4861111111111111 0.25416666666666665 0.4947916666666667 0.25277777777777777 0.5052083333333334 0.24861111111111112 0.515625 0.2375 0.5225694444444444 0.225 0.515625 0.2222222222222222 0.5069444444444444 0.2222222222222222 0.4895833333333333 0.22361111111111112 0.484375 0.22916666666666666 0.4774305555555556 0.2388888888888889 0.4756944444444444
0 0.45069444444444445 0.6788194444444444 0.018055555555555554 0.024305555555555556
0 0.25 0.125 0.25972222222222224 0.1232638888888889 0.2625 0.1267361111111111 0.2625 0.1388888888888889 0.25555555555555554 0.14756944444444445 0.2513888888888889 0.14756944444444445 0.24722222222222223 0.1423611111111111 0.24722222222222223 0.13020833333333334 0.25 0.1267361111111111
0 0.8791666666666667 0.5121527777777778 0.8847222222222222 0.515625 0.8888888888888888 0.5225694444444444 0.8861111111111111 0.5503472222222222 0.8819444444444444 0.5572916666666666 0.8708333333333333 0.5625 0.8625 0.5625 0.8597222222222223 0.5572916666666666 0.8583333333333333 0.5208333333333334 0.8652777777777778 0.5121527777777778 0.8777777777777778 0.5121527777777778