0 0.425 0.4045138888888889 0.4263888888888889 0.4079861111111111 0.425 0.4201388888888889 0.41805555555555557 0.4270833333333333 0.40555555555555556 0.4253472222222222 0.4027777777777778 0.421875 0.4027777777777778 0.4131944444444444 0.4152777777777778 0.4027777777777778 0.4236111111111111 0.4045138888888889
0 0.275 0.09895833333333333 0.2833333333333333 0.10416666666666667 0.2847222222222222 0.11979166666666667 0.2722222222222222 0.1284722222222222 0.2638888888888889 0.1267361111111111 0.2652777777777778 0.109375 0.2708333333333333 0.10069444444444445 0.27361111111111114 0.10069444444444445
0 0.6222222222222222 0.4774305555555556 0.6319444444444444 0.4878472222222222 0.6333333333333333 0.4965277777777778 0.6319444444444444 0.5034722222222222 0.6263888888888889 0.5069444444444444 0.6208333333333333 0.5052083333333334 0.6166666666666667 0.4965277777777778 0.6152777777777778 0.484375 0.6208333333333333 0.4774305555555556
0 0.6708333333333333 0.5277777777777778 0.6736111111111112 0.5329861111111112 0.6736111111111112 0.5434027777777778 0.6708333333333333 0.5486111111111112 0.6638888888888889 0.5520833333333334 0.6569444444444444 0.546875 0.6569444444444444 0.5329861111111112 0.6611111111111111 0.5260416666666666 0.6694444444444444 0.5277777777777778
0 0.5944444444444444 0.7916666666666666 0.5986111111111111 0.8020833333333334 0.5986111111111111 0.8072916666666666 0.5916666666666667 0.8125 0.5819444444444445 0.8107638888888888 0.5777777777777777 0.8055555555555556 0.5763888888888888 0.796875 0.5805555555555556 0.7881944444444444 0.5902777777777778 0.7881944444444444 0.5930555555555556 0.7916666666666666
0 0.5291666666666667 0.7760416666666666 0.5319444444444444 0.7795138888888888 0.5319444444444444 0.7881944444444444 0.5291666666666667 0.796875 0.5236111111111111 0.8020833333333334 0.5125 0.8003472222222222 0.5111111111111111 0.7847222222222222 0.5208333333333334 0.7760416666666666 0.5277777777777778 0.7760416666666666
0 0.22152777777777777 0.7534722222222222 0.02361111111111111 0.024305555555555556
0 0.13194444444444445 0.11284722222222222 0.1375 0.12152777777777778 0.1375 0.140625 0.13055555555555556 0.14756944444444445 0.12638888888888888 0.14583333333333334 0.12361111111111112 0.1371527777777778 0.12361111111111112 0.11979166666666667 0.12638888888888888 0.11458333333333333 0.13055555555555556 0.11284722222222222
0 0.9493055555555555 0.6892361111111112 0.009722222222222222 0.03819444444444445
0 0.7347222222222223 0.22743055555555555 0.7444444444444445 0.23958333333333334 0.7472222222222222 0.2482638888888889 0.7472222222222222 0.2621527777777778 0.7430555555555556 0.2673611111111111 0.7333333333333333 0.2638888888888889 0.7277777777777777 0.2569444444444444 0.7236111111111111 0.24479166666666666 0.7236111111111111 0.2309027777777778 0.7277777777777777 0.22569444444444445 0.7333333333333333 0.22743055555555555
0 0.075 0.6024305555555556 0.08611111111111111 0.625 0.0875 0.6319444444444444 0.08472222222222223 0.6354166666666666 0.0763888888888889 0.6354166666666666 0.06944444444444445 0.6319444444444444 0.06388888888888888 0.6197916666666666 0.06388888888888888 0.609375 0.06666666666666667 0.6041666666666666 0.07361111111111111 0.6024305555555556
0 0.7180555555555556 0.4427083333333333 0.7236111111111111 0.4513888888888889 0.7236111111111111 0.4583333333333333 0.7180555555555556 0.4635416666666667 0.7097222222222223 0.4600694444444444 0.7027777777777777 0.4513888888888889 0.6986111111111111 0.4409722222222222 0.7 0.4375 0.7069444444444445 0.4375 0.7166666666666667 0.4427083333333333
0 0.8930555555555556 0.5381944444444444 0.9 0.5451388888888888 0.9027777777777778 0.5520833333333334 0.9041666666666667 0.5677083333333334 0.9013888888888889 0.5694444444444444 0.8972222222222223 0.5694444444444444 0.8902777777777777 0.5625 0.8875 0.5434027777777778 0.8916666666666667 0.5381944444444444
0 0.8541666666666666 0.4444444444444444 0.8625 0.4444444444444444 0.8708333333333333 0.4496527777777778 0.8777777777777778 0.4600694444444444 0.8777777777777778 0.4704861111111111 0.875 0.4739583333333333 0.8694444444444445 0.4739583333333333 0.8638888888888889 0.4704861111111111 0.8597222222222223 0.4635416666666667 0.8541666666666666 0.4461805555555556
0 0.95 0.14930555555555555 0.008333333333333333 0.03125
0 0.8763888888888889 0.022569444444444444 0.8791666666666667 0.027777777777777776 0.8805555555555555 0.03819444444444445 0.8777777777777778 0.04861111111111111 0.8708333333333333 0.057291666666666664 0.8638888888888889 0.057291666666666664 0.8611111111111112 0.05381944444444445 0.8555555555555555 0.041666666666666664 0.8555555555555555 0.03298611111111111 0.8583333333333333 0.024305555555555556 0.8652777777777778 0.019097222222222224 0.875 0.022569444444444444
0 0.6333333333333333 0.006944444444444444 0.6527777777777778 0.013888888888888888 0.6513888888888889 0.019097222222222224 0.6375 0.029513888888888888 0.625 0.029513888888888888 0.6222222222222222 0.026041666666666668 0.6222222222222222 0.012152777777777778 0.6277777777777778 0.006944444444444444 0.6319444444444444 0.006944444444444444
0 0.8625 0.1284722222222222 0.8666666666666667 0.13194444444444445 0.8694444444444445 0.1423611111111111 0.8680555555555556 0.1597222222222222 0.8625 0.16666666666666666 0.8555555555555555 0.16493055555555555 0.8541666666666666 0.1597222222222222 0.8569444444444444 0.1284722222222222 0.8583333333333333 0.1267361111111111 0.8611111111111112 0.1284722222222222
0 0.07222222222222222 0.8923611111111112 0.0763888888888889 0.9045138888888888 0.0763888888888889 0.9114583333333334 0.07361111111111111 0.9236111111111112 0.06944444444444445 0.9288194444444444 0.058333333333333334 0.9288194444444444 0.05555555555555555 0.9236111111111112 0.05555555555555555 0.9166666666666666 0.0625 0.8975694444444444 0.06805555555555555 0.890625 0.07083333333333333 0.8923611111111112
0 0.6847222222222222 0.5 0.6930555555555555 0.5086805555555556 0.6944444444444444 0.5173611111111112 0.6916666666666667 0.5208333333333334 0.6847222222222222 0.5208333333333334 0.6777777777777778 0.515625 0.6763888888888889 0.5052083333333334 0.6791666666666667 0.5 0.6833333333333333 0.5
0 0.8888888888888888 0.8446180555555556 0.030555555555555555 0.046875
0 0.6631944444444444 0.84375 0.0375 0.024305555555555556
0 0.8791666666666667 0.9565972222222222 0.8819444444444444 0.9548611111111112 0.8902777777777777 0.9565972222222222 0.8902777777777777 0.9861111111111112 0.8833333333333333 0.9930555555555556 0.8708333333333333 0.9913194444444444 0.8708333333333333 0.9774305555555556 0.8791666666666667 0.9583333333333334
0 0.6430555555555556 0.5625 0.022222222222222223 0.041666666666666664
0 0.5666666666666667 0.9357638888888888 0.5722222222222222 0.9357638888888888 0.5763888888888888 0.9409722222222222 0.5763888888888888 0.9496527777777778 0.5736111111111111 0.953125 0.5666666666666667 0.953125 0.5652777777777778 0.9496527777777778 0.5666666666666667 0.9375
0 0.8736111111111111 0.7986111111111112 0.8777777777777778 0.8038194444444444 0.8777777777777778 0.8142361111111112 0.8680555555555556 0.8246527777777778 0.8513888888888889 0.8229166666666666 0.85 0.8125 0.8513888888888889 0.8072916666666666 0.8597222222222223 0.7986111111111112 0.8652777777777778 0.7951388888888888 0.8694444444444445 0.7951388888888888 0.8722222222222222 0.7986111111111112
0 0.6541666666666667 0.4739583333333333 0.6569444444444444 0.4774305555555556 0.6583333333333333 0.4913194444444444 0.6513888888888889 0.4913194444444444 0.6444444444444445 0.4826388888888889 0.6472222222222223 0.4739583333333333 0.65 0.4722222222222222 0.6527777777777778 0.4739583333333333
0 0.32083333333333336 0.7005208333333334 0.019444444444444445 0.015625
0 0.8680555555555556 0.10416666666666667 0.8708333333333333 0.1076388888888889 0.8708333333333333 0.125 0.8680555555555556 0.13194444444444445 0.8583333333333333 0.1284722222222222 0.8555555555555555 0.12152777777777778 0.8555555555555555 0.11284722222222222 0.8583333333333333 0.10590277777777778 0.8666666666666667 0.10416666666666667
0 0.875 0.484375 0.8805555555555555 0.484375 0.8847222222222222 0.4895833333333333 0.8847222222222222 0.4982638888888889 0.8833333333333333 0.5017361111111112 0.8791666666666667 0.5034722222222222 0.8736111111111111 0.4965277777777778 0.875 0.4861111111111111
0 0.7333333333333333 0.4131944444444444 0.7361111111111112 0.4166666666666667 0.7361111111111112 0.4253472222222222 0.7305555555555555 0.4322916666666667 0.7236111111111111 0.4270833333333333 0.7236111111111111 0.4184027777777778 0.7263888888888889 0.4131944444444444 0.7291666666666666 0.4114583333333333 0.7319444444444444 0.4131944444444444
0 0.8083333333333333 0.2708333333333333 0.8111111111111111 0.2777777777777778 0.8097222222222222 0.2847222222222222 0.7986111111111112 0.2986111111111111 0.7902777777777777 0.3038194444444444 0.7833333333333333 0.3038194444444444 0.7805555555555556 0.3003472222222222 0.7791666666666667 0.296875 0.7805555555555556 0.2899305555555556 0.7944444444444444 0.2743055555555556 0.8 0.2708333333333333 0.8069444444444445 0.2708333333333333
0 0.125 0.5243055555555556 0.011111111111111112 0.020833333333333332
0 0.6277777777777778 0.8246527777777778 0.6347222222222222 0.8229166666666666 0.6402777777777777 0.8263888888888888 0.6416666666666667 0.8402777777777778 0.6402777777777777 0.8472222222222222 0.6305555555555555 0.8454861111111112 0.625 0.8368055555555556 0.625 0.8315972222222222 0.6277777777777778 0.8263888888888888
0 0.7611111111111111 0.07291666666666667 0.7652777777777777 0.078125 0.7652777777777777 0.09027777777777778 0.7625 0.0954861111111111 0.7555555555555555 0.09375 0.7513888888888889 0.08506944444444445 0.7513888888888889 0.0763888888888889 0.7555555555555555 0.07291666666666667 0.7597222222222222 0.07291666666666667