0 0.7152777777777778 0.2725694444444444 0.7194444444444444 0.2777777777777778 0.7166666666666667 0.2864583333333333 0.7041666666666667 0.2986111111111111 0.6958333333333333 0.296875 0.6944444444444444 0.2847222222222222 0.7 0.2760416666666667 0.7069444444444445 0.2725694444444444 0.7138888888888889 0.2725694444444444
0 0.46111111111111114 0.6302083333333334 0.4666666666666667 0.6354166666666666 0.4666666666666667 0.6440972222222222 0.4583333333333333 0.65625 0.45416666666666666 0.6579861111111112 0.4486111111111111 0.65625 0.4444444444444444 0.6510416666666666 0.44166666666666665 0.6458333333333334 0.44166666666666665 0.6371527777777778 0.44722222222222224 0.6302083333333334 0.4513888888888889 0.6284722222222222 0.4597222222222222 0.6302083333333334
0 0.4777777777777778 0.8958333333333334 0.48333333333333334 0.8993055555555556 0.48333333333333334 0.90625 0.47638888888888886 0.9184027777777778 0.4708333333333333 0.9201388888888888 0.4625 0.9149305555555556 0.4625 0.9079861111111112 0.46944444444444444 0.8958333333333334 0.47638888888888886 0.8958333333333334
0 0.48194444444444445 0.9713541666666666 0.025 0.022569444444444444
0 0.24027777777777778 0.5989583333333334 0.24444444444444444 0.6059027777777778 0.24444444444444444 0.6197916666666666 0.24166666666666667 0.6215277777777778 0.23055555555555557 0.6180555555555556 0.2263888888888889 0.609375 0.22777777777777777 0.5972222222222222 0.2388888888888889 0.5989583333333334
0 0.3236111111111111 0.7552083333333334 0.33055555555555555 0.7673611111111112 0.33055555555555555 0.7829861111111112 0.3277777777777778 0.7899305555555556 0.32083333333333336 0.7899305555555556 0.31805555555555554 0.7847222222222222 0.31805555555555554 0.7708333333333334 0.32222222222222224 0.7569444444444444
0 0.5861111111111111 0.4652777777777778 0.5958333333333333 0.4739583333333333 0.6027777777777777 0.4913194444444444 0.6013888888888889 0.4947916666666667 0.5875 0.4947916666666667 0.5805555555555556 0.4878472222222222 0.5777777777777777 0.4704861111111111 0.5805555555555556 0.4652777777777778 0.5847222222222223 0.4652777777777778
0 0.9152777777777777 0.3506944444444444 0.9194444444444444 0.3576388888888889 0.9194444444444444 0.3645833333333333 0.9166666666666666 0.3697916666666667 0.9069444444444444 0.3732638888888889 0.9 0.3715277777777778 0.8972222222222223 0.3645833333333333 0.9041666666666667 0.3541666666666667 0.9138888888888889 0.3506944444444444
0 0.4930555555555556 0.75 0.022222222222222223 0.024305555555555556
0 0.15416666666666667 0.5659722222222222 0.16805555555555557 0.5746527777777778 0.17083333333333334 0.5798611111111112 0.16944444444444445 0.5920138888888888 0.1638888888888889 0.5954861111111112 0.15416666666666667 0.5920138888888888 0.13472222222222222 0.5729166666666666 0.13472222222222222 0.5677083333333334 0.1388888888888889 0.5642361111111112 0.1527777777777778 0.5659722222222222
0 0.44722222222222224 0.7135416666666666 0.45 0.71875 0.45 0.7274305555555556 0.44722222222222224 0.7378472222222222 0.4444444444444444 0.7395833333333334 0.42916666666666664 0.7378472222222222 0.42777777777777776 0.7274305555555556 0.4361111111111111 0.7170138888888888 0.44583333333333336 0.7135416666666666
0 0.4638888888888889 0.7048611111111112 0.4708333333333333 0.7118055555555556 0.4722222222222222 0.7239583333333334 0.4708333333333333 0.7395833333333334 0.4652777777777778 0.7482638888888888 0.45416666666666666 0.7482638888888888 0.4513888888888889 0.7465277777777778 0.4486111111111111 0.7395833333333334 0.45 0.7083333333333334 0.45416666666666666 0.703125 0.4625 0.7048611111111112
0 0.25416666666666665 0.18055555555555555 0.25833333333333336 0.1857638888888889 0.25833333333333336 0.203125 0.25555555555555554 0.21180555555555555 0.2513888888888889 0.2170138888888889 0.24583333333333332 0.2170138888888889 0.24166666666666667 0.21006944444444445 0.24305555555555555 0.19444444444444445 0.24583333333333332 0.1875 0.25 0.18229166666666666 0.25277777777777777 0.18229166666666666
0 0.6840277777777778 0.5546875 0.015277777777777777 0.026041666666666668
0 0.2361111111111111 0.5 0.03333333333333333 0.04513888888888889
0 0.7152777777777778 0.8940972222222222 0.7194444444444444 0.8958333333333334 0.7263888888888889 0.90625 0.725 0.9236111111111112 0.7194444444444444 0.9253472222222222 0.7083333333333334 0.9149305555555556 0.7069444444444445 0.8993055555555556 0.7097222222222223 0.8958333333333334 0.7138888888888889 0.8958333333333334
0 0.8513888888888889 0.2899305555555556 0.8597222222222223 0.3038194444444444 0.8583333333333333 0.3142361111111111 0.8541666666666666 0.3194444444444444 0.8486111111111111 0.3177083333333333 0.8444444444444444 0.3125 0.8430555555555556 0.3055555555555556 0.8444444444444444 0.2934027777777778 0.85 0.2899305555555556
0 0.875 0.5121527777777778 0.8833333333333333 0.5190972222222222 0.8847222222222222 0.5295138888888888 0.8833333333333333 0.5364583333333334 0.8694444444444445 0.5434027777777778 0.8625 0.5434027777777778 0.8569444444444444 0.5364583333333334 0.8555555555555555 0.5208333333333334 0.8583333333333333 0.515625 0.8638888888888889 0.5121527777777778 0.8736111111111111 0.5121527777777778
0 0.25 0.125 0.25972222222222224 0.1232638888888889 0.2625 0.1267361111111111 0.2625 0.1388888888888889 0.25833333333333336 0.14583333333333334 0.25416666666666665 0.14756944444444445 0.25 0.14583333333333334 0.24722222222222223 0.140625 0.24722222222222223 0.13368055555555555 0.25 0.1267361111111111
0 0.4041666666666667 0.1232638888888889 0.40694444444444444 0.125 0.4097222222222222 0.13368055555555555 0.4097222222222222 0.1527777777777778 0.40555555555555556 0.1597222222222222 0.4 0.16145833333333334 0.39305555555555555 0.1579861111111111 0.39305555555555555 0.140625 0.3972222222222222 0.125 0.4027777777777778 0.1232638888888889
0 0.8833333333333333 0.5381944444444444 0.8861111111111111 0.5416666666666666 0.8861111111111111 0.5538194444444444 0.8763888888888889 0.5607638888888888 0.8694444444444445 0.5625 0.8611111111111112 0.5625 0.8583333333333333 0.5590277777777778 0.8583333333333333 0.5486111111111112 0.8625 0.5434027777777778 0.8680555555555556 0.5434027777777778 0.875 0.5381944444444444 0.8819444444444444 0.5381944444444444
0 0.8152777777777778 0.8802083333333334 0.825 0.8784722222222222 0.8305555555555556 0.8854166666666666 0.8291666666666667 0.8975694444444444 0.8208333333333333 0.9010416666666666 0.8138888888888889 0.8958333333333334 0.8152777777777778 0.8819444444444444
0 0.7791666666666667 0.34375 0.7847222222222222 0.3489583333333333 0.7861111111111111 0.3541666666666667 0.7861111111111111 0.3663194444444444 0.7819444444444444 0.3697916666666667 0.775 0.3680555555555556 0.7680555555555556 0.359375 0.7680555555555556 0.3472222222222222 0.7708333333333334 0.34375 0.7777777777777778 0.34375
0 0.7916666666666666 0.3663194444444444 0.7958333333333333 0.3697916666666667 0.7958333333333333 0.3871527777777778 0.7916666666666666 0.3940972222222222 0.7833333333333333 0.3940972222222222 0.7791666666666667 0.390625 0.7805555555555556 0.3680555555555556 0.7847222222222222 0.3645833333333333 0.7902777777777777 0.3663194444444444
0 0.33611111111111114 0.5225694444444444 0.025 0.027777777777777776
0 0.5736111111111111 0.8506944444444444 0.575 0.8611111111111112 0.5680555555555555 0.8680555555555556 0.5638888888888889 0.8663194444444444 0.5583333333333333 0.859375 0.5583333333333333 0.8559027777777778 0.5638888888888889 0.8489583333333334 0.5722222222222222 0.8506944444444444
0 0.2263888888888889 0.9878472222222222 0.23055555555555557 0.9895833333333334 0.23472222222222222 0.9947916666666666 0.23472222222222222 0.9982638888888888 0.20972222222222223 0.9982638888888888 0.2125 0.9895833333333334 0.225 0.9878472222222222
0 0.8277777777777777 0.8385416666666666 0.8305555555555556 0.8420138888888888 0.8319444444444445 0.8576388888888888 0.825 0.8628472222222222 0.8208333333333333 0.8715277777777778 0.8180555555555555 0.8715277777777778 0.8138888888888889 0.8645833333333334 0.8138888888888889 0.8489583333333334 0.8263888888888888 0.8385416666666666
0 0.48194444444444445 0.020833333333333332 0.4847222222222222 0.022569444444444444 0.4875 0.029513888888888888 0.4875 0.041666666666666664 0.4847222222222222 0.04861111111111111 0.4791666666666667 0.052083333333333336 0.46944444444444444 0.04861111111111111 0.4666666666666667 0.041666666666666664 0.4666666666666667 0.03125 0.4708333333333333 0.022569444444444444 0.48055555555555557 0.020833333333333332
0 0.23333333333333334 0.8663194444444444 0.24583333333333332 0.8611111111111112 0.25277777777777777 0.8611111111111112 0.25555555555555554 0.8663194444444444 0.25555555555555554 0.8802083333333334 0.25416666666666665 0.8836805555555556 0.24722222222222223 0.8871527777777778 0.24027777777777778 0.8871527777777778 0.23333333333333334 0.8819444444444444 0.23333333333333334 0.8680555555555556
0 0.7125 0.6145833333333334 0.7263888888888889 0.6128472222222222 0.7305555555555555 0.6197916666666666 0.7291666666666666 0.6336805555555556 0.7222222222222222 0.6388888888888888 0.7166666666666667 0.6371527777777778 0.7125 0.6319444444444444 0.7111111111111111 0.6267361111111112 0.7125 0.6163194444444444
0 0.48541666666666666 0.8524305555555556 0.0125 0.017361111111111112