0 0.4666666666666667 0.8993055555555556 0.4791666666666667 0.8975694444444444 0.48333333333333334 0.9010416666666666 0.48055555555555557 0.9114583333333334 0.475 0.9184027777777778 0.4652777777777778 0.9184027777777778 0.4625 0.9149305555555556 0.4625 0.9079861111111112 0.4666666666666667 0.9010416666666666
0 0.13333333333333333 0.5885416666666666 0.14027777777777778 0.5972222222222222 0.14027777777777778 0.6076388888888888 0.13472222222222222 0.6111111111111112 0.12777777777777777 0.6111111111111112 0.11527777777777778 0.6059027777777778 0.10694444444444444 0.5954861111111112 0.11388888888888889 0.5902777777777778 0.13194444444444445 0.5885416666666666
0 0.3138888888888889 0.7708333333333334 0.31805555555555554 0.7777777777777778 0.31805555555555554 0.7899305555555556 0.3111111111111111 0.8003472222222222 0.3055555555555556 0.7986111111111112 0.30416666666666664 0.7829861111111112 0.30833333333333335 0.7708333333333334 0.30972222222222223 0.7690972222222222 0.3125 0.7708333333333334
0 0.48333333333333334 0.7482638888888888 0.49166666666666664 0.7413194444444444 0.5 0.7430555555555556 0.5 0.75 0.49722222222222223 0.7569444444444444 0.4930555555555556 0.7604166666666666 0.48333333333333334 0.7621527777777778 0.48055555555555557 0.7586805555555556 0.48333333333333334 0.75
0 0.2763888888888889 0.17881944444444445 0.28194444444444444 0.1840277777777778 0.28194444444444444 0.1875 0.2722222222222222 0.19618055555555555 0.25833333333333336 0.19618055555555555 0.25555555555555554 0.19270833333333334 0.25555555555555554 0.1840277777777778 0.25972222222222224 0.17881944444444445 0.275 0.17881944444444445
0 0.5194444444444445 0.5694444444444444 0.5222222222222223 0.5746527777777778 0.5222222222222223 0.5902777777777778 0.5194444444444445 0.5989583333333334 0.5138888888888888 0.6041666666666666 0.5083333333333333 0.6024305555555556 0.5069444444444444 0.5885416666666666 0.5111111111111111 0.5729166666666666 0.5138888888888888 0.5694444444444444 0.5180555555555556 0.5694444444444444
0 0.8652777777777778 0.5225694444444444 0.8694444444444445 0.5260416666666666 0.8694444444444445 0.5364583333333334 0.8652777777777778 0.5434027777777778 0.8541666666666666 0.5538194444444444 0.8472222222222222 0.5520833333333334 0.8416666666666667 0.5451388888888888 0.8402777777777778 0.5381944444444444 0.8416666666666667 0.5295138888888888 0.8444444444444444 0.5243055555555556 0.85 0.5208333333333334 0.8638888888888889 0.5225694444444444
0 0.23055555555555557 0.6041666666666666 0.23472222222222222 0.6111111111111112 0.23472222222222222 0.6215277777777778 0.23194444444444445 0.6232638888888888 0.225 0.6232638888888888 0.21944444444444444 0.6197916666666666 0.2152777777777778 0.609375 0.21666666666666667 0.6006944444444444 0.22361111111111112 0.6006944444444444 0.22916666666666666 0.6041666666666666
0 0.7027777777777777 0.8958333333333334 0.7097222222222223 0.8975694444444444 0.7166666666666667 0.9079861111111112 0.7152777777777778 0.921875 0.7055555555555556 0.9201388888888888 0.7 0.9097222222222222 0.7027777777777777 0.8975694444444444
0 0.8444444444444444 0.2916666666666667 0.85 0.2916666666666667 0.8541666666666666 0.3003472222222222 0.8527777777777777 0.3194444444444444 0.8444444444444444 0.3177083333333333 0.8430555555555556 0.3142361111111111 0.8444444444444444 0.2934027777777778
0 0.4305555555555556 0.017361111111111112 0.44583333333333336 0.022569444444444444 0.4486111111111111 0.026041666666666668 0.4305555555555556 0.03819444444444445 0.41805555555555557 0.03819444444444445 0.4152777777777778 0.034722222222222224 0.4166666666666667 0.024305555555555556 0.425 0.017361111111111112 0.42916666666666664 0.017361111111111112
0 0.47638888888888886 0.96875 0.48055555555555557 0.9722222222222222 0.48055555555555557 0.9809027777777778 0.46944444444444444 0.9930555555555556 0.4597222222222222 0.9930555555555556 0.45694444444444443 0.9895833333333334 0.45694444444444443 0.9791666666666666 0.4597222222222222 0.9739583333333334 0.475 0.9704861111111112
0 0.44583333333333336 0.7239583333333334 0.4486111111111111 0.7395833333333334 0.44722222222222224 0.7447916666666666 0.44166666666666665 0.75 0.4375 0.75 0.43333333333333335 0.7465277777777778 0.43194444444444446 0.7361111111111112 0.4375 0.7256944444444444 0.4444444444444444 0.7239583333333334
0 0.9138888888888889 0.3506944444444444 0.9180555555555555 0.3559027777777778 0.9180555555555555 0.3645833333333333 0.9111111111111111 0.3715277777777778 0.9 0.3697916666666667 0.8972222222222223 0.3680555555555556 0.8972222222222223 0.3628472222222222 0.9055555555555556 0.3524305555555556 0.9125 0.3506944444444444
0 0.75 0.5208333333333334 0.019444444444444445 0.027777777777777776
0 0.725 0.2795138888888889 0.011111111111111112 0.034722222222222224
0 0.5833333333333334 0.4722222222222222 0.5972222222222222 0.484375 0.6 0.4913194444444444 0.5986111111111111 0.4965277777777778 0.5875 0.4965277777777778 0.5833333333333334 0.4930555555555556 0.5777777777777777 0.4809027777777778 0.5777777777777777 0.4756944444444444 0.5819444444444445 0.4722222222222222
0 0.4486111111111111 0.6354166666666666 0.45416666666666666 0.6423611111111112 0.45416666666666666 0.65625 0.4513888888888889 0.6631944444444444 0.44305555555555554 0.6649305555555556 0.44027777777777777 0.6597222222222222 0.44166666666666665 0.6440972222222222 0.44722222222222224 0.6371527777777778
0 0.8819444444444444 0.5381944444444444 0.8847222222222222 0.5434027777777778 0.8847222222222222 0.5503472222222222 0.8791666666666667 0.5572916666666666 0.8666666666666667 0.5625 0.8583333333333333 0.5625 0.8555555555555555 0.5607638888888888 0.8527777777777777 0.5538194444444444 0.8694444444444445 0.5399305555555556 0.8805555555555555 0.5381944444444444
0 0.21944444444444444 0.484375 0.22777777777777777 0.4791666666666667 0.23472222222222222 0.4791666666666667 0.24305555555555555 0.484375 0.24722222222222223 0.4930555555555556 0.24722222222222223 0.5069444444444444 0.24305555555555555 0.5190972222222222 0.2361111111111111 0.5243055555555556 0.22916666666666666 0.5243055555555556 0.2222222222222222 0.5208333333333334 0.21666666666666667 0.5121527777777778 0.21666666666666667 0.4930555555555556 0.21944444444444444 0.4861111111111111
0 0.4652777777777778 0.7100694444444444 0.4708333333333333 0.71875 0.4708333333333333 0.7378472222222222 0.4625 0.7534722222222222 0.45416666666666666 0.7534722222222222 0.4486111111111111 0.7447916666666666 0.44722222222222224 0.7222222222222222 0.4527777777777778 0.7083333333333334 0.4638888888888889 0.7100694444444444
0 0.25416666666666665 0.125 0.25833333333333336 0.1267361111111111 0.25972222222222224 0.13020833333333334 0.25833333333333336 0.1440972222222222 0.25555555555555554 0.14756944444444445 0.25 0.14756944444444445 0.24583333333333332 0.1423611111111111 0.24722222222222223 0.13020833333333334 0.25277777777777777 0.1267361111111111
0 0.4638888888888889 0.026041666666666668 0.46944444444444444 0.03125 0.46944444444444444 0.046875 0.4666666666666667 0.05381944444444445 0.4638888888888889 0.05555555555555555 0.4527777777777778 0.05381944444444445 0.4486111111111111 0.043402777777777776 0.4486111111111111 0.03125 0.4527777777777778 0.026041666666666668 0.4625 0.026041666666666668
0 0.3298611111111111 0.5225694444444444 0.02361111111111111 0.03125
0 0.7888888888888889 0.4869791666666667 0.016666666666666666 0.015625
0 0.8138888888888889 0.8871527777777778 0.8166666666666667 0.890625 0.8166666666666667 0.9027777777777778 0.8125 0.9079861111111112 0.8055555555555556 0.9079861111111112 0.8 0.9010416666666666 0.8027777777777778 0.8888888888888888 0.8125 0.8871527777777778
0 0.7791666666666667 0.3454861111111111 0.7833333333333333 0.3489583333333333 0.7847222222222222 0.3645833333333333 0.7805555555555556 0.3697916666666667 0.7708333333333334 0.3645833333333333 0.7680555555555556 0.3576388888888889 0.7694444444444445 0.3472222222222222 0.7777777777777778 0.3454861111111111
0 0.7930555555555555 0.3680555555555556 0.7958333333333333 0.3888888888888889 0.7902777777777777 0.3940972222222222 0.7833333333333333 0.3940972222222222 0.7791666666666667 0.3888888888888889 0.7791666666666667 0.375 0.7861111111111111 0.3663194444444444 0.7916666666666666 0.3680555555555556
0 0.425 0.7291666666666666 0.4305555555555556 0.734375 0.42916666666666664 0.7430555555555556 0.4263888888888889 0.7447916666666666 0.42083333333333334 0.7430555555555556 0.41944444444444445 0.7326388888888888 0.4236111111111111 0.7309027777777778
0 0.6638888888888889 0.4548611111111111 0.6680555555555555 0.4565972222222222 0.6708333333333333 0.4618055555555556 0.6708333333333333 0.4670138888888889 0.6680555555555555 0.4722222222222222 0.6638888888888889 0.4739583333333333 0.6583333333333333 0.4670138888888889 0.6583333333333333 0.4618055555555556 0.6625 0.4565972222222222
0 0.2361111111111111 0.8871527777777778 0.019444444444444445 0.024305555555555556
0 0.33819444444444446 0.7274305555555556 0.0125 0.024305555555555556
0 0.5902777777777778 0 0.6 0 0.5986111111111111 0.008680555555555556 0.5930555555555556 0.008680555555555556 0.5902777777777778 0.001736111111111111