0 0.40694444444444444 0.4079861111111111 0.425 0.3993055555555556 0.43194444444444446 0.3993055555555556 0.43333333333333335 0.4027777777777778 0.43194444444444446 0.4131944444444444 0.4263888888888889 0.421875 0.4222222222222222 0.4236111111111111 0.4083333333333333 0.421875 0.40555555555555556 0.4166666666666667 0.40694444444444444 0.4097222222222222
0 0.22777777777777777 0.7413194444444444 0.2361111111111111 0.7447916666666666 0.2375 0.7482638888888888 0.2263888888888889 0.7604166666666666 0.21805555555555556 0.7604166666666666 0.21388888888888888 0.7569444444444444 0.2125 0.7517361111111112 0.21666666666666667 0.7413194444444444 0.2263888888888889 0.7413194444444444
0 0.2861111111111111 0.09895833333333333 0.2902777777777778 0.10243055555555555 0.2916666666666667 0.11284722222222222 0.28888888888888886 0.11979166666666667 0.2763888888888889 0.1284722222222222 0.2708333333333333 0.1284722222222222 0.2722222222222222 0.1111111111111111 0.2777777777777778 0.10069444444444445 0.2847222222222222 0.09895833333333333
0 0.5243055555555556 0.7864583333333334 0.020833333333333332 0.024305555555555556
0 0.5902777777777778 0.7899305555555556 0.5958333333333333 0.7951388888888888 0.5986111111111111 0.8020833333333334 0.5972222222222222 0.8090277777777778 0.5944444444444444 0.8107638888888888 0.5833333333333334 0.8107638888888888 0.5791666666666667 0.8038194444444444 0.5791666666666667 0.7934027777777778 0.5819444444444445 0.7899305555555556 0.5888888888888889 0.7899305555555556
0 0.07013888888888889 0.9565972222222222 0.018055555555555554 0.034722222222222224
0 0.6472222222222223 0.5 0.6569444444444444 0.5086805555555556 0.6583333333333333 0.5225694444444444 0.6555555555555556 0.5260416666666666 0.6486111111111111 0.5260416666666666 0.6430555555555556 0.515625 0.6430555555555556 0.5017361111111112 0.6458333333333334 0.5
0 0.6486111111111111 0.008680555555555556 0.6541666666666667 0.010416666666666666 0.6569444444444444 0.017361111111111112 0.6402777777777777 0.03125 0.6333333333333333 0.03125 0.6277777777777778 0.026041666666666668 0.6263888888888889 0.022569444444444444 0.6277777777777778 0.012152777777777778 0.6319444444444444 0.008680555555555556 0.6472222222222223 0.008680555555555556
0 0.7027777777777777 0.4392361111111111 0.7166666666666667 0.4392361111111111 0.725 0.4496527777777778 0.725 0.4600694444444444 0.7166666666666667 0.4618055555555556 0.7083333333333334 0.453125 0.7027777777777777 0.4409722222222222
0 0.12916666666666668 0.140625 0.12777777777777777 0.12152777777777778 0.13333333333333333 0.1111111111111111 0.1375 0.1111111111111111 0.14027777777777778 0.11631944444444445 0.14305555555555555 0.125 0.14305555555555555 0.13541666666666666 0.1361111111111111 0.1423611111111111 0.13055555555555556 0.140625
0 0.6638888888888889 0.5486111111111112 0.6625 0.5329861111111112 0.6666666666666666 0.5260416666666666 0.6736111111111112 0.5260416666666666 0.6763888888888889 0.5295138888888888 0.6777777777777778 0.5434027777777778 0.6722222222222223 0.5503472222222222 0.6652777777777777 0.5486111111111112
0 0.9 0.5364583333333334 0.9069444444444444 0.5434027777777778 0.9097222222222222 0.5503472222222222 0.9097222222222222 0.5625 0.9069444444444444 0.5659722222222222 0.8972222222222223 0.5625 0.8944444444444445 0.5555555555555556 0.8930555555555556 0.5381944444444444 0.8986111111111111 0.5364583333333334
0 0.8638888888888889 0.4461805555555556 0.8763888888888889 0.4565972222222222 0.8777777777777778 0.46875 0.8722222222222222 0.4739583333333333 0.8666666666666667 0.4722222222222222 0.8625 0.4670138888888889 0.8555555555555555 0.4513888888888889 0.8569444444444444 0.4444444444444444 0.8625 0.4461805555555556
0 0.7375 0.2309027777777778 0.7472222222222222 0.2465277777777778 0.7472222222222222 0.2604166666666667 0.7416666666666667 0.2673611111111111 0.7333333333333333 0.2638888888888889 0.7263888888888889 0.2534722222222222 0.7236111111111111 0.24479166666666666 0.7236111111111111 0.2326388888888889 0.7277777777777777 0.22569444444444445 0.7319444444444444 0.22569444444444445 0.7361111111111112 0.2309027777777778
0 0.8847222222222222 0.006944444444444444 0.8916666666666667 0.015625 0.8916666666666667 0.027777777777777776 0.8847222222222222 0.043402777777777776 0.8805555555555555 0.043402777777777776 0.8736111111111111 0.03819444444444445 0.8680555555555556 0.027777777777777776 0.8708333333333333 0.012152777777777778 0.8763888888888889 0.006944444444444444 0.8833333333333333 0.006944444444444444
0 0.825 0.2222222222222222 0.8291666666666667 0.2048611111111111 0.8319444444444445 0.2013888888888889 0.8361111111111111 0.2013888888888889 0.8402777777777778 0.21006944444444445 0.8375 0.22916666666666666 0.8305555555555556 0.2326388888888889 0.8263888888888888 0.22916666666666666 0.8263888888888888 0.22395833333333334
0 0.6756944444444445 0.8394097222222222 0.02638888888888889 0.019097222222222224
0 0.6875 0.4982638888888889 0.6958333333333333 0.5 0.7013888888888888 0.5086805555555556 0.7013888888888888 0.5173611111111112 0.6986111111111111 0.5208333333333334 0.6902777777777778 0.5190972222222222 0.6861111111111111 0.5121527777777778 0.6875 0.5
0 0.8930555555555556 0.9513888888888888 0.8944444444444445 0.953125 0.8930555555555556 0.9774305555555556 0.8916666666666667 0.9826388888888888 0.8847222222222222 0.9895833333333334 0.8763888888888889 0.9878472222222222 0.875 0.9756944444444444 0.8833333333333333 0.9600694444444444 0.8833333333333333 0.9565972222222222 0.8875 0.9513888888888888 0.8916666666666667 0.9513888888888888
0 0.5722222222222222 0.9357638888888888 0.5763888888888888 0.9409722222222222 0.5763888888888888 0.9479166666666666 0.5722222222222222 0.953125 0.5638888888888889 0.9513888888888888 0.5638888888888889 0.9392361111111112 0.5666666666666667 0.9357638888888888 0.5708333333333333 0.9357638888888888
0 0.89375 0.84375 0.029166666666666667 0.04513888888888889
0 0.04236111111111111 0.6137152777777778 0.006944444444444444 0.03298611111111111
0 0.33055555555555555 0.6909722222222222 0.3347222222222222 0.6944444444444444 0.3347222222222222 0.703125 0.33055555555555555 0.7083333333333334 0.325 0.7100694444444444 0.3125 0.703125 0.3138888888888889 0.6979166666666666 0.32222222222222224 0.6927083333333334 0.32916666666666666 0.6927083333333334
0 0.6777777777777778 0.4878472222222222 0.6875 0.4947916666666667 0.6847222222222222 0.5104166666666666 0.6791666666666667 0.5121527777777778 0.6708333333333333 0.5017361111111112 0.6708333333333333 0.4930555555555556 0.6763888888888889 0.4895833333333333
0 0.6361111111111111 0.8229166666666666 0.6444444444444445 0.8333333333333334 0.6444444444444445 0.8402777777777778 0.6361111111111111 0.8420138888888888 0.6333333333333333 0.8385416666666666 0.6319444444444444 0.8263888888888888 0.6347222222222222 0.8246527777777778
0 0.125 0.515625 0.13055555555555556 0.5225694444444444 0.12916666666666668 0.5295138888888888 0.125 0.5329861111111112 0.12083333333333333 0.5329861111111112 0.11805555555555555 0.5295138888888888 0.11805555555555555 0.5208333333333334 0.11944444444444445 0.5173611111111112 0.12361111111111112 0.515625
0 0.7625 0.07118055555555555 0.7680555555555556 0.06944444444444445 0.7736111111111111 0.07465277777777778 0.7722222222222223 0.08680555555555555 0.7652777777777777 0.08854166666666667 0.7611111111111111 0.08159722222222222 0.7625 0.07291666666666667
0 0.7361111111111112 0.4097222222222222 0.7430555555555556 0.4097222222222222 0.7458333333333333 0.4149305555555556 0.7444444444444445 0.4236111111111111 0.7416666666666667 0.4270833333333333 0.7361111111111112 0.4270833333333333 0.7333333333333333 0.4236111111111111 0.7333333333333333 0.4149305555555556 0.7361111111111112 0.4114583333333333