0 0.49444444444444446 0.7491319444444444 0.019444444444444445 0.022569444444444444
0 0.4486111111111111 0.71875 0.45 0.7361111111111112 0.44583333333333336 0.7430555555555556 0.43333333333333335 0.7413194444444444 0.4305555555555556 0.7361111111111112 0.4305555555555556 0.7309027777777778 0.44166666666666665 0.7170138888888888 0.44722222222222224 0.71875
0 0.47638888888888886 0.8958333333333334 0.48333333333333334 0.9045138888888888 0.48055555555555557 0.9131944444444444 0.47638888888888886 0.9184027777777778 0.4652777777777778 0.9184027777777778 0.4625 0.9149305555555556 0.4625 0.9079861111111112 0.4652777777777778 0.9010416666666666 0.4708333333333333 0.8958333333333334 0.475 0.8958333333333334
0 0.7194444444444444 0.21180555555555555 0.7208333333333333 0.2152777777777778 0.7194444444444444 0.2326388888888889 0.7083333333333334 0.24479166666666666 0.7041666666666667 0.24305555555555555 0.7041666666666667 0.2222222222222222 0.7097222222222223 0.21180555555555555 0.7125 0.21006944444444445 0.7180555555555556 0.21180555555555555
0 0.4652777777777778 0.7065972222222222 0.4722222222222222 0.7170138888888888 0.4736111111111111 0.734375 0.4708333333333333 0.7413194444444444 0.4625 0.75 0.45555555555555555 0.75 0.4513888888888889 0.7447916666666666 0.45 0.7326388888888888 0.45416666666666666 0.7083333333333334 0.4583333333333333 0.7048611111111112 0.4638888888888889 0.7065972222222222
0 0.17916666666666667 0.5677083333333334 0.19166666666666668 0.5763888888888888 0.19444444444444445 0.5815972222222222 0.19583333333333333 0.5920138888888888 0.19305555555555556 0.5972222222222222 0.18888888888888888 0.5989583333333334 0.18472222222222223 0.5989583333333334 0.17777777777777778 0.5920138888888888 0.1736111111111111 0.5729166666666666 0.17777777777777778 0.5677083333333334
0 0.45694444444444443 0.625 0.4625 0.6302083333333334 0.4638888888888889 0.6458333333333334 0.4625 0.6510416666666666 0.45555555555555555 0.6597222222222222 0.4486111111111111 0.6579861111111112 0.44583333333333336 0.6458333333333334 0.45 0.6284722222222222 0.45555555555555555 0.625
0 0.7166666666666667 0.9079861111111112 0.019444444444444445 0.027777777777777776
0 0.24166666666666667 0.5972222222222222 0.24722222222222223 0.6006944444444444 0.25277777777777777 0.609375 0.25277777777777777 0.6197916666666666 0.24722222222222223 0.6232638888888888 0.24166666666666667 0.6215277777777778 0.2361111111111111 0.6128472222222222 0.23472222222222222 0.6024305555555556 0.2361111111111111 0.5989583333333334 0.24027777777777778 0.5972222222222222
0 0.8486111111111111 0.2916666666666667 0.8555555555555555 0.2916666666666667 0.8611111111111112 0.3072916666666667 0.8597222222222223 0.3159722222222222 0.8513888888888889 0.3211805555555556 0.8472222222222222 0.3159722222222222 0.8444444444444444 0.3072916666666667 0.8458333333333333 0.296875 0.8486111111111111 0.2934027777777778
0 0.6736111111111112 0.4913194444444444 0.6763888888888889 0.4895833333333333 0.6805555555555556 0.4913194444444444 0.6861111111111111 0.5 0.6861111111111111 0.5121527777777778 0.6819444444444445 0.5190972222222222 0.6763888888888889 0.5208333333333334 0.6708333333333333 0.5086805555555556 0.6736111111111112 0.4930555555555556
0 0.3277777777777778 0.75 0.3333333333333333 0.765625 0.3333333333333333 0.7777777777777778 0.32916666666666666 0.7881944444444444 0.3236111111111111 0.7881944444444444 0.32083333333333336 0.78125 0.3236111111111111 0.7517361111111112 0.3263888888888889 0.75
0 0.49375 0.9661458333333334 0.02638888888888889 0.026041666666666668
0 0.9194444444444444 0.3541666666666667 0.9208333333333333 0.3680555555555556 0.9125 0.375 0.9013888888888889 0.3732638888888889 0.8986111111111111 0.3663194444444444 0.9097222222222222 0.3524305555555556 0.9180555555555555 0.3541666666666667
0 0.24305555555555555 0.171875 0.25277777777777777 0.17708333333333334 0.25833333333333336 0.1840277777777778 0.25555555555555554 0.1892361111111111 0.24861111111111112 0.19270833333333334 0.2361111111111111 0.19270833333333334 0.23333333333333334 0.1892361111111111 0.23333333333333334 0.1753472222222222 0.2375 0.171875 0.24166666666666667 0.171875
0 0.3972222222222222 0.14930555555555555 0.39861111111111114 0.15625 0.38333333333333336 0.1736111111111111 0.37083333333333335 0.1736111111111111 0.3680555555555556 0.1684027777777778 0.37083333333333335 0.1579861111111111 0.37916666666666665 0.15104166666666666 0.3958333333333333 0.14930555555555555
0 0.5861111111111111 0.4652777777777778 0.5930555555555556 0.4704861111111111 0.6013888888888889 0.4861111111111111 0.6027777777777777 0.4913194444444444 0.6013888888888889 0.4947916666666667 0.5902777777777778 0.4947916666666667 0.5805555555555556 0.4861111111111111 0.5791666666666667 0.4704861111111111 0.5805555555555556 0.4670138888888889 0.5847222222222223 0.4652777777777778
0 0.44166666666666665 0.6927083333333334 0.4444444444444444 0.6979166666666666 0.4444444444444444 0.7135416666666666 0.4375 0.7222222222222222 0.43194444444444446 0.7152777777777778 0.43194444444444446 0.703125 0.43472222222222223 0.6961805555555556 0.44027777777777777 0.6927083333333334
0 0.8819444444444444 0.5104166666666666 0.8902777777777777 0.5173611111111112 0.8902777777777777 0.53125 0.8861111111111111 0.5364583333333334 0.875 0.5399305555555556 0.8652777777777778 0.5399305555555556 0.8611111111111112 0.53125 0.8611111111111112 0.5225694444444444 0.8652777777777778 0.5121527777777778 0.8805555555555555 0.5104166666666666
0 0.25972222222222224 0.1232638888888889 0.2625 0.1267361111111111 0.2625 0.1388888888888889 0.25833333333333336 0.14583333333333334 0.25277777777777777 0.14583333333333334 0.25 0.1423611111111111 0.25 0.1284722222222222 0.25416666666666665 0.1232638888888889 0.25833333333333336 0.1232638888888889
0 0.24722222222222223 0.4774305555555556 0.25416666666666665 0.4861111111111111 0.25416666666666665 0.5034722222222222 0.2513888888888889 0.5121527777777778 0.24583333333333332 0.5190972222222222 0.24166666666666667 0.5208333333333334 0.23472222222222222 0.5208333333333334 0.22916666666666666 0.5173611111111112 0.22361111111111112 0.5086805555555556 0.22361111111111112 0.4861111111111111 0.23194444444444445 0.4756944444444444 0.24583333333333332 0.4774305555555556
0 0.8847222222222222 0.5381944444444444 0.8875 0.5434027777777778 0.8861111111111111 0.5520833333333334 0.8819444444444444 0.5572916666666666 0.8694444444444445 0.5625 0.8625 0.5607638888888888 0.8597222222222223 0.5572916666666666 0.8583333333333333 0.5538194444444444 0.8597222222222223 0.546875 0.8638888888888889 0.5416666666666666 0.8833333333333333 0.5381944444444444
0 0.7833333333333333 0.34375 0.7847222222222222 0.3472222222222222 0.7833333333333333 0.3663194444444444 0.775 0.3645833333333333 0.7680555555555556 0.3541666666666667 0.7680555555555556 0.3489583333333333 0.7722222222222223 0.3420138888888889 0.7763888888888889 0.3402777777777778 0.7819444444444444 0.34375
0 0.23055555555555557 0.9930555555555556 0.030555555555555555 0.010416666666666666