0 0.42083333333333334 0.40625 0.4222222222222222 0.4114583333333333 0.41944444444444445 0.4236111111111111 0.41388888888888886 0.4288194444444444 0.4027777777777778 0.4270833333333333 0.4 0.4184027777777778 0.4041666666666667 0.4097222222222222 0.41388888888888886 0.4045138888888889 0.41944444444444445 0.40625
0 0.26805555555555555 0.10243055555555555 0.27361111111111114 0.1111111111111111 0.2722222222222222 0.1232638888888889 0.25555555555555554 0.13541666666666666 0.2513888888888889 0.1267361111111111 0.25416666666666665 0.109375 0.25972222222222224 0.10243055555555555 0.26666666666666666 0.10243055555555555
0 0.6597222222222222 0.5243055555555556 0.6638888888888889 0.5260416666666666 0.6680555555555555 0.5347222222222222 0.6666666666666666 0.5434027777777778 0.6625 0.5503472222222222 0.6541666666666667 0.5486111111111112 0.6513888888888889 0.5416666666666666 0.6527777777777778 0.5295138888888888 0.6541666666666667 0.5260416666666666 0.6583333333333333 0.5243055555555556
0 0.8555555555555555 0.04861111111111111 0.8625 0.05555555555555555 0.8638888888888889 0.0625 0.8638888888888889 0.07291666666666667 0.8583333333333333 0.08506944444444445 0.8513888888888889 0.08506944444444445 0.8402777777777778 0.078125 0.8402777777777778 0.059027777777777776 0.8430555555555556 0.052083333333333336 0.8472222222222222 0.04861111111111111 0.8541666666666666 0.04861111111111111
0 0.05416666666666667 0.8802083333333334 0.06666666666666667 0.8888888888888888 0.07083333333333333 0.8993055555555556 0.07083333333333333 0.9097222222222222 0.06527777777777778 0.9149305555555556 0.05555555555555555 0.9149305555555556 0.04861111111111111 0.9114583333333334 0.043055555555555555 0.9027777777777778 0.044444444444444446 0.8923611111111112 0.05277777777777778 0.8802083333333334
0 0.125 0.12152777777777778 0.13333333333333333 0.13368055555555555 0.13333333333333333 0.14756944444444445 0.12361111111111112 0.15104166666666666 0.11944444444444445 0.14930555555555555 0.11527777777777778 0.140625 0.11666666666666667 0.1267361111111111 0.12361111111111112 0.12152777777777778
0 0.5902777777777778 0.7916666666666666 0.5944444444444444 0.7986111111111112 0.5944444444444444 0.8055555555555556 0.5888888888888889 0.8125 0.5819444444444445 0.8125 0.575 0.8038194444444444 0.575 0.7934027777777778 0.5777777777777777 0.7899305555555556 0.5888888888888889 0.7916666666666666
0 0.6444444444444445 0.8506944444444444 0.65 0.8420138888888888 0.6569444444444444 0.8368055555555556 0.6638888888888889 0.8368055555555556 0.6680555555555555 0.8420138888888888 0.6680555555555555 0.8541666666666666 0.6652777777777777 0.8576388888888888 0.6527777777777778 0.859375 0.6486111111111111 0.8576388888888888 0.6458333333333334 0.8524305555555556
0 0.5277777777777778 0.7760416666666666 0.5305555555555556 0.7829861111111112 0.525 0.8003472222222222 0.5208333333333334 0.8038194444444444 0.5111111111111111 0.8020833333333334 0.5083333333333333 0.796875 0.5083333333333333 0.7916666666666666 0.5125 0.78125 0.5263888888888889 0.7760416666666666
0 0.8819444444444444 0.5381944444444444 0.8875 0.5381944444444444 0.8958333333333334 0.5486111111111112 0.8986111111111111 0.5555555555555556 0.8986111111111111 0.5694444444444444 0.8958333333333334 0.5729166666666666 0.8888888888888888 0.5711805555555556 0.8819444444444444 0.5590277777777778 0.8819444444444444 0.5399305555555556
0 0.1638888888888889 0.6284722222222222 0.17083333333333334 0.6302083333333334 0.18194444444444444 0.6388888888888888 0.18333333333333332 0.6423611111111112 0.18194444444444444 0.6458333333333334 0.1763888888888889 0.6510416666666666 0.15555555555555556 0.6510416666666666 0.1527777777777778 0.6475694444444444 0.15138888888888888 0.640625 0.1527777777777778 0.6336805555555556 0.15555555555555556 0.6302083333333334 0.1625 0.6284722222222222
0 0.7347222222222223 0.22743055555555555 0.7416666666666667 0.2361111111111111 0.7472222222222222 0.2482638888888889 0.7472222222222222 0.2621527777777778 0.7430555555555556 0.2673611111111111 0.7333333333333333 0.2638888888888889 0.725 0.2482638888888889 0.7236111111111111 0.24131944444444445 0.725 0.22916666666666666 0.7277777777777777 0.22569444444444445 0.7333333333333333 0.22743055555555555
0 0.6291666666666667 0.006944444444444444 0.6430555555555556 0.012152777777777778 0.6472222222222223 0.017361111111111112 0.6277777777777778 0.027777777777777776 0.6180555555555556 0.027777777777777776 0.6125 0.022569444444444444 0.6125 0.012152777777777778 0.6166666666666667 0.006944444444444444 0.6194444444444445 0.005208333333333333 0.6277777777777778 0.006944444444444444
0 0.7069444444444445 0.4392361111111111 0.7152777777777778 0.4409722222222222 0.7208333333333333 0.4461805555555556 0.7236111111111111 0.4513888888888889 0.7236111111111111 0.4600694444444444 0.7208333333333333 0.4635416666666667 0.7111111111111111 0.4635416666666667 0.7055555555555556 0.4583333333333333 0.7 0.4444444444444444 0.7013888888888888 0.4392361111111111 0.7055555555555556 0.4392361111111111
0 0.8583333333333333 0.4444444444444444 0.8722222222222222 0.4513888888888889 0.8763888888888889 0.4565972222222222 0.8777777777777778 0.4618055555555556 0.8763888888888889 0.4722222222222222 0.8680555555555556 0.4739583333333333 0.8611111111111112 0.4652777777777778 0.8555555555555555 0.453125 0.8555555555555555 0.4461805555555556 0.8569444444444444 0.4461805555555556
0 0.6777777777777778 0.5 0.6847222222222222 0.5104166666666666 0.6847222222222222 0.5173611111111112 0.6819444444444445 0.5208333333333334 0.6736111111111112 0.5208333333333334 0.6666666666666666 0.515625 0.6569444444444444 0.5138888888888888 0.6527777777777778 0.5069444444444444 0.6513888888888889 0.4947916666666667 0.6541666666666667 0.4913194444444444 0.6638888888888889 0.4913194444444444 0.6763888888888889 0.5
0 0.2263888888888889 0.7465277777777778 0.23055555555555557 0.75 0.23055555555555557 0.7569444444444444 0.21666666666666667 0.7690972222222222 0.20555555555555555 0.7673611111111112 0.20555555555555555 0.7534722222222222 0.20972222222222223 0.7465277777777778 0.21388888888888888 0.7447916666666666 0.225 0.7465277777777778
0 0.8402777777777778 0.08159722222222222 0.8472222222222222 0.08159722222222222 0.8541666666666666 0.09027777777777778 0.8513888888888889 0.10590277777777778 0.8486111111111111 0.109375 0.8430555555555556 0.109375 0.8388888888888889 0.10416666666666667 0.8402777777777778 0.08333333333333333
0 0.5875 0.4479166666666667 0.5916666666666667 0.4496527777777778 0.5986111111111111 0.46875 0.5972222222222222 0.4826388888888889 0.5944444444444444 0.4861111111111111 0.5875 0.4861111111111111 0.5847222222222223 0.4809027777777778 0.5847222222222223 0.4548611111111111 0.5875 0.4496527777777778
0 0.9472222222222222 0.1371527777777778 0.9486111111111111 0.1597222222222222 0.9444444444444444 0.16666666666666666 0.9361111111111111 0.16493055555555555 0.9347222222222222 0.1440972222222222 0.9388888888888889 0.1388888888888889 0.9458333333333333 0.1371527777777778
0 0.8826388888888889 0.8480902777777778 0.029166666666666667 0.043402777777777776
0 0.9423611111111111 0.703125 0.015277777777777777 0.052083333333333336
0 0.8770833333333333 0.9739583333333334 0.020833333333333332 0.041666666666666664
0 0.5666666666666667 0.9357638888888888 0.5708333333333333 0.9340277777777778 0.5763888888888888 0.9409722222222222 0.5763888888888888 0.9496527777777778 0.5736111111111111 0.953125 0.5666666666666667 0.953125 0.5652777777777778 0.9496527777777778 0.5666666666666667 0.9375
0 0.3541666666666667 0.9861111111111112 0.35833333333333334 0.9895833333333334 0.3611111111111111 0.9982638888888888 0.3458333333333333 0.9982638888888888 0.3472222222222222 0.9895833333333334 0.3527777777777778 0.9861111111111112
0 0.35347222222222224 0.9401041666666666 0.018055555555555554 0.03298611111111111
0 0.65 0.5434027777777778 0.6527777777777778 0.5486111111111112 0.6513888888888889 0.5677083333333334 0.6486111111111111 0.578125 0.6416666666666667 0.5850694444444444 0.6375 0.5850694444444444 0.6333333333333333 0.5798611111111112 0.6319444444444444 0.5659722222222222 0.6402777777777777 0.546875 0.6444444444444445 0.5434027777777778 0.6486111111111111 0.5434027777777778