0 0.4236111111111111 0.4027777777777778 0.4263888888888889 0.4079861111111111 0.4263888888888889 0.4131944444444444 0.4236111111111111 0.4201388888888889 0.4166666666666667 0.4270833333333333 0.4083333333333333 0.4270833333333333 0.4013888888888889 0.4236111111111111 0.4013888888888889 0.4149305555555556 0.4041666666666667 0.4079861111111111 0.4097222222222222 0.4045138888888889 0.4222222222222222 0.4027777777777778
0 0.2777777777777778 0.10069444444444445 0.2833333333333333 0.109375 0.2833333333333333 0.11979166666666667 0.28194444444444444 0.1232638888888889 0.2708333333333333 0.13020833333333334 0.2611111111111111 0.1284722222222222 0.2611111111111111 0.11631944444444445 0.26666666666666666 0.10243055555555555 0.2763888888888889 0.10069444444444445
0 0.5847222222222223 0.7864583333333334 0.5944444444444444 0.7916666666666666 0.5972222222222222 0.7986111111111112 0.5986111111111111 0.8055555555555556 0.5958333333333333 0.8107638888888888 0.5916666666666667 0.8125 0.5833333333333334 0.8125 0.5763888888888888 0.8038194444444444 0.5763888888888888 0.7916666666666666 0.5833333333333334 0.7864583333333334
0 0.6652777777777777 0.5243055555555556 0.6708333333333333 0.5277777777777778 0.6722222222222223 0.53125 0.6722222222222223 0.5434027777777778 0.6666666666666666 0.5503472222222222 0.6597222222222222 0.5503472222222222 0.6555555555555556 0.5434027777777778 0.6569444444444444 0.5277777777777778 0.6638888888888889 0.5243055555555556
0 0.5291666666666667 0.7760416666666666 0.5319444444444444 0.7829861111111112 0.5263888888888889 0.7986111111111112 0.5222222222222223 0.8020833333333334 0.5125 0.8003472222222222 0.5111111111111111 0.7847222222222222 0.5208333333333334 0.7760416666666666 0.5277777777777778 0.7760416666666666
0 0.13055555555555556 0.11458333333333333 0.13333333333333333 0.11631944444444445 0.1375 0.1284722222222222 0.1375 0.1423611111111111 0.13055555555555556 0.14930555555555555 0.125 0.14756944444444445 0.12222222222222222 0.1423611111111111 0.12222222222222222 0.11979166666666667 0.12916666666666668 0.11458333333333333
0 0.23055555555555557 0.7447916666666666 0.23333333333333334 0.7517361111111112 0.23194444444444445 0.7552083333333334 0.2263888888888889 0.7621527777777778 0.21944444444444444 0.765625 0.2152777777777778 0.765625 0.20972222222222223 0.7604166666666666 0.2111111111111111 0.7465277777777778 0.2152777777777778 0.7430555555555556 0.22916666666666666 0.7447916666666666
0 0.7027777777777777 0.4340277777777778 0.7125 0.4375 0.7222222222222222 0.4461805555555556 0.725 0.453125 0.725 0.4618055555555556 0.7194444444444444 0.4652777777777778 0.7097222222222223 0.4600694444444444 0.6986111111111111 0.4427083333333333 0.6986111111111111 0.4357638888888889 0.7013888888888888 0.4340277777777778
0 0.6430555555555556 0.010416666666666666 0.6513888888888889 0.013888888888888888 0.6527777777777778 0.015625 0.6513888888888889 0.019097222222222224 0.6291666666666667 0.03125 0.6222222222222222 0.029513888888888888 0.6194444444444445 0.026041666666666668 0.6194444444444445 0.013888888888888888 0.625 0.008680555555555556 0.6416666666666667 0.010416666666666666
0 0.7333333333333333 0.22569444444444445 0.7472222222222222 0.2482638888888889 0.7472222222222222 0.2621527777777778 0.7444444444444445 0.265625 0.7375 0.265625 0.7263888888888889 0.2534722222222222 0.7236111111111111 0.2309027777777778 0.7277777777777777 0.22569444444444445 0.7319444444444444 0.22569444444444445
0 0.9527777777777777 0.6753472222222222 0.9541666666666667 0.6788194444444444 0.9527777777777777 0.7239583333333334 0.9486111111111111 0.71875 0.9458333333333333 0.7048611111111112 0.9472222222222222 0.6840277777777778 0.9513888888888888 0.6770833333333334
0 0.05 0.8368055555555556 0.05416666666666667 0.8472222222222222 0.05416666666666667 0.8524305555555556 0.05138888888888889 0.8559027777777778 0.04027777777777778 0.8541666666666666 0.04027777777777778 0.8350694444444444 0.043055555555555555 0.8333333333333334 0.04861111111111111 0.8368055555555556
0 0.8888888888888888 0.5399305555555556 0.8944444444444445 0.5399305555555556 0.8986111111111111 0.5434027777777778 0.9055555555555556 0.5607638888888888 0.9055555555555556 0.5659722222222222 0.9 0.5711805555555556 0.8930555555555556 0.5677083333333334 0.8875 0.5555555555555556 0.8888888888888888 0.5416666666666666
0 0.6055555555555555 0.46875 0.6083333333333333 0.4704861111111111 0.6138888888888889 0.4826388888888889 0.6152777777777778 0.4982638888888889 0.6083333333333333 0.5034722222222222 0.6013888888888889 0.4982638888888889 0.6013888888888889 0.4722222222222222 0.6041666666666666 0.4704861111111111
0 0.9486111111111111 0.13368055555555555 0.9527777777777777 0.13368055555555555 0.9541666666666667 0.1423611111111111 0.9527777777777777 0.16493055555555555 0.9472222222222222 0.16666666666666666 0.9444444444444444 0.16319444444444445 0.9444444444444444 0.1423611111111111 0.9486111111111111 0.13541666666666666
0 0.0625 0.875 0.075 0.8854166666666666 0.08055555555555556 0.8940972222222222 0.08194444444444444 0.9045138888888888 0.07777777777777778 0.9114583333333334 0.07083333333333333 0.9114583333333334 0.06388888888888888 0.9010416666666666 0.058333333333333334 0.8819444444444444 0.058333333333333334 0.8767361111111112 0.06111111111111111 0.875
0 0.8569444444444444 0.09895833333333333 0.8597222222222223 0.11458333333333333 0.8583333333333333 0.1232638888888889 0.8527777777777777 0.13368055555555555 0.8472222222222222 0.13368055555555555 0.8444444444444444 0.13020833333333334 0.8444444444444444 0.11631944444444445 0.8486111111111111 0.10243055555555555 0.8513888888888889 0.09895833333333333 0.8555555555555555 0.09895833333333333
0 0.8555555555555555 0.4409722222222222 0.8694444444444445 0.4479166666666667 0.8763888888888889 0.4565972222222222 0.8791666666666667 0.4652777777777778 0.875 0.4739583333333333 0.8680555555555556 0.4739583333333333 0.8625 0.46875 0.8472222222222222 0.4427083333333333 0.8486111111111111 0.4392361111111111 0.8541666666666666 0.4409722222222222
0 0.6708333333333333 0.8315972222222222 0.675 0.8333333333333334 0.6777777777777778 0.8385416666666666 0.6777777777777778 0.8472222222222222 0.6708333333333333 0.8559027777777778 0.6569444444444444 0.8541666666666666 0.6513888888888889 0.8489583333333334 0.6513888888888889 0.84375 0.6569444444444444 0.8368055555555556 0.6694444444444444 0.8315972222222222
0 0.8763888888888889 0.026041666666666668 0.8805555555555555 0.027777777777777776 0.8861111111111111 0.036458333333333336 0.8861111111111111 0.05381944444444445 0.8791666666666667 0.06770833333333333 0.8694444444444445 0.0642361111111111 0.8638888888888889 0.05381944444444445 0.8652777777777778 0.03298611111111111 0.8694444444444445 0.027777777777777776 0.875 0.026041666666666668
0 0.10138888888888889 0.6163194444444444 0.12083333333333333 0.6319444444444444 0.11944444444444445 0.6388888888888888 0.10972222222222222 0.6423611111111112 0.09861111111111111 0.640625 0.09444444444444444 0.6371527777777778 0.09444444444444444 0.6197916666666666 0.1 0.6163194444444444
0 0.6763888888888889 0.4913194444444444 0.6916666666666667 0.5086805555555556 0.6930555555555555 0.515625 0.6888888888888889 0.5208333333333334 0.6819444444444445 0.5208333333333334 0.6722222222222223 0.5138888888888888 0.6652777777777777 0.5121527777777778 0.6611111111111111 0.5052083333333334 0.6597222222222222 0.5 0.6611111111111111 0.4913194444444444 0.6638888888888889 0.4895833333333333 0.675 0.4913194444444444
0 0.8972222222222223 0.8229166666666666 0.9013888888888889 0.8298611111111112 0.9013888888888889 0.8541666666666666 0.9 0.8611111111111112 0.8916666666666667 0.8680555555555556 0.8819444444444444 0.8663194444444444 0.875 0.859375 0.8736111111111111 0.8402777777777778 0.875 0.8350694444444444 0.8805555555555555 0.828125 0.8888888888888888 0.8229166666666666 0.8958333333333334 0.8229166666666666
0 0.8833333333333333 0.9548611111111112 0.8875 0.9583333333333334 0.8875 0.9878472222222222 0.8819444444444444 0.9947916666666666 0.8722222222222222 0.9947916666666666 0.8694444444444445 0.9913194444444444 0.8694444444444445 0.9774305555555556 0.875 0.96875 0.8777777777777778 0.9583333333333334 0.8819444444444444 0.9548611111111112