0 0.41388888888888886 0.3993055555555556 0.41805555555555557 0.4045138888888889 0.41805555555555557 0.4131944444444444 0.4152777777777778 0.421875 0.4111111111111111 0.4270833333333333 0.4027777777777778 0.4270833333333333 0.39861111111111114 0.421875 0.4 0.4114583333333333 0.4125 0.4010416666666667
0 0.5263888888888889 0.78125 0.5277777777777778 0.7847222222222222 0.5263888888888889 0.7934027777777778 0.5236111111111111 0.8003472222222222 0.5180555555555556 0.8055555555555556 0.5097222222222222 0.8055555555555556 0.5069444444444444 0.8020833333333334 0.5069444444444444 0.7899305555555556 0.5125 0.7829861111111112 0.5222222222222223 0.7795138888888888 0.525 0.78125
0 0.5888888888888889 0.7934027777777778 0.5916666666666667 0.7986111111111112 0.5916666666666667 0.8090277777777778 0.5875 0.8125 0.5763888888888888 0.8107638888888888 0.5722222222222222 0.8020833333333334 0.5722222222222222 0.7934027777777778 0.575 0.7899305555555556 0.5847222222222223 0.7899305555555556 0.5875 0.7934027777777778
0 0.2611111111111111 0.10590277777777778 0.2652777777777778 0.109375 0.26666666666666666 0.11458333333333333 0.26666666666666666 0.12152777777777778 0.2611111111111111 0.1284722222222222 0.25277777777777777 0.1284722222222222 0.25 0.1232638888888889 0.2513888888888889 0.1111111111111111 0.25555555555555554 0.10590277777777778 0.25972222222222224 0.10590277777777778
0 0.20555555555555555 0.7552083333333334 0.21388888888888888 0.7517361111111112 0.225 0.7569444444444444 0.22083333333333333 0.765625 0.2125 0.7725694444444444 0.20416666666666666 0.7690972222222222 0.20277777777777778 0.7604166666666666 0.20555555555555555 0.7569444444444444
0 0.11944444444444445 0.1232638888888889 0.125 0.13194444444444445 0.12361111111111112 0.14930555555555555 0.11805555555555555 0.1527777777777778 0.11388888888888889 0.14756944444444445 0.1125 0.13368055555555555 0.11388888888888889 0.1284722222222222 0.11805555555555555 0.125
0 0.6277777777777778 0.010416666666666666 0.6347222222222222 0.013888888888888888 0.6361111111111111 0.019097222222222224 0.6166666666666667 0.029513888888888888 0.6097222222222223 0.027777777777777776 0.6069444444444444 0.024305555555555556 0.6055555555555555 0.020833333333333332 0.6069444444444444 0.010416666666666666 0.6111111111111112 0.006944444444444444 0.6208333333333333 0.006944444444444444 0.6263888888888889 0.010416666666666666
0 0.5888888888888889 0.421875 0.5930555555555556 0.4305555555555556 0.5930555555555556 0.4496527777777778 0.5875 0.4548611111111111 0.5833333333333334 0.453125 0.5805555555555556 0.4461805555555556 0.5805555555555556 0.4270833333333333 0.5847222222222223 0.4201388888888889 0.5875 0.421875
0 0.6597222222222222 0.5243055555555556 0.6638888888888889 0.5295138888888888 0.6652777777777777 0.5381944444444444 0.6638888888888889 0.5434027777777778 0.6583333333333333 0.5486111111111112 0.6513888888888889 0.5486111111111112 0.6486111111111111 0.5451388888888888 0.65 0.5277777777777778 0.6541666666666667 0.5243055555555556 0.6583333333333333 0.5243055555555556
0 0.8847222222222222 0.5572916666666666 0.016666666666666666 0.03125
0 0.6972222222222222 0.4392361111111111 0.7138888888888889 0.4409722222222222 0.7222222222222222 0.4513888888888889 0.7222222222222222 0.4583333333333333 0.7194444444444444 0.4618055555555556 0.7166666666666667 0.4635416666666667 0.7111111111111111 0.4618055555555556 0.7055555555555556 0.4565972222222222 0.6972222222222222 0.4409722222222222
0 0.05138888888888889 0.9001736111111112 0.016666666666666666 0.03298611111111111
0 0.9388888888888889 0.1284722222222222 0.9430555555555555 0.1388888888888889 0.9402777777777778 0.1579861111111111 0.9347222222222222 0.16319444444444445 0.9291666666666667 0.15625 0.9291666666666667 0.140625 0.9375 0.13020833333333334
0 0.7354166666666667 0.2421875 0.02361111111111111 0.050347222222222224
0 0.6569444444444444 0.4895833333333333 0.6777777777777778 0.5086805555555556 0.6777777777777778 0.5190972222222222 0.675 0.5208333333333334 0.6527777777777778 0.5138888888888888 0.6472222222222223 0.5086805555555556 0.6458333333333334 0.4947916666666667 0.6513888888888889 0.4895833333333333 0.6555555555555556 0.4895833333333333
0 0.8541666666666666 0.4444444444444444 0.8666666666666667 0.4461805555555556 0.8763888888888889 0.4565972222222222 0.8791666666666667 0.4635416666666667 0.8791666666666667 0.46875 0.875 0.4739583333333333 0.8652777777777778 0.4722222222222222 0.8555555555555555 0.4548611111111111 0.8541666666666666 0.4461805555555556
0 0.9388888888888889 0.6805555555555556 0.9416666666666667 0.6944444444444444 0.9416666666666667 0.7118055555555556 0.9388888888888889 0.7256944444444444 0.9347222222222222 0.7309027777777778 0.9277777777777778 0.7239583333333334 0.9277777777777778 0.6927083333333334 0.9305555555555556 0.6840277777777778 0.9347222222222222 0.6788194444444444 0.9375 0.6805555555555556
0 0.625 0.8524305555555556 0.6361111111111111 0.8489583333333334 0.65 0.8385416666666666 0.6583333333333333 0.8402777777777778 0.6611111111111111 0.8472222222222222 0.6597222222222222 0.8559027777777778 0.6527777777777778 0.8611111111111112 0.6291666666666667 0.859375 0.625 0.8541666666666666
0 0.9472222222222222 0.9340277777777778 0.9486111111111111 0.9496527777777778 0.9430555555555555 0.9565972222222222 0.9291666666666667 0.9618055555555556 0.925 0.9600694444444444 0.9263888888888889 0.9513888888888888 0.9347222222222222 0.9392361111111112 0.9416666666666667 0.9340277777777778 0.9458333333333333 0.9340277777777778
0 0.8847222222222222 0.8246527777777778 0.8902777777777777 0.8315972222222222 0.8916666666666667 0.8559027777777778 0.8902777777777777 0.8611111111111112 0.8833333333333333 0.8680555555555556 0.8722222222222222 0.8663194444444444 0.8652777777777778 0.8559027777777778 0.8652777777777778 0.8402777777777778 0.8680555555555556 0.8350694444444444 0.8791666666666667 0.8246527777777778 0.8833333333333333 0.8246527777777778
0 0.2263888888888889 0.6371527777777778 0.2263888888888889 0.6319444444444444 0.23055555555555557 0.6215277777777778 0.23472222222222222 0.6163194444444444 0.24166666666666667 0.6128472222222222 0.25833333333333336 0.6128472222222222 0.25555555555555554 0.6197916666666666 0.24444444444444444 0.6371527777777778 0.24027777777777778 0.6388888888888888 0.22777777777777777 0.6371527777777778
0 0.8694444444444445 0.9930555555555556 0.8680555555555556 0.9878472222222222 0.8694444444444445 0.9739583333333334 0.8722222222222222 0.9618055555555556 0.8763888888888889 0.9548611111111112 0.8847222222222222 0.9565972222222222 0.8875 0.9809027777777778 0.8819444444444444 0.9930555555555556 0.8777777777777778 0.9947916666666666 0.8708333333333333 0.9930555555555556
0 0.8513888888888889 0.006944444444444444 0.8597222222222223 0.015625 0.8611111111111112 0.020833333333333332 0.8611111111111112 0.03819444444444445 0.8555555555555555 0.043402777777777776 0.8486111111111111 0.036458333333333336 0.8472222222222222 0.029513888888888888 0.8486111111111111 0.010416666666666666 0.8472222222222222 0.008680555555555556 0.85 0.006944444444444444
0 0.32083333333333336 0.6996527777777778 0.019444444444444445 0.013888888888888888
0 0.31805555555555554 0.9548611111111112 0.022222222222222223 0.03125
0 0.85 0.05555555555555555 0.8555555555555555 0.0642361111111111 0.8555555555555555 0.0798611111111111 0.8486111111111111 0.0920138888888889 0.8375 0.08680555555555555 0.8333333333333334 0.0798611111111111 0.8347222222222223 0.06076388888888889 0.8402777777777778 0.05381944444444445 0.8486111111111111 0.05555555555555555
0 0.5722222222222222 0.9357638888888888 0.5763888888888888 0.9409722222222222 0.5763888888888888 0.9479166666666666 0.5722222222222222 0.953125 0.5638888888888889 0.9513888888888888 0.5625 0.9461805555555556 0.5638888888888889 0.9392361111111112 0.5666666666666667 0.9357638888888888 0.5708333333333333 0.9357638888888888
0 0.6423611111111112 0.5633680555555556 0.020833333333333332 0.03993055555555555
0 0.17916666666666667 0.7916666666666666 0.18333333333333332 0.7934027777777778 0.18611111111111112 0.7986111111111112 0.18611111111111112 0.8072916666666666 0.18194444444444444 0.8125 0.175 0.8125 0.17083333333333334 0.8020833333333334 0.17083333333333334 0.7951388888888888 0.1736111111111111 0.7916666666666666 0.17777777777777778 0.7916666666666666
0 0.9027777777777778 0.7239583333333334 0.016666666666666666 0.024305555555555556