0 0.41944444444444445 0.4045138888888889 0.4222222222222222 0.4097222222222222 0.4222222222222222 0.4149305555555556 0.41944444444444445 0.4236111111111111 0.4152777777777778 0.4270833333333333 0.4041666666666667 0.4270833333333333 0.4 0.4166666666666667 0.40555555555555556 0.4079861111111111 0.4111111111111111 0.4045138888888889 0.41805555555555557 0.4045138888888889
0 0.12916666666666668 0.1232638888888889 0.13333333333333333 0.13368055555555555 0.13333333333333333 0.14583333333333334 0.125 0.15104166666666666 0.11805555555555555 0.14756944444444445 0.11527777777777778 0.140625 0.11527777777777778 0.13020833333333334 0.12222222222222222 0.12152777777777778 0.12777777777777777 0.1232638888888889
0 0.2708333333333333 0.10416666666666667 0.275 0.11284722222222222 0.275 0.12152777777777778 0.2722222222222222 0.1267361111111111 0.25972222222222224 0.13368055555555555 0.25555555555555554 0.13368055555555555 0.25277777777777777 0.1284722222222222 0.25416666666666665 0.1111111111111111 0.2611111111111111 0.10243055555555555 0.26944444444444443 0.10416666666666667
0 0.6638888888888889 0.5260416666666666 0.6680555555555555 0.53125 0.6680555555555555 0.5416666666666666 0.6638888888888889 0.5486111111111112 0.6555555555555556 0.5486111111111112 0.6527777777777778 0.5434027777777778 0.6541666666666667 0.5277777777777778 0.6625 0.5260416666666666
0 0.5944444444444444 0.4479166666666667 0.5986111111111111 0.4496527777777778 0.6083333333333333 0.4652777777777778 0.6083333333333333 0.4722222222222222 0.6055555555555555 0.4791666666666667 0.6027777777777777 0.4809027777777778 0.5986111111111111 0.4791666666666667 0.5930555555555556 0.46875 0.5916666666666667 0.4565972222222222 0.5944444444444444 0.4496527777777778
0 0.15694444444444444 0.6006944444444444 0.16527777777777777 0.6059027777777778 0.17222222222222222 0.6145833333333334 0.1736111111111111 0.6232638888888888 0.17083333333333334 0.625 0.1486111111111111 0.6232638888888888 0.14444444444444443 0.6180555555555556 0.14305555555555555 0.6128472222222222 0.14583333333333334 0.6041666666666666 0.15555555555555556 0.6006944444444444
0 0.6986111111111111 0.4375 0.7027777777777777 0.4357638888888889 0.7166666666666667 0.4409722222222222 0.7236111111111111 0.4496527777777778 0.725 0.4548611111111111 0.7236111111111111 0.4600694444444444 0.7194444444444444 0.4635416666666667 0.7111111111111111 0.4618055555555556 0.7027777777777777 0.4513888888888889 0.6986111111111111 0.4392361111111111
0 0.8888888888888888 0.5399305555555556 0.8972222222222223 0.5486111111111112 0.9 0.5590277777777778 0.9 0.5659722222222222 0.8972222222222223 0.5729166666666666 0.8888888888888888 0.5711805555555556 0.8819444444444444 0.5590277777777778 0.8819444444444444 0.5416666666666666 0.8875 0.5399305555555556
0 0.6347222222222222 0.006944444444444444 0.6486111111111111 0.013888888888888888 0.6486111111111111 0.017361111111111112 0.6291666666666667 0.029513888888888888 0.6208333333333333 0.029513888888888888 0.6152777777777778 0.026041666666666668 0.6125 0.022569444444444444 0.6125 0.013888888888888888 0.6194444444444445 0.005208333333333333 0.6333333333333333 0.006944444444444444
0 0.5763888888888888 0.7916666666666666 0.5861111111111111 0.7899305555555556 0.5916666666666667 0.7934027777777778 0.5944444444444444 0.8020833333333334 0.5916666666666667 0.8107638888888888 0.5875 0.8125 0.5791666666666667 0.8107638888888888 0.575 0.8020833333333334 0.5763888888888888 0.7934027777777778
0 0.525 0.7760416666666666 0.5291666666666667 0.7795138888888888 0.5291666666666667 0.7881944444444444 0.5222222222222223 0.8020833333333334 0.5111111111111111 0.8020833333333334 0.5083333333333333 0.796875 0.5083333333333333 0.7916666666666666 0.5138888888888888 0.7795138888888888 0.5236111111111111 0.7760416666666666
0 0.8555555555555555 0.4461805555555556 0.8638888888888889 0.4461805555555556 0.8722222222222222 0.4513888888888889 0.8777777777777778 0.4618055555555556 0.8763888888888889 0.4704861111111111 0.8736111111111111 0.4739583333333333 0.8680555555555556 0.4739583333333333 0.8583333333333333 0.4600694444444444 0.8555555555555555 0.4479166666666667
0 0.7263888888888889 0.22569444444444445 0.7333333333333333 0.22569444444444445 0.7416666666666667 0.2361111111111111 0.7472222222222222 0.2482638888888889 0.7458333333333333 0.2638888888888889 0.7416666666666667 0.2673611111111111 0.7347222222222223 0.2638888888888889 0.7277777777777777 0.2552083333333333 0.7236111111111111 0.24305555555555555 0.7236111111111111 0.234375 0.7263888888888889 0.22743055555555555
0 0.20972222222222223 0.7465277777777778 0.21944444444444444 0.7430555555555556 0.23055555555555557 0.75 0.22916666666666666 0.7586805555555556 0.21805555555555556 0.7673611111111112 0.2111111111111111 0.7673611111111112 0.20694444444444443 0.7604166666666666 0.20694444444444443 0.7534722222222222 0.20972222222222223 0.7482638888888888
0 0.9388888888888889 0.6805555555555556 0.9458333333333333 0.6822916666666666 0.9527777777777777 0.6996527777777778 0.9527777777777777 0.7256944444444444 0.9486111111111111 0.7274305555555556 0.9444444444444444 0.7239583333333334 0.9388888888888889 0.7152777777777778 0.9361111111111111 0.7048611111111112 0.9361111111111111 0.6909722222222222 0.9388888888888889 0.6822916666666666
0 0.05277777777777778 0.8784722222222222 0.06944444444444445 0.8923611111111112 0.07361111111111111 0.9010416666666666 0.07361111111111111 0.9097222222222222 0.06944444444444445 0.9149305555555556 0.06111111111111111 0.9149305555555556 0.05694444444444444 0.9097222222222222 0.05 0.8888888888888888 0.05 0.8802083333333334 0.05138888888888889 0.8802083333333334
0 0.6590277777777778 0.8480902777777778 0.020833333333333332 0.022569444444444444
0 0.9486111111111111 0.13541666666666666 0.95 0.1579861111111111 0.9472222222222222 0.16493055555555555 0.9416666666666667 0.1684027777777778 0.9375 0.16493055555555555 0.9361111111111111 0.1597222222222222 0.9361111111111111 0.14583333333333334 0.9388888888888889 0.1388888888888889 0.9430555555555555 0.13541666666666666 0.9472222222222222 0.13541666666666666
0 0.6666666666666666 0.4913194444444444 0.6777777777777778 0.4982638888888889 0.6861111111111111 0.5069444444444444 0.6875 0.5121527777777778 0.6861111111111111 0.5173611111111112 0.6819444444444445 0.5208333333333334 0.6736111111111112 0.5208333333333334 0.6680555555555555 0.515625 0.6555555555555556 0.5121527777777778 0.6527777777777778 0.5052083333333334 0.6541666666666667 0.4930555555555556 0.6597222222222222 0.4895833333333333 0.6652777777777777 0.4913194444444444
0 0.8611111111111112 0.03819444444444445 0.8666666666666667 0.04861111111111111 0.8666666666666667 0.06597222222222222 0.8625 0.078125 0.8625 0.08854166666666667 0.8569444444444444 0.09027777777777778 0.8486111111111111 0.08333333333333333 0.8444444444444444 0.07291666666666667 0.8430555555555556 0.046875 0.8444444444444444 0.041666666666666664 0.8486111111111111 0.03819444444444445 0.8541666666666666 0.036458333333333336 0.8597222222222223 0.03819444444444445
0 0.8930555555555556 0.8246527777777778 0.8986111111111111 0.8350694444444444 0.8986111111111111 0.8541666666666666 0.8958333333333334 0.8645833333333334 0.8902777777777777 0.8697916666666666 0.8791666666666667 0.8697916666666666 0.8708333333333333 0.8611111111111112 0.8694444444444445 0.8402777777777778 0.8791666666666667 0.828125 0.8847222222222222 0.8246527777777778 0.8916666666666667 0.8246527777777778
0 0.8770833333333333 0.9748263888888888 0.020833333333333332 0.03993055555555555