0 0.4222222222222222 0.4027777777777778 0.425 0.4045138888888889 0.4263888888888889 0.4131944444444444 0.4222222222222222 0.4236111111111111 0.41805555555555557 0.4270833333333333 0.40555555555555556 0.4270833333333333 0.4013888888888889 0.4184027777777778 0.4027777777777778 0.4114583333333333 0.40694444444444444 0.40625 0.42083333333333334 0.4027777777777778
0 0.5902777777777778 0.7881944444444444 0.5958333333333333 0.7934027777777778 0.5986111111111111 0.8038194444444444 0.5986111111111111 0.8072916666666666 0.5916666666666667 0.8125 0.5819444444444445 0.8125 0.5777777777777777 0.8072916666666666 0.5763888888888888 0.8003472222222222 0.5777777777777777 0.7899305555555556 0.5805555555555556 0.7864583333333334 0.5888888888888889 0.7881944444444444
0 0.6638888888888889 0.5243055555555556 0.6680555555555555 0.5260416666666666 0.6736111111111112 0.5329861111111112 0.6722222222222223 0.5451388888888888 0.6680555555555555 0.5503472222222222 0.6597222222222222 0.5503472222222222 0.6569444444444444 0.546875 0.6555555555555556 0.5416666666666666 0.6569444444444444 0.5295138888888888 0.6625 0.5260416666666666
0 0.6986111111111111 0.4357638888888889 0.7125 0.4375 0.7180555555555556 0.4409722222222222 0.725 0.4513888888888889 0.7236111111111111 0.4635416666666667 0.7125 0.4635416666666667 0.7041666666666667 0.4548611111111111 0.6986111111111111 0.4427083333333333 0.6986111111111111 0.4375
0 0.5291666666666667 0.7760416666666666 0.5319444444444444 0.7795138888888888 0.5319444444444444 0.7864583333333334 0.5291666666666667 0.796875 0.5236111111111111 0.8020833333333334 0.5152777777777777 0.8020833333333334 0.5111111111111111 0.796875 0.5111111111111111 0.7864583333333334 0.5152777777777777 0.7795138888888888 0.525 0.7743055555555556 0.5277777777777778 0.7760416666666666
0 0.13333333333333333 0.11631944444444445 0.1388888888888889 0.1232638888888889 0.14027777777777778 0.13368055555555555 0.1388888888888889 0.1423611111111111 0.13333333333333333 0.14930555555555555 0.12777777777777777 0.14930555555555555 0.12222222222222222 0.1423611111111111 0.12222222222222222 0.12152777777777778 0.125 0.11631944444444445 0.12916666666666668 0.11458333333333333 0.13194444444444445 0.11631944444444445
0 0.2777777777777778 0.10069444444444445 0.2847222222222222 0.109375 0.2847222222222222 0.11979166666666667 0.26944444444444443 0.13020833333333334 0.2611111111111111 0.1284722222222222 0.2611111111111111 0.11631944444444445 0.2638888888888889 0.1076388888888889 0.26944444444444443 0.10069444444444445 0.2763888888888889 0.10069444444444445
0 0.225 0.7413194444444444 0.23055555555555557 0.7430555555555556 0.23472222222222222 0.75 0.22916666666666666 0.7586805555555556 0.21666666666666667 0.765625 0.20972222222222223 0.7569444444444444 0.2111111111111111 0.7482638888888888 0.21666666666666667 0.7413194444444444 0.22361111111111112 0.7413194444444444
0 0.06111111111111111 0.8784722222222222 0.06527777777777778 0.8784722222222222 0.075 0.8854166666666666 0.08194444444444444 0.8993055555555556 0.08055555555555556 0.90625 0.0763888888888889 0.9114583333333334 0.06944444444444445 0.9097222222222222 0.0625 0.8975694444444444 0.059722222222222225 0.8854166666666666 0.06111111111111111 0.8802083333333334
0 0.9527777777777777 0.6753472222222222 0.9541666666666667 0.6788194444444444 0.9527777777777777 0.7170138888888888 0.9486111111111111 0.7135416666666666 0.9430555555555555 0.6927083333333334 0.9444444444444444 0.6788194444444444 0.9472222222222222 0.6753472222222222 0.9513888888888888 0.6753472222222222
0 0.6472222222222223 0.012152777777777778 0.6486111111111111 0.017361111111111112 0.6458333333333334 0.020833333333333332 0.6375 0.027777777777777776 0.6263888888888889 0.03125 0.6194444444444445 0.026041666666666668 0.6194444444444445 0.013888888888888888 0.6236111111111111 0.006944444444444444 0.6361111111111111 0.006944444444444444 0.6458333333333334 0.012152777777777778
0 0.1 0.5954861111111112 0.1111111111111111 0.6006944444444444 0.11527777777777778 0.6059027777777778 0.11805555555555555 0.6128472222222222 0.11666666666666667 0.6180555555555556 0.10277777777777777 0.6180555555555556 0.09027777777777778 0.6145833333333334 0.0875 0.6111111111111112 0.0875 0.6006944444444444 0.09027777777777778 0.5972222222222222 0.09861111111111111 0.5954861111111112
0 0.7333333333333333 0.22569444444444445 0.7444444444444445 0.23958333333333334 0.7472222222222222 0.2465277777777778 0.7472222222222222 0.2621527777777778 0.7430555555555556 0.2673611111111111 0.7333333333333333 0.2638888888888889 0.7263888888888889 0.2534722222222222 0.7236111111111111 0.2326388888888889 0.7277777777777777 0.22569444444444445 0.7319444444444444 0.22569444444444445
0 0.6125 0.4704861111111111 0.6194444444444445 0.4756944444444444 0.6222222222222222 0.4826388888888889 0.6222222222222222 0.4965277777777778 0.6194444444444445 0.5017361111111112 0.6152777777777778 0.5034722222222222 0.6097222222222223 0.5017361111111112 0.6069444444444444 0.4947916666666667 0.6069444444444444 0.4756944444444444 0.6111111111111112 0.4704861111111111
0 0.8375 0.109375 0.8416666666666667 0.10590277777777778 0.8458333333333333 0.1076388888888889 0.8444444444444444 0.1284722222222222 0.8388888888888889 0.1388888888888889 0.8347222222222223 0.1388888888888889 0.8319444444444445 0.13541666666666666 0.8319444444444445 0.1232638888888889 0.8375 0.1111111111111111
0 0.9493055555555555 0.14930555555555555 0.009722222222222222 0.03125
0 0.8888888888888888 0.5399305555555556 0.8972222222222223 0.5416666666666666 0.9041666666666667 0.5555555555555556 0.9041666666666667 0.5677083333333334 0.8958333333333334 0.5694444444444444 0.8888888888888888 0.5607638888888888 0.8875 0.5555555555555556 0.8888888888888888 0.5416666666666666
0 0.6736111111111112 0.8315972222222222 0.6777777777777778 0.8368055555555556 0.6777777777777778 0.8472222222222222 0.6736111111111112 0.8541666666666666 0.6694444444444444 0.8559027777777778 0.65 0.8524305555555556 0.6458333333333334 0.8506944444444444 0.6430555555555556 0.8454861111111112 0.6611111111111111 0.8333333333333334 0.6722222222222223 0.8315972222222222
0 0.8847222222222222 0.029513888888888888 0.8888888888888888 0.036458333333333336 0.8888888888888888 0.05381944444444445 0.8875 0.059027777777777776 0.8805555555555555 0.06770833333333333 0.875 0.06770833333333333 0.8680555555555556 0.057291666666666664 0.8666666666666667 0.03993055555555555 0.8708333333333333 0.03125 0.8777777777777778 0.027777777777777776 0.8833333333333333 0.029513888888888888
0 0.8472222222222222 0.4375 0.8513888888888889 0.4375 0.8541666666666666 0.4409722222222222 0.8722222222222222 0.4496527777777778 0.8763888888888889 0.4548611111111111 0.8791666666666667 0.4635416666666667 0.875 0.4739583333333333 0.8652777777777778 0.4722222222222222 0.8472222222222222 0.4427083333333333 0.8472222222222222 0.4392361111111111
0 0.6819444444444445 0.4982638888888889 0.6916666666666667 0.5069444444444444 0.6916666666666667 0.5190972222222222 0.6888888888888889 0.5208333333333334 0.6833333333333333 0.5208333333333334 0.6777777777777778 0.5173611111111112 0.6736111111111112 0.5104166666666666 0.6763888888888889 0.4982638888888889 0.6777777777777778 0.4965277777777778 0.6805555555555556 0.4982638888888889
0 0.8875 0.8454861111111112 0.027777777777777776 0.04513888888888889
0 0.8784722222222222 0.9730902777777778 0.018055555555555554 0.03993055555555555
0 0.04027777777777778 0.8177083333333334 0.043055555555555555 0.8177083333333334 0.04861111111111111 0.828125 0.04861111111111111 0.8385416666666666 0.041666666666666664 0.8420138888888888 0.04027777777777778 0.8194444444444444
0 0.3611111111111111 0.9045138888888888 0.3638888888888889 0.90625 0.36666666666666664 0.9131944444444444 0.3680555555555556 0.9322916666666666 0.3680555555555556 0.9392361111111112 0.3611111111111111 0.9444444444444444 0.35555555555555557 0.9427083333333334 0.35 0.9288194444444444 0.35555555555555557 0.9097222222222222 0.3597222222222222 0.9045138888888888
0 0.65 0.5416666666666666 0.6541666666666667 0.5486111111111112 0.6513888888888889 0.5711805555555556 0.65 0.5763888888888888 0.6430555555555556 0.5833333333333334 0.6347222222222222 0.5815972222222222 0.6319444444444444 0.5659722222222222 0.6361111111111111 0.5520833333333334 0.6430555555555556 0.5434027777777778 0.6486111111111111 0.5416666666666666
0 0.5666666666666667 0.9357638888888888 0.5722222222222222 0.9357638888888888 0.5763888888888888 0.9409722222222222 0.5763888888888888 0.9496527777777778 0.575 0.953125 0.5708333333333333 0.9548611111111112 0.5652777777777778 0.9513888888888888 0.5666666666666667 0.9375
0 0.8708333333333333 0.7986111111111112 0.8763888888888889 0.8038194444444444 0.8763888888888889 0.8125 0.8666666666666667 0.8246527777777778 0.8625 0.8263888888888888 0.8527777777777777 0.8246527777777778 0.8486111111111111 0.8177083333333334 0.8486111111111111 0.8125 0.8513888888888889 0.8055555555555556 0.8555555555555555 0.8020833333333334 0.8638888888888889 0.796875 0.8694444444444445 0.7986111111111112
0 0.3125 0.7065972222222222 0.3111111111111111 0.6996527777777778 0.3138888888888889 0.6961805555555556 0.3263888888888889 0.6909722222222222 0.33055555555555555 0.6927083333333334 0.33055555555555555 0.703125 0.3236111111111111 0.7083333333333334 0.3138888888888889 0.7065972222222222
0 0.7263888888888889 0.4079861111111111 0.7305555555555555 0.4097222222222222 0.7333333333333333 0.4149305555555556 0.7319444444444444 0.4288194444444444 0.7263888888888889 0.4322916666666667 0.7222222222222222 0.4270833333333333 0.7208333333333333 0.4184027777777778 0.7222222222222222 0.4114583333333333 0.725 0.4097222222222222
0 0.125 0.5243055555555556 0.011111111111111112 0.020833333333333332