0 0.6958333333333333 0.22743055555555555 0.7013888888888888 0.234375 0.7055555555555556 0.24479166666666666 0.7055555555555556 0.2569444444444444 0.7027777777777777 0.2604166666666667 0.6944444444444444 0.2569444444444444 0.6888888888888889 0.2482638888888889 0.6875 0.24131944444444445 0.6888888888888889 0.22916666666666666 0.6944444444444444 0.22743055555555555
0 0.47291666666666665 0.9088541666666666 0.020833333333333332 0.022569444444444444
0 0.48819444444444443 0.9704861111111112 0.02361111111111111 0.024305555555555556
0 0.9138888888888889 0.3524305555555556 0.9194444444444444 0.3576388888888889 0.9208333333333333 0.3645833333333333 0.9152777777777777 0.3732638888888889 0.9097222222222222 0.375 0.9013888888888889 0.3732638888888889 0.8986111111111111 0.3697916666666667 0.8986111111111111 0.3628472222222222 0.9027777777777778 0.3559027777777778 0.9125 0.3524305555555556
0 0.8527777777777777 0.2916666666666667 0.8597222222222223 0.2986111111111111 0.8611111111111112 0.3038194444444444 0.8611111111111112 0.3107638888888889 0.8583333333333333 0.3177083333333333 0.8527777777777777 0.3211805555555556 0.8486111111111111 0.3194444444444444 0.8444444444444444 0.3125 0.8444444444444444 0.2986111111111111 0.8472222222222222 0.2934027777777778 0.8513888888888889 0.2916666666666667
0 0.24027777777777778 0.5989583333333334 0.24722222222222223 0.6059027777777778 0.24861111111111112 0.6111111111111112 0.24722222222222223 0.6215277777777778 0.24305555555555555 0.6232638888888888 0.23472222222222222 0.6197916666666666 0.23194444444444445 0.6128472222222222 0.23194444444444445 0.6024305555555556 0.23472222222222222 0.5989583333333334 0.2388888888888889 0.5989583333333334
0 0.5888888888888889 0.4670138888888889 0.5972222222222222 0.4774305555555556 0.6013888888888889 0.4878472222222222 0.6 0.4947916666666667 0.5916666666666667 0.4947916666666667 0.5819444444444445 0.4878472222222222 0.5791666666666667 0.46875 0.5819444444444445 0.4652777777777778 0.5875 0.4670138888888889
0 0.6770833333333334 0.5269097222222222 0.018055555555555554 0.029513888888888888
0 0.7180555555555556 0.8940972222222222 0.725 0.9045138888888888 0.725 0.9184027777777778 0.7208333333333333 0.921875 0.7138888888888889 0.9201388888888888 0.7069444444444445 0.9097222222222222 0.7069444444444445 0.8993055555555556 0.7125 0.8940972222222222 0.7166666666666667 0.8940972222222222
0 0.1625 0.5746527777777778 0.16666666666666666 0.5729166666666666 0.17916666666666667 0.5763888888888888 0.18472222222222223 0.5833333333333334 0.18611111111111112 0.5885416666666666 0.18611111111111112 0.59375 0.18194444444444444 0.6006944444444444 0.17777777777777778 0.6024305555555556 0.1736111111111111 0.6006944444444444 0.1638888888888889 0.5902777777777778 0.16111111111111112 0.5815972222222222 0.1625 0.5763888888888888
0 0.5 0.7378472222222222 0.5055555555555555 0.7447916666666666 0.5 0.7569444444444444 0.49444444444444446 0.7621527777777778 0.4888888888888889 0.7621527777777778 0.48333333333333334 0.7586805555555556 0.48333333333333334 0.7517361111111112 0.49166666666666664 0.7413194444444444 0.4986111111111111 0.7378472222222222
0 0.2569444444444444 0.1857638888888889 0.2611111111111111 0.1909722222222222 0.2611111111111111 0.2013888888888889 0.2569444444444444 0.2152777777777778 0.25277777777777777 0.21875 0.24444444444444444 0.21875 0.24305555555555555 0.203125 0.24583333333333332 0.19444444444444445 0.25555555555555554 0.1857638888888889
0 0.45069444444444445 0.6727430555555556 0.020833333333333332 0.022569444444444444
0 0.4638888888888889 0.7065972222222222 0.4708333333333333 0.7118055555555556 0.4722222222222222 0.7170138888888888 0.4722222222222222 0.7378472222222222 0.4638888888888889 0.75 0.45416666666666666 0.75 0.4486111111111111 0.7413194444444444 0.45 0.7135416666666666 0.45555555555555555 0.7065972222222222 0.4625 0.7065972222222222
0 0.3236111111111111 0.7569444444444444 0.33055555555555555 0.7690972222222222 0.33055555555555555 0.78125 0.3277777777777778 0.7881944444444444 0.325 0.7916666666666666 0.32083333333333336 0.7916666666666666 0.31666666666666665 0.7864583333333334 0.31527777777777777 0.7777777777777778 0.31666666666666665 0.7673611111111112 0.3194444444444444 0.7604166666666666 0.32222222222222224 0.7586805555555556
0 0.45555555555555555 0.6449652777777778 0.016666666666666666 0.03298611111111111
0 0.25 0.125 0.25972222222222224 0.1232638888888889 0.2625 0.1267361111111111 0.2611111111111111 0.1423611111111111 0.25555555555555554 0.14756944444444445 0.2513888888888889 0.14756944444444445 0.24722222222222223 0.1423611111111111 0.24722222222222223 0.13194444444444445 0.25 0.1267361111111111
0 0.24444444444444444 0.4774305555555556 0.25277777777777777 0.4861111111111111 0.25416666666666665 0.4913194444444444 0.25277777777777777 0.5052083333333334 0.24861111111111112 0.515625 0.2375 0.5225694444444444 0.225 0.515625 0.2222222222222222 0.5069444444444444 0.2222222222222222 0.4895833333333333 0.22361111111111112 0.484375 0.22916666666666666 0.4774305555555556 0.23472222222222222 0.4756944444444444 0.24305555555555555 0.4774305555555556
0 0.43819444444444444 0.7291666666666666 0.020833333333333332 0.027777777777777776
0 0.4041666666666667 0.1527777777777778 0.40694444444444444 0.15104166666666666 0.4111111111111111 0.1527777777777778 0.41944444444444445 0.16666666666666666 0.41805555555555557 0.1840277777777778 0.4125 0.1875 0.40694444444444444 0.1857638888888889 0.4013888888888889 0.1736111111111111 0.4041666666666667 0.1545138888888889
0 0.8791666666666667 0.5121527777777778 0.8875 0.5225694444444444 0.8861111111111111 0.5520833333333334 0.8819444444444444 0.5572916666666666 0.8708333333333333 0.5625 0.8625 0.5625 0.8583333333333333 0.5538194444444444 0.8597222222222223 0.5434027777777778 0.8583333333333333 0.5208333333333334 0.8652777777777778 0.5121527777777778 0.8777777777777778 0.5121527777777778
0 0.23333333333333334 0.9878472222222222 0.2388888888888889 0.9895833333333334 0.24166666666666667 0.9930555555555556 0.24166666666666667 0.9982638888888888 0.2111111111111111 0.9982638888888888 0.20972222222222223 0.9930555555555556 0.21388888888888888 0.9878472222222222 0.21944444444444444 0.9895833333333334 0.23194444444444445 0.9878472222222222