0 0.4236111111111111 0.4027777777777778 0.4263888888888889 0.40625 0.4263888888888889 0.4131944444444444 0.4222222222222222 0.4236111111111111 0.41805555555555557 0.4270833333333333 0.40555555555555556 0.4270833333333333 0.4013888888888889 0.4184027777777778 0.4027777777777778 0.4114583333333333 0.40694444444444444 0.40625 0.4222222222222222 0.4027777777777778
0 0.5916666666666667 0.7899305555555556 0.5958333333333333 0.7951388888888888 0.5972222222222222 0.8090277777777778 0.5888888888888889 0.8125 0.5805555555555556 0.8107638888888888 0.575 0.796875 0.5791666666666667 0.7881944444444444 0.5902777777777778 0.7899305555555556
0 0.6652777777777777 0.5243055555555556 0.6722222222222223 0.53125 0.6722222222222223 0.5434027777777778 0.6666666666666666 0.5503472222222222 0.6597222222222222 0.5503472222222222 0.6555555555555556 0.5434027777777778 0.6569444444444444 0.5295138888888888 0.6638888888888889 0.5243055555555556
0 0.2722222222222222 0.09895833333333333 0.2777777777777778 0.10069444444444445 0.28194444444444444 0.10590277777777778 0.2833333333333333 0.109375 0.28194444444444444 0.1232638888888889 0.26944444444444443 0.13020833333333334 0.2611111111111111 0.1284722222222222 0.2625 0.1111111111111111 0.2652777777777778 0.10416666666666667 0.2708333333333333 0.10069444444444445
0 0.5291666666666667 0.7760416666666666 0.5319444444444444 0.7795138888888888 0.5319444444444444 0.7847222222222222 0.5263888888888889 0.7986111111111112 0.5222222222222223 0.8020833333333334 0.5125 0.8003472222222222 0.5111111111111111 0.7847222222222222 0.5208333333333334 0.7760416666666666 0.5277777777777778 0.7760416666666666
0 0.13125 0.13194444444444445 0.018055555555555554 0.034722222222222224
0 0.6986111111111111 0.4357638888888889 0.7069444444444445 0.4357638888888889 0.7180555555555556 0.4409722222222222 0.725 0.453125 0.7236111111111111 0.4618055555555556 0.7152777777777778 0.4635416666666667 0.7027777777777777 0.4513888888888889 0.6986111111111111 0.4427083333333333 0.6986111111111111 0.4375
0 0.23055555555555557 0.7447916666666666 0.23194444444444445 0.7552083333333334 0.22777777777777777 0.7604166666666666 0.21805555555555556 0.765625 0.2125 0.7638888888888888 0.20972222222222223 0.7586805555555556 0.2111111111111111 0.7465277777777778 0.2152777777777778 0.7430555555555556 0.22916666666666666 0.7447916666666666
0 0.6361111111111111 0.019965277777777776 0.03333333333333333 0.022569444444444444
0 0.8472222222222222 0.11458333333333333 0.016666666666666666 0.027777777777777776
0 0.95 0.6961805555555556 0.008333333333333333 0.041666666666666664
0 0.7333333333333333 0.22569444444444445 0.7472222222222222 0.2482638888888889 0.7472222222222222 0.2621527777777778 0.7444444444444445 0.265625 0.7375 0.265625 0.7263888888888889 0.2517361111111111 0.7236111111111111 0.2326388888888889 0.7277777777777777 0.22569444444444445 0.7319444444444444 0.22569444444444445
0 0.8902777777777777 0.5381944444444444 0.8972222222222223 0.5416666666666666 0.9027777777777778 0.5503472222222222 0.9055555555555556 0.5607638888888888 0.9041666666666667 0.5677083333333334 0.9 0.5711805555555556 0.8958333333333334 0.5694444444444444 0.8888888888888888 0.5607638888888888 0.8875 0.5555555555555556 0.8888888888888888 0.5399305555555556
0 0.6152777777777778 0.4739583333333333 0.6208333333333333 0.4826388888888889 0.6208333333333333 0.4913194444444444 0.6152777777777778 0.4982638888888889 0.6097222222222223 0.4965277777777778 0.6041666666666666 0.4895833333333333 0.6041666666666666 0.4739583333333333 0.6069444444444444 0.4704861111111111 0.6111111111111112 0.4704861111111111 0.6138888888888889 0.4739583333333333
0 0.9493055555555555 0.15104166666666666 0.009722222222222222 0.03125
0 0.8638888888888889 0.4444444444444444 0.8694444444444445 0.4479166666666667 0.8777777777777778 0.4600694444444444 0.8777777777777778 0.4704861111111111 0.875 0.4739583333333333 0.8680555555555556 0.4739583333333333 0.8638888888888889 0.4704861111111111 0.8569444444444444 0.4565972222222222 0.8486111111111111 0.4461805555555556 0.8472222222222222 0.4427083333333333 0.8486111111111111 0.4392361111111111 0.8625 0.4444444444444444
0 0.04027777777777778 0.8229166666666666 0.044444444444444446 0.8229166666666666 0.05 0.8298611111111112 0.05416666666666667 0.8402777777777778 0.05277777777777778 0.8472222222222222 0.04027777777777778 0.8489583333333334 0.04027777777777778 0.8246527777777778
0 0.6708333333333333 0.8315972222222222 0.675 0.8333333333333334 0.6777777777777778 0.8385416666666666 0.6777777777777778 0.8472222222222222 0.6736111111111112 0.8541666666666666 0.6583333333333333 0.8541666666666666 0.6472222222222223 0.8472222222222222 0.65 0.8420138888888888 0.6569444444444444 0.8368055555555556 0.6694444444444444 0.8315972222222222
0 0.10138888888888889 0.5989583333333334 0.10833333333333334 0.6041666666666666 0.11388888888888889 0.6180555555555556 0.11527777777777778 0.6302083333333334 0.1125 0.6336805555555556 0.10694444444444444 0.6336805555555556 0.10138888888888889 0.6302083333333334 0.09444444444444444 0.6197916666666666 0.09444444444444444 0.6041666666666666 0.1 0.6006944444444444
0 0.6736111111111112 0.4895833333333333 0.6902777777777778 0.5052083333333334 0.6930555555555555 0.515625 0.6888888888888889 0.5208333333333334 0.6819444444444445 0.5208333333333334 0.6736111111111112 0.5138888888888888 0.6666666666666666 0.5121527777777778 0.6625 0.5069444444444444 0.6597222222222222 0.5 0.6597222222222222 0.4913194444444444 0.6666666666666666 0.4878472222222222 0.6722222222222223 0.4895833333333333
0 0.0625 0.8732638888888888 0.06944444444444445 0.8784722222222222 0.08055555555555556 0.8940972222222222 0.08194444444444444 0.9010416666666666 0.08055555555555556 0.90625 0.075 0.9114583333333334 0.06944444444444445 0.9097222222222222 0.06388888888888888 0.9010416666666666 0.058333333333333334 0.8819444444444444 0.058333333333333334 0.875 0.06111111111111111 0.8732638888888888
0 0.8972222222222223 0.8229166666666666 0.9013888888888889 0.8298611111111112 0.9013888888888889 0.8524305555555556 0.8986111111111111 0.8628472222222222 0.8902777777777777 0.8680555555555556 0.8819444444444444 0.8663194444444444 0.875 0.859375 0.8736111111111111 0.8420138888888888 0.8791666666666667 0.8298611111111112 0.8888888888888888 0.8229166666666666 0.8958333333333334 0.8229166666666666
0 0.8805555555555555 0.029513888888888888 0.8875 0.03819444444444445 0.8875 0.05381944444444445 0.8847222222222222 0.0625 0.8777777777777778 0.06944444444444445 0.8722222222222222 0.06770833333333333 0.8666666666666667 0.06076388888888889 0.8652777777777778 0.03819444444444445 0.8694444444444445 0.03125 0.8791666666666667 0.029513888888888888
0 0.8833333333333333 0.9513888888888888 0.8888888888888888 0.9583333333333334 0.8861111111111111 0.9913194444444444 0.8819444444444444 0.9947916666666666 0.8722222222222222 0.9947916666666666 0.8694444444444445 0.9913194444444444 0.8694444444444445 0.9791666666666666 0.8763888888888889 0.9670138888888888 0.8777777777777778 0.9548611111111112 0.8819444444444444 0.953125
0 0.6486111111111111 0.5416666666666666 0.6541666666666667 0.546875 0.6513888888888889 0.5711805555555556 0.65 0.5763888888888888 0.6416666666666667 0.5833333333333334 0.6375 0.5833333333333334 0.6333333333333333 0.578125 0.6319444444444444 0.5677083333333334 0.6347222222222222 0.5555555555555556 0.6430555555555556 0.5434027777777778 0.6472222222222223 0.5416666666666666
0 0.32916666666666666 0.6927083333333334 0.33055555555555555 0.7013888888888888 0.3263888888888889 0.7065972222222222 0.3194444444444444 0.7100694444444444 0.3138888888888889 0.7083333333333334 0.3111111111111111 0.6996527777777778 0.31666666666666665 0.6944444444444444 0.3277777777777778 0.6927083333333334
0 0.5666666666666667 0.9357638888888888 0.5708333333333333 0.9340277777777778 0.5763888888888888 0.9392361111111112 0.5763888888888888 0.9496527777777778 0.5736111111111111 0.953125 0.5666666666666667 0.953125 0.5652777777777778 0.9513888888888888 0.5666666666666667 0.9375
0 0.8736111111111111 0.8003472222222222 0.8763888888888889 0.8055555555555556 0.8763888888888889 0.8142361111111112 0.8652777777777778 0.8263888888888888 0.85 0.8229166666666666 0.8486111111111111 0.8125 0.8513888888888889 0.8055555555555556 0.8611111111111112 0.7986111111111112 0.8722222222222222 0.8003472222222222