0 0.27569444444444446 0.11458333333333333 0.02361111111111111 0.03125
0 0.5888888888888889 0.7881944444444444 0.5930555555555556 0.7899305555555556 0.5986111111111111 0.7986111111111112 0.5986111111111111 0.8090277777777778 0.5902777777777778 0.8125 0.5819444444444445 0.8107638888888888 0.5777777777777777 0.8038194444444444 0.5777777777777777 0.7916666666666666 0.5805555555555556 0.7881944444444444 0.5875 0.7881944444444444
0 0.6694444444444444 0.5260416666666666 0.675 0.53125 0.675 0.5434027777777778 0.6722222222222223 0.5486111111111112 0.6652777777777777 0.5520833333333334 0.6597222222222222 0.5503472222222222 0.6583333333333333 0.546875 0.6583333333333333 0.53125 0.6611111111111111 0.5260416666666666 0.6680555555555555 0.5260416666666666
0 0.13333333333333333 0.13020833333333334 0.019444444444444445 0.034722222222222224
0 0.5305555555555556 0.7725694444444444 0.5333333333333333 0.7760416666666666 0.5333333333333333 0.7881944444444444 0.5291666666666667 0.7986111111111112 0.525 0.8020833333333334 0.5152777777777777 0.8020833333333334 0.5111111111111111 0.796875 0.5111111111111111 0.7847222222222222 0.5152777777777777 0.7777777777777778 0.5291666666666667 0.7725694444444444
0 0.4236111111111111 0.4010416666666667 0.42777777777777776 0.4045138888888889 0.42777777777777776 0.4131944444444444 0.425 0.4201388888888889 0.41805555555555557 0.4270833333333333 0.40694444444444444 0.4270833333333333 0.4027777777777778 0.421875 0.4027777777777778 0.4131944444444444 0.4111111111111111 0.4027777777777778 0.4222222222222222 0.4010416666666667
0 0.07361111111111111 0.9010416666666666 0.07777777777777778 0.9079861111111112 0.0763888888888889 0.9201388888888888 0.06805555555555555 0.9270833333333334 0.059722222222222225 0.9253472222222222 0.05694444444444444 0.9166666666666666 0.06388888888888888 0.9010416666666666 0.06666666666666667 0.8993055555555556 0.07222222222222222 0.9010416666666666
0 0.625 0.4947916666666667 0.6305555555555555 0.5052083333333334 0.6305555555555555 0.5190972222222222 0.6263888888888889 0.5260416666666666 0.6208333333333333 0.5243055555555556 0.6166666666666667 0.5138888888888888 0.6166666666666667 0.5 0.6208333333333333 0.4930555555555556 0.6236111111111111 0.4947916666666667
0 0.7354166666666667 0.2465277777777778 0.02361111111111111 0.041666666666666664
0 0.7083333333333334 0.4357638888888889 0.7180555555555556 0.4409722222222222 0.7236111111111111 0.4513888888888889 0.7222222222222222 0.4600694444444444 0.7180555555555556 0.4635416666666667 0.7097222222222223 0.4600694444444444 0.7013888888888888 0.4496527777777778 0.6986111111111111 0.4375 0.7069444444444445 0.4357638888888889
0 0.07222222222222222 0.5989583333333334 0.07777777777777778 0.6041666666666666 0.07777777777777778 0.609375 0.0763888888888889 0.6128472222222222 0.06388888888888888 0.6197916666666666 0.05416666666666667 0.6197916666666666 0.05 0.6128472222222222 0.05 0.6041666666666666 0.05416666666666667 0.5972222222222222 0.07083333333333333 0.5989583333333334
0 0.9527777777777777 0.6701388888888888 0.9541666666666667 0.671875 0.9527777777777777 0.7013888888888888 0.9486111111111111 0.6996527777777778 0.9444444444444444 0.6892361111111112 0.9444444444444444 0.6736111111111112 0.9472222222222222 0.6701388888888888 0.9513888888888888 0.6701388888888888
0 0.8902777777777777 0.5364583333333334 0.8972222222222223 0.5399305555555556 0.9027777777777778 0.5486111111111112 0.9055555555555556 0.5659722222222222 0.9013888888888889 0.5694444444444444 0.8930555555555556 0.5659722222222222 0.8888888888888888 0.5555555555555556 0.8875 0.5434027777777778 0.8888888888888888 0.5381944444444444
0 0.8652777777777778 0.4461805555555556 0.8736111111111111 0.4513888888888889 0.8777777777777778 0.4583333333333333 0.8777777777777778 0.4704861111111111 0.875 0.4739583333333333 0.8652777777777778 0.4722222222222222 0.8583333333333333 0.4618055555555556 0.8527777777777777 0.4479166666666667 0.8541666666666666 0.4427083333333333 0.8638888888888889 0.4461805555555556
0 0.22291666666666668 0.7526041666666666 0.02361111111111111 0.022569444444444444
0 0.9527777777777777 0.13541666666666666 0.9541666666666667 0.1423611111111111 0.9527777777777777 0.16666666666666666 0.9486111111111111 0.16666666666666666 0.9458333333333333 0.16145833333333334 0.9458333333333333 0.14756944444444445 0.9513888888888888 0.1371527777777778
0 0.6791666666666667 0.8315972222222222 0.6819444444444445 0.8350694444444444 0.6833333333333333 0.84375 0.6819444444444445 0.8489583333333334 0.6763888888888889 0.8541666666666666 0.65 0.8524305555555556 0.6430555555555556 0.8454861111111112 0.6472222222222223 0.8402777777777778 0.6541666666666667 0.8402777777777778 0.6708333333333333 0.8315972222222222 0.6777777777777778 0.8315972222222222
0 0.8763888888888889 0.015625 0.8805555555555555 0.020833333333333332 0.8819444444444444 0.034722222222222224 0.8777777777777778 0.046875 0.8722222222222222 0.05381944444444445 0.8611111111111112 0.046875 0.8583333333333333 0.03993055555555555 0.8583333333333333 0.024305555555555556 0.8666666666666667 0.013888888888888888 0.875 0.015625
0 0.8972222222222223 0.8211805555555556 0.9013888888888889 0.8246527777777778 0.9041666666666667 0.8315972222222222 0.9027777777777778 0.8576388888888888 0.8972222222222223 0.8663194444444444 0.8916666666666667 0.8680555555555556 0.8833333333333333 0.8663194444444444 0.8791666666666667 0.8628472222222222 0.875 0.8541666666666666 0.875 0.8420138888888888 0.8805555555555555 0.8298611111111112 0.8958333333333334 0.8211805555555556
0 0.6791666666666667 0.4913194444444444 0.6888888888888889 0.5 0.6944444444444444 0.5086805555555556 0.6958333333333333 0.5173611111111112 0.6930555555555555 0.5208333333333334 0.6819444444444445 0.5190972222222222 0.675 0.5121527777777778 0.6680555555555555 0.5104166666666666 0.6638888888888889 0.5052083333333334 0.6625 0.4947916666666667 0.6666666666666666 0.4895833333333333 0.6777777777777778 0.4913194444444444
0 0.8861111111111111 0.9548611111111112 0.8902777777777777 0.9600694444444444 0.8902777777777777 0.984375 0.8833333333333333 0.9913194444444444 0.8736111111111111 0.9913194444444444 0.8708333333333333 0.9861111111111112 0.8708333333333333 0.9809027777777778 0.8722222222222222 0.9722222222222222 0.8777777777777778 0.9600694444444444 0.8847222222222222 0.9548611111111112
0 0.8555555555555555 0.14756944444444445 0.8583333333333333 0.15104166666666666 0.8583333333333333 0.16145833333333334 0.8555555555555555 0.171875 0.8486111111111111 0.17708333333333334 0.8388888888888889 0.1736111111111111 0.8388888888888889 0.16145833333333334 0.8444444444444444 0.14930555555555555 0.8513888888888889 0.14583333333333334 0.8541666666666666 0.14756944444444445
0 0.625 0.006944444444444444 0.6472222222222223 0.008680555555555556 0.6527777777777778 0.010416666666666666 0.6569444444444444 0.015625 0.6527777777777778 0.022569444444444444 0.6458333333333334 0.027777777777777776 0.6333333333333333 0.03298611111111111 0.6263888888888889 0.03125 0.6236111111111111 0.027777777777777776 0.6222222222222222 0.012152777777777778 0.625 0.008680555555555556
0 0.8708333333333333 0.7934027777777778 0.8777777777777778 0.7986111111111112 0.8805555555555555 0.8107638888888888 0.8680555555555556 0.8229166666666666 0.8513888888888889 0.8211805555555556 0.8513888888888889 0.8090277777777778 0.8597222222222223 0.7986111111111112 0.8694444444444445 0.7934027777777778
0 0.65 0.5416666666666666 0.6541666666666667 0.546875 0.6527777777777778 0.5659722222222222 0.65 0.5763888888888888 0.6430555555555556 0.5833333333333334 0.6361111111111111 0.5833333333333334 0.6319444444444444 0.5694444444444444 0.6333333333333333 0.5607638888888888 0.6388888888888888 0.5486111111111112 0.6430555555555556 0.5434027777777778 0.6486111111111111 0.5416666666666666
0 0.5715277777777777 0.9435763888888888 0.0125 0.019097222222222224
0 0.33055555555555555 0.6927083333333334 0.33194444444444443 0.7048611111111112 0.3277777777777778 0.7100694444444444 0.3138888888888889 0.7065972222222222 0.3111111111111111 0.6996527777777778 0.32222222222222224 0.6927083333333334 0.32916666666666666 0.6927083333333334
0 0.6111111111111112 0.4201388888888889 0.6166666666666667 0.4270833333333333 0.6166666666666667 0.4392361111111111 0.6138888888888889 0.4427083333333333 0.6083333333333333 0.4427083333333333 0.6041666666666666 0.4375 0.6027777777777777 0.4305555555555556 0.6041666666666666 0.4236111111111111 0.6097222222222223 0.4201388888888889
0 0.35555555555555557 0.9010416666666666 0.3625 0.9114583333333334 0.36527777777777776 0.9201388888888888 0.3638888888888889 0.9322916666666666 0.35694444444444445 0.9375 0.3527777777777778 0.9375 0.3486111111111111 0.9322916666666666 0.3458333333333333 0.921875 0.3486111111111111 0.9079861111111112 0.3541666666666667 0.9010416666666666
0 0.8659722222222223 0.1232638888888889 0.015277777777777777 0.041666666666666664
0 0.12430555555555556 0.5234375 0.0125 0.019097222222222224
0 0.37916666666666665 0.2282986111111111 0.025 0.029513888888888888