0 0.55 0.5416666666666666 0.5527777777777778 0.5486111111111112 0.55 0.5555555555555556 0.5416666666666666 0.5625 0.5333333333333333 0.5607638888888888 0.5319444444444444 0.546875 0.5361111111111111 0.5416666666666666 0.5486111111111112 0.5416666666666666
0 0.10833333333333334 0.6076388888888888 0.03611111111111111 0.020833333333333332
0 0.7229166666666667 0.3046875 0.020833333333333332 0.03298611111111111
0 0.2222222222222222 0.5972222222222222 0.23055555555555557 0.6041666666666666 0.23055555555555557 0.6163194444444444 0.22361111111111112 0.6197916666666666 0.2152777777777778 0.6163194444444444 0.2111111111111111 0.6059027777777778 0.2111111111111111 0.6006944444444444 0.21388888888888888 0.5972222222222222 0.22083333333333333 0.5972222222222222
0 0.48333333333333334 0.8975694444444444 0.4847222222222222 0.8993055555555556 0.48333333333333334 0.9097222222222222 0.47638888888888886 0.9184027777777778 0.4722222222222222 0.9201388888888888 0.4625 0.9166666666666666 0.4638888888888889 0.9027777777777778 0.4708333333333333 0.8958333333333334 0.48194444444444445 0.8975694444444444
0 0.7069444444444445 0.8975694444444444 0.7097222222222223 0.8993055555555556 0.7138888888888889 0.9097222222222222 0.7125 0.9253472222222222 0.7083333333333334 0.9253472222222222 0.6986111111111111 0.9166666666666666 0.6972222222222222 0.9097222222222222 0.6986111111111111 0.9010416666666666 0.7013888888888888 0.8975694444444444 0.7055555555555556 0.8975694444444444
0 0.44583333333333336 0.640625 0.45 0.6510416666666666 0.45 0.6614583333333334 0.4444444444444444 0.6701388888888888 0.4388888888888889 0.6701388888888888 0.43472222222222223 0.6579861111111112 0.4375 0.6440972222222222 0.44027777777777777 0.640625 0.4444444444444444 0.640625
0 0.49722222222222223 0.7430555555555556 0.4986111111111111 0.7465277777777778 0.49722222222222223 0.7534722222222222 0.4861111111111111 0.7621527777777778 0.48055555555555557 0.7621527777777778 0.4791666666666667 0.7534722222222222 0.4875 0.7430555555555556 0.49027777777777776 0.7413194444444444 0.49583333333333335 0.7430555555555556
0 0.5888888888888889 0.4739583333333333 0.5986111111111111 0.4826388888888889 0.6 0.4913194444444444 0.5972222222222222 0.4965277777777778 0.5861111111111111 0.4965277777777778 0.5777777777777777 0.4861111111111111 0.5763888888888888 0.4722222222222222 0.5819444444444445 0.4704861111111111 0.5875 0.4739583333333333
0 0.8486111111111111 0.2916666666666667 0.8527777777777777 0.296875 0.8555555555555555 0.3055555555555556 0.8555555555555555 0.3125 0.8513888888888889 0.3211805555555556 0.8444444444444444 0.3194444444444444 0.8416666666666667 0.3107638888888889 0.8430555555555556 0.2951388888888889 0.8472222222222222 0.2916666666666667
0 0.7888888888888889 0.5190972222222222 0.7972222222222223 0.5260416666666666 0.8 0.5416666666666666 0.7972222222222223 0.5451388888888888 0.7902777777777777 0.5451388888888888 0.7833333333333333 0.5381944444444444 0.7805555555555556 0.5295138888888888 0.7819444444444444 0.5243055555555556 0.7875 0.5208333333333334
0 0.25833333333333336 0.125 0.2625 0.13368055555555555 0.2611111111111111 0.1388888888888889 0.25277777777777777 0.14756944444444445 0.24722222222222223 0.14583333333333334 0.24583333333333332 0.13368055555555555 0.25 0.1267361111111111 0.2569444444444444 0.125
0 0.3111111111111111 0.7673611111111112 0.31805555555555554 0.78125 0.31666666666666665 0.796875 0.3111111111111111 0.8020833333333334 0.30694444444444446 0.8003472222222222 0.30277777777777776 0.7916666666666666 0.3055555555555556 0.7725694444444444 0.30972222222222223 0.7673611111111112
0 0.2833333333333333 0.1388888888888889 0.29305555555555557 0.1388888888888889 0.3013888888888889 0.15104166666666666 0.3013888888888889 0.1597222222222222 0.2986111111111111 0.16319444444444445 0.2916666666666667 0.16145833333333334 0.2833333333333333 0.1527777777777778 0.28194444444444444 0.14756944444444445 0.2833333333333333 0.140625
0 0.44583333333333336 0.7256944444444444 0.4486111111111111 0.7361111111111112 0.4486111111111111 0.7465277777777778 0.44722222222222224 0.75 0.44166666666666665 0.7534722222222222 0.4375 0.7534722222222222 0.43333333333333335 0.7482638888888888 0.43194444444444446 0.7413194444444444 0.43472222222222223 0.7309027777777778 0.44027777777777777 0.7256944444444444 0.4444444444444444 0.7256944444444444
0 0.9125 0.3506944444444444 0.9166666666666666 0.3576388888888889 0.9166666666666666 0.3628472222222222 0.9097222222222222 0.3715277777777778 0.9 0.3715277777777778 0.8958333333333334 0.3645833333333333 0.9027777777777778 0.3541666666666667 0.9069444444444444 0.3506944444444444 0.9111111111111111 0.3506944444444444
0 0.05138888888888889 0.7326388888888888 0.05555555555555555 0.7395833333333334 0.043055555555555555 0.7534722222222222 0.04027777777777778 0.7517361111111112 0.03888888888888889 0.7413194444444444 0.04027777777777778 0.7326388888888888 0.041666666666666664 0.7309027777777778 0.05 0.7326388888888888
0 0.23333333333333334 0.4791666666666667 0.24027777777777778 0.4826388888888889 0.24444444444444444 0.4878472222222222 0.24722222222222223 0.5 0.24305555555555555 0.5173611111111112 0.23472222222222222 0.5243055555555556 0.2222222222222222 0.5225694444444444 0.21805555555555556 0.5173611111111112 0.2152777777777778 0.5086805555555556 0.2152777777777778 0.4947916666666667 0.21805555555555556 0.4861111111111111 0.22361111111111112 0.4809027777777778 0.23194444444444445 0.4791666666666667
0 0.4597222222222222 0.7083333333333334 0.4666666666666667 0.7118055555555556 0.4708333333333333 0.7170138888888888 0.4722222222222222 0.7256944444444444 0.4708333333333333 0.7413194444444444 0.4666666666666667 0.7517361111111112 0.46111111111111114 0.7569444444444444 0.45694444444444443 0.7569444444444444 0.4513888888888889 0.7517361111111112 0.4486111111111111 0.7465277777777778 0.44722222222222224 0.7326388888888888 0.44722222222222224 0.7204861111111112 0.45 0.7135416666666666 0.4583333333333333 0.7083333333333334
0 0.4618055555555556 0.9878472222222222 0.02361111111111111 0.020833333333333332