0 0.5958333333333333 0.4045138888888889 0.6 0.4079861111111111 0.6 0.4131944444444444 0.5888888888888889 0.4270833333333333 0.5777777777777777 0.4253472222222222 0.5777777777777777 0.4114583333333333 0.5847222222222223 0.4045138888888889 0.5944444444444444 0.4045138888888889
0 0.3819444444444444 0.6493055555555556 0.3875 0.65625 0.3888888888888889 0.6614583333333334 0.38055555555555554 0.6684027777777778 0.37083333333333335 0.6684027777777778 0.36527777777777776 0.6579861111111112 0.36944444444444446 0.6475694444444444 0.38055555555555554 0.6493055555555556
0 0.40069444444444446 0.4097222222222222 0.015277777777777777 0.03125
0 0.043055555555555555 0.8177083333333334 0.05277777777777778 0.8125 0.05694444444444444 0.8125 0.059722222222222225 0.8159722222222222 0.05694444444444444 0.8315972222222222 0.05 0.8420138888888888 0.04583333333333333 0.84375 0.041666666666666664 0.8420138888888888 0.04027777777777778 0.8350694444444444 0.043055555555555555 0.8194444444444444
0 0.27361111111111114 0.8454861111111112 0.2777777777777778 0.8506944444444444 0.2777777777777778 0.859375 0.27361111111111114 0.8663194444444444 0.2611111111111111 0.8663194444444444 0.25555555555555554 0.8576388888888888 0.25972222222222224 0.8489583333333334 0.2652777777777778 0.8454861111111112 0.2722222222222222 0.8454861111111112
0 0.5847222222222223 0.7881944444444444 0.5875 0.7934027777777778 0.5875 0.8055555555555556 0.5847222222222223 0.8090277777777778 0.5736111111111111 0.8090277777777778 0.5680555555555555 0.8003472222222222 0.5680555555555555 0.7934027777777778 0.5722222222222222 0.7864583333333334 0.5777777777777777 0.7847222222222222 0.5833333333333334 0.7881944444444444
0 0.6493055555555556 0.5364583333333334 0.015277777777777777 0.024305555555555556
0 0.10833333333333334 0.125 0.11666666666666667 0.13020833333333334 0.12083333333333333 0.1371527777777778 0.11944444444444445 0.1545138888888889 0.10833333333333334 0.16145833333333334 0.10416666666666667 0.1579861111111111 0.10138888888888889 0.14930555555555555 0.10138888888888889 0.13368055555555555 0.10694444444444444 0.1267361111111111
0 0.25 0.1111111111111111 0.25416666666666665 0.11805555555555555 0.25416666666666665 0.13368055555555555 0.24722222222222223 0.140625 0.2361111111111111 0.1423611111111111 0.23194444444444445 0.140625 0.23333333333333334 0.12152777777777778 0.24027777777777778 0.1111111111111111 0.24305555555555555 0.109375 0.24861111111111112 0.1111111111111111
0 0.925 0.7291666666666666 0.022222222222222223 0.052083333333333336
0 0.6069444444444444 0.005208333333333333 0.6222222222222222 0.013888888888888888 0.6236111111111111 0.019097222222222224 0.6180555555555556 0.024305555555555556 0.6055555555555555 0.027777777777777776 0.5958333333333333 0.026041666666666668 0.5916666666666667 0.017361111111111112 0.5930555555555556 0.008680555555555556 0.5958333333333333 0.005208333333333333 0.6055555555555555 0.005208333333333333
0 0.9208333333333333 0.5538194444444444 0.925 0.5590277777777778 0.9277777777777778 0.5694444444444444 0.9263888888888889 0.5868055555555556 0.9180555555555555 0.5885416666666666 0.9125 0.5815972222222222 0.9125 0.5694444444444444 0.9152777777777777 0.5607638888888888 0.9194444444444444 0.5555555555555556
0 0.5131944444444444 0.7934027777777778 0.020833333333333332 0.027777777777777776
0 0.8694444444444445 0.5416666666666666 0.8791666666666667 0.5538194444444444 0.8805555555555555 0.5590277777777778 0.8791666666666667 0.5746527777777778 0.8708333333333333 0.5746527777777778 0.8652777777777778 0.5642361111111112 0.8652777777777778 0.546875 0.8680555555555556 0.5434027777777778
0 0.6152777777777778 0.8611111111111112 0.6152777777777778 0.8541666666666666 0.6263888888888889 0.8420138888888888 0.6361111111111111 0.8420138888888888 0.6388888888888888 0.8454861111111112 0.6388888888888888 0.8576388888888888 0.6333333333333333 0.8645833333333334 0.6222222222222222 0.8645833333333334 0.6166666666666667 0.8611111111111112
0 0.21666666666666667 0.7586805555555556 0.21944444444444444 0.7621527777777778 0.21805555555555556 0.765625 0.20833333333333334 0.7777777777777778 0.2013888888888889 0.7777777777777778 0.1986111111111111 0.7743055555555556 0.1986111111111111 0.7638888888888888 0.20416666666666666 0.7569444444444444 0.2152777777777778 0.7586805555555556
0 0.7097222222222223 0.4427083333333333 0.7152777777777778 0.453125 0.7152777777777778 0.4600694444444444 0.7125 0.4635416666666667 0.7041666666666667 0.4635416666666667 0.6972222222222222 0.453125 0.6972222222222222 0.4444444444444444 0.7 0.4409722222222222 0.7083333333333334 0.4427083333333333
0 0.8527777777777777 0.4444444444444444 0.8569444444444444 0.4427083333333333 0.8625 0.4444444444444444 0.8763888888888889 0.4548611111111111 0.8763888888888889 0.4704861111111111 0.8722222222222222 0.4739583333333333 0.8680555555555556 0.4739583333333333 0.8611111111111112 0.4670138888888889 0.8527777777777777 0.4461805555555556
0 0.8680555555555556 0.9565972222222222 0.8763888888888889 0.9635416666666666 0.8791666666666667 0.9739583333333334 0.8791666666666667 0.984375 0.8736111111111111 0.9982638888888888 0.8652777777777778 0.9982638888888888 0.8611111111111112 0.9913194444444444 0.8583333333333333 0.9635416666666666 0.8666666666666667 0.9565972222222222
0 0.7597222222222222 0 0.775 0 0.7763888888888889 0.003472222222222222 0.775 0.012152777777777778 0.7722222222222223 0.015625 0.7638888888888888 0.015625 0.7597222222222222 0.010416666666666666 0.7597222222222222 0.001736111111111111
0 0.925 0.11631944444444445 0.9291666666666667 0.12152777777777778 0.9263888888888889 0.1597222222222222 0.9222222222222223 0.16493055555555555 0.9166666666666666 0.16493055555555555 0.9138888888888889 0.16145833333333334 0.9138888888888889 0.140625 0.9236111111111112 0.11805555555555555
0 0.6458333333333334 0.5017361111111112 0.6513888888888889 0.5017361111111112 0.6597222222222222 0.5069444444444444 0.6625 0.5121527777777778 0.6611111111111111 0.5225694444444444 0.65 0.5225694444444444 0.6444444444444445 0.515625 0.6458333333333334 0.5034722222222222
0 0.8777777777777778 0.8263888888888888 0.8833333333333333 0.8402777777777778 0.8833333333333333 0.859375 0.8791666666666667 0.8663194444444444 0.8722222222222222 0.8697916666666666 0.8652777777777778 0.8680555555555556 0.8583333333333333 0.8628472222222222 0.8555555555555555 0.8559027777777778 0.8555555555555555 0.8420138888888888 0.8597222222222223 0.8315972222222222 0.8652777777777778 0.8263888888888888 0.8680555555555556 0.8246527777777778 0.8763888888888889 0.8263888888888888
0 0.6916666666666667 0.4184027777777778 0.6972222222222222 0.4236111111111111 0.6986111111111111 0.4288194444444444 0.6958333333333333 0.4392361111111111 0.6916666666666667 0.4427083333333333 0.6861111111111111 0.4392361111111111 0.6819444444444445 0.4322916666666667 0.6833333333333333 0.421875 0.6861111111111111 0.4184027777777778 0.6902777777777778 0.4184027777777778
0 0.7166666666666667 0.21875 0.7236111111111111 0.2170138888888889 0.7333333333333333 0.22395833333333334 0.7472222222222222 0.2465277777777778 0.7472222222222222 0.2621527777777778 0.7444444444444445 0.265625 0.7402777777777778 0.2673611111111111 0.7333333333333333 0.2621527777777778 0.7263888888888889 0.2517361111111111 0.7166666666666667 0.2204861111111111
0 0.575 0.9357638888888888 0.5763888888888888 0.9496527777777778 0.5708333333333333 0.9548611111111112 0.5666666666666667 0.953125 0.5652777777777778 0.9496527777777778 0.5652777777777778 0.9375 0.5680555555555555 0.9340277777777778 0.5736111111111111 0.9357638888888888
0 0.6402777777777777 0.4947916666666667 0.6472222222222223 0.5034722222222222 0.6458333333333334 0.5086805555555556 0.6472222222222223 0.5173611111111112 0.6444444444444445 0.5190972222222222 0.6347222222222222 0.5173611111111112 0.6291666666666667 0.5086805555555556 0.6291666666666667 0.4982638888888889 0.6319444444444444 0.4947916666666667 0.6388888888888888 0.4947916666666667
0 0.8243055555555555 0.08246527777777778 0.02361111111111111 0.03993055555555555
0 0.8527777777777777 0.8055555555555556 0.8569444444444444 0.8090277777777778 0.8597222222222223 0.8211805555555556 0.8416666666666667 0.8368055555555556 0.8333333333333334 0.8315972222222222 0.8305555555555556 0.8263888888888888 0.8305555555555556 0.8194444444444444 0.8416666666666667 0.8055555555555556 0.8513888888888889 0.8055555555555556
0 0.6430555555555556 0.5451388888888888 0.6513888888888889 0.5486111111111112 0.65 0.578125 0.6430555555555556 0.5850694444444444 0.6375 0.5850694444444444 0.6333333333333333 0.578125 0.6319444444444444 0.5659722222222222 0.6347222222222222 0.5572916666666666 0.6416666666666667 0.546875
0 0.8625 0.4809027777777778 0.8666666666666667 0.484375 0.8680555555555556 0.4895833333333333 0.8680555555555556 0.4965277777777778 0.8638888888888889 0.5 0.8583333333333333 0.4982638888888889 0.8569444444444444 0.4947916666666667 0.8569444444444444 0.484375 0.8611111111111112 0.4809027777777778