0 0.07916666666666666 0.7361111111111112 0.08472222222222223 0.7413194444444444 0.0875 0.7482638888888888 0.0875 0.7604166666666666 0.08333333333333333 0.765625 0.0763888888888889 0.7638888888888888 0.07083333333333333 0.7552083333333334 0.07083333333333333 0.7430555555555556 0.07361111111111111 0.7378472222222222 0.07777777777777778 0.7361111111111112
0 0.11527777777777778 0.5972222222222222 0.11944444444444445 0.5989583333333334 0.12083333333333333 0.609375 0.11666666666666667 0.6180555555555556 0.10972222222222222 0.6215277777777778 0.09861111111111111 0.6197916666666666 0.0875 0.6215277777777778 0.08333333333333333 0.6197916666666666 0.08333333333333333 0.6145833333333334 0.09305555555555556 0.6041666666666666 0.10277777777777777 0.5989583333333334 0.11388888888888889 0.5972222222222222
0 0.20972222222222223 0.5989583333333334 0.2263888888888889 0.6006944444444444 0.23055555555555557 0.609375 0.23055555555555557 0.6145833333333334 0.22777777777777777 0.6197916666666666 0.21666666666666667 0.6197916666666666 0.20972222222222223 0.6076388888888888 0.20972222222222223 0.6006944444444444
0 0.48333333333333334 0.8975694444444444 0.4847222222222222 0.9045138888888888 0.48055555555555557 0.9149305555555556 0.4708333333333333 0.9201388888888888 0.4625 0.9166666666666666 0.46111111111111114 0.9131944444444444 0.4625 0.9045138888888888 0.4652777777777778 0.8993055555555556 0.4708333333333333 0.8958333333333334 0.48194444444444445 0.8975694444444444
0 0.30833333333333335 0.7838541666666666 0.013888888888888888 0.03298611111111111
0 0.44027777777777777 0.65625 0.013888888888888888 0.03125
0 0.44583333333333336 0.7274305555555556 0.4486111111111111 0.734375 0.4486111111111111 0.7447916666666666 0.44166666666666665 0.7534722222222222 0.4375 0.7534722222222222 0.43333333333333335 0.75 0.43194444444444446 0.7378472222222222 0.4375 0.7274305555555556 0.44166666666666665 0.7256944444444444 0.4444444444444444 0.7274305555555556
0 0.7055555555555556 0.8975694444444444 0.7111111111111111 0.9079861111111112 0.7097222222222223 0.9270833333333334 0.7041666666666667 0.9270833333333334 0.6986111111111111 0.9236111111111112 0.6944444444444444 0.9149305555555556 0.6944444444444444 0.9010416666666666 0.6972222222222222 0.8975694444444444 0.7041666666666667 0.8975694444444444
0 0.8069444444444445 0.5416666666666666 0.8125 0.5434027777777778 0.8166666666666667 0.5486111111111112 0.8180555555555555 0.5538194444444444 0.8166666666666667 0.5642361111111112 0.8097222222222222 0.5677083333333334 0.8027777777777778 0.5625 0.8 0.5555555555555556 0.8 0.5486111111111112 0.8027777777777778 0.5434027777777778 0.8055555555555556 0.5434027777777778
0 0.4930555555555556 0.7395833333333334 0.49722222222222223 0.7447916666666666 0.49583333333333335 0.7534722222222222 0.4888888888888889 0.7604166666666666 0.4847222222222222 0.7621527777777778 0.4791666666666667 0.7604166666666666 0.48055555555555557 0.75 0.4888888888888889 0.7413194444444444 0.49166666666666664 0.7413194444444444
0 0.8652777777777778 0.5416666666666666 0.8777777777777778 0.5347222222222222 0.8819444444444444 0.5347222222222222 0.8847222222222222 0.5416666666666666 0.8833333333333333 0.5538194444444444 0.8763888888888889 0.5590277777777778 0.8638888888888889 0.5590277777777778 0.8611111111111112 0.5555555555555556 0.8611111111111112 0.5486111111111112 0.8652777777777778 0.5434027777777778
0 0.8486111111111111 0.2916666666666667 0.8555555555555555 0.3020833333333333 0.8555555555555555 0.3159722222222222 0.85 0.3229166666666667 0.8458333333333333 0.3211805555555556 0.8416666666666667 0.3125 0.8416666666666667 0.2986111111111111 0.8472222222222222 0.2916666666666667
0 0.5875 0.4704861111111111 0.5944444444444444 0.4739583333333333 0.5958333333333333 0.4774305555555556 0.5986111111111111 0.4878472222222222 0.5972222222222222 0.4965277777777778 0.5847222222222223 0.4965277777777778 0.5791666666666667 0.4895833333333333 0.5763888888888888 0.4809027777777778 0.5763888888888888 0.4722222222222222 0.5805555555555556 0.46875 0.5861111111111111 0.4704861111111111
0 0.9111111111111111 0.3489583333333333 0.9152777777777777 0.3541666666666667 0.9152777777777777 0.3628472222222222 0.9138888888888889 0.3663194444444444 0.9055555555555556 0.3715277777777778 0.8986111111111111 0.3697916666666667 0.8958333333333334 0.3663194444444444 0.8958333333333334 0.3611111111111111 0.9027777777777778 0.3489583333333333 0.9097222222222222 0.3489583333333333
0 0.7125 0.3107638888888889 0.7166666666666667 0.3211805555555556 0.7152777777777778 0.3298611111111111 0.7055555555555556 0.3420138888888889 0.7013888888888888 0.3385416666666667 0.7 0.3211805555555556 0.7041666666666667 0.3107638888888889 0.7111111111111111 0.3107638888888889
0 0.4652777777777778 0.9774305555555556 0.46944444444444444 0.9826388888888888 0.46805555555555556 0.9947916666666666 0.4638888888888889 0.9982638888888888 0.4444444444444444 0.9982638888888888 0.4444444444444444 0.9878472222222222 0.4486111111111111 0.9826388888888888 0.4638888888888889 0.9791666666666666
0 0.8472222222222222 0.5208333333333334 0.8555555555555555 0.5277777777777778 0.8569444444444444 0.5399305555555556 0.8555555555555555 0.5572916666666666 0.85 0.5625 0.8319444444444445 0.5520833333333334 0.8277777777777777 0.5451388888888888 0.8291666666666667 0.53125 0.8333333333333334 0.5260416666666666 0.8458333333333333 0.5208333333333334
0 0.46111111111111114 0.7100694444444444 0.4652777777777778 0.7118055555555556 0.4708333333333333 0.7204861111111112 0.4708333333333333 0.7378472222222222 0.4666666666666667 0.7430555555555556 0.4527777777777778 0.7395833333333334 0.45 0.734375 0.4486111111111111 0.7274305555555556 0.45 0.7152777777777778 0.45555555555555555 0.7100694444444444 0.4597222222222222 0.7100694444444444
0 0.31666666666666665 0.1423611111111111 0.32083333333333336 0.1440972222222222 0.3236111111111111 0.14930555555555555 0.31805555555555554 0.16145833333333334 0.30694444444444446 0.1701388888888889 0.30277777777777776 0.1701388888888889 0.2972222222222222 0.16493055555555555 0.2972222222222222 0.1597222222222222 0.30277777777777776 0.14930555555555555 0.3111111111111111 0.1440972222222222 0.31527777777777777 0.1440972222222222
0 0.2569444444444444 0.125 0.2625 0.13020833333333334 0.2625 0.1371527777777778 0.25555555555555554 0.14756944444444445 0.2513888888888889 0.14930555555555555 0.24583333333333332 0.14583333333333334 0.24583333333333332 0.13541666666666666 0.25 0.1267361111111111 0.25555555555555554 0.125
0 0.5645833333333333 0.5355902777777778 0.018055555555555554 0.03298611111111111
0 0.23194444444444445 0.4791666666666667 0.24305555555555555 0.4861111111111111 0.24583333333333332 0.4982638888888889 0.24305555555555555 0.5173611111111112 0.2388888888888889 0.5225694444444444 0.23194444444444445 0.5260416666666666 0.22083333333333333 0.5225694444444444 0.2152777777777778 0.5138888888888888 0.2152777777777778 0.4930555555555556 0.21805555555555556 0.4861111111111111 0.22361111111111112 0.4809027777777778 0.23055555555555557 0.4791666666666667
0 0.4527777777777778 0.7378472222222222 0.46805555555555556 0.7430555555555556 0.4652777777777778 0.7552083333333334 0.45416666666666666 0.7569444444444444 0.4513888888888889 0.7517361111111112 0.4513888888888889 0.7395833333333334
0 0.7777777777777778 0.3472222222222222 0.7819444444444444 0.3506944444444444 0.7833333333333333 0.3645833333333333 0.7763888888888889 0.3697916666666667 0.7708333333333334 0.3680555555555556 0.7666666666666667 0.359375 0.7680555555555556 0.3489583333333333 0.7763888888888889 0.3472222222222222
0 0.41805555555555557 0.7239583333333334 0.4263888888888889 0.7291666666666666 0.4263888888888889 0.7378472222222222 0.4222222222222222 0.7447916666666666 0.4166666666666667 0.7447916666666666 0.4097222222222222 0.7291666666666666 0.4111111111111111 0.7256944444444444 0.4166666666666667 0.7239583333333334