0 0.10694444444444444 0.6041666666666666 0.10972222222222222 0.6059027777777778 0.10833333333333334 0.6267361111111112 0.10138888888888889 0.6336805555555556 0.0875 0.6371527777777778 0.07916666666666666 0.6354166666666666 0.08333333333333333 0.625 0.09722222222222222 0.6076388888888888 0.10555555555555556 0.6041666666666666
0 0.4791666666666667 0.8958333333333334 0.4847222222222222 0.9027777777777778 0.48194444444444445 0.9114583333333334 0.4736111111111111 0.9201388888888888 0.4625 0.9166666666666666 0.4625 0.90625 0.46805555555555556 0.8975694444444444 0.4777777777777778 0.8958333333333334
0 0.3055555555555556 0.7638888888888888 0.30972222222222223 0.7743055555555556 0.30972222222222223 0.7951388888888888 0.3055555555555556 0.8020833333333334 0.2986111111111111 0.8003472222222222 0.2986111111111111 0.7743055555555556 0.3 0.7673611111111112 0.30416666666666664 0.7638888888888888
0 0.07361111111111111 0.7048611111111112 0.08055555555555556 0.7118055555555556 0.08055555555555556 0.7204861111111112 0.07777777777777778 0.7274305555555556 0.075 0.7309027777777778 0.06527777777777778 0.7309027777777778 0.0625 0.7274305555555556 0.06527777777777778 0.7118055555555556 0.06944444444444445 0.7065972222222222 0.07222222222222222 0.7065972222222222
0 0.7083333333333334 0.3229166666666667 0.7138888888888889 0.328125 0.7166666666666667 0.3350694444444444 0.7152777777777778 0.34375 0.7083333333333334 0.3541666666666667 0.7027777777777777 0.3541666666666667 0.7 0.3420138888888889 0.7013888888888888 0.3298611111111111 0.7069444444444445 0.3229166666666667
0 0.8458333333333333 0.5885416666666666 0.8486111111111111 0.5902777777777778 0.8486111111111111 0.5954861111111112 0.8444444444444444 0.6006944444444444 0.8305555555555556 0.6076388888888888 0.8263888888888888 0.6076388888888888 0.8222222222222222 0.6041666666666666 0.8222222222222222 0.5920138888888888 0.8263888888888888 0.5885416666666666 0.8444444444444444 0.5885416666666666
0 0.21388888888888888 0.6006944444444444 0.2222222222222222 0.6041666666666666 0.225 0.609375 0.225 0.6180555555555556 0.22361111111111112 0.6215277777777778 0.21944444444444444 0.6232638888888888 0.2111111111111111 0.6215277777777778 0.20416666666666666 0.609375 0.20555555555555555 0.6006944444444444 0.2125 0.6006944444444444
0 0.4930555555555556 0.7413194444444444 0.49583333333333335 0.7447916666666666 0.49583333333333335 0.7534722222222222 0.4930555555555556 0.7586805555555556 0.4861111111111111 0.7621527777777778 0.4777777777777778 0.7604166666666666 0.47638888888888886 0.7534722222222222 0.48055555555555557 0.7447916666666666 0.49166666666666664 0.7413194444444444
0 0.7041666666666667 0.8975694444444444 0.7083333333333334 0.9045138888888888 0.7097222222222223 0.9149305555555556 0.7083333333333334 0.9270833333333334 0.7027777777777777 0.9270833333333334 0.6972222222222222 0.9236111111111112 0.6930555555555555 0.9149305555555556 0.6930555555555555 0.8993055555555556 0.6972222222222222 0.8958333333333334 0.7027777777777777 0.8975694444444444
0 0.44166666666666665 0.6440972222222222 0.44305555555555554 0.6631944444444444 0.4388888888888889 0.6753472222222222 0.43194444444444446 0.6736111111111112 0.42916666666666664 0.6649305555555556 0.42916666666666664 0.65625 0.43472222222222223 0.6423611111111112 0.44027777777777777 0.6440972222222222
0 0.9111111111111111 0.3489583333333333 0.9152777777777777 0.3541666666666667 0.9152777777777777 0.3611111111111111 0.9083333333333333 0.3697916666666667 0.9 0.3697916666666667 0.8958333333333334 0.3663194444444444 0.8958333333333334 0.3628472222222222 0.9027777777777778 0.3489583333333333 0.9069444444444444 0.3472222222222222 0.9097222222222222 0.3489583333333333
0 0.85 0.2934027777777778 0.8541666666666666 0.3038194444444444 0.8541666666666666 0.3142361111111111 0.8513888888888889 0.3229166666666667 0.8444444444444444 0.3229166666666667 0.8402777777777778 0.3142361111111111 0.8402777777777778 0.2986111111111111 0.8430555555555556 0.2934027777777778 0.8458333333333333 0.2916666666666667 0.8486111111111111 0.2934027777777778
0 0.4444444444444444 0.7291666666666666 0.4486111111111111 0.7395833333333334 0.4486111111111111 0.7465277777777778 0.4444444444444444 0.7534722222222222 0.44027777777777777 0.7552083333333334 0.43194444444444446 0.75 0.43194444444444446 0.7413194444444444 0.4361111111111111 0.7309027777777778 0.44305555555555554 0.7291666666666666
0 0.9388888888888889 0.4548611111111111 0.9416666666666667 0.4565972222222222 0.95 0.4739583333333333 0.9486111111111111 0.4826388888888889 0.9444444444444444 0.484375 0.9375 0.4826388888888889 0.9319444444444445 0.4722222222222222 0.9319444444444445 0.4618055555555556 0.9375 0.4548611111111111
0 0.4625 0.9739583333333334 0.4652777777777778 0.9774305555555556 0.4652777777777778 0.9861111111111112 0.4638888888888889 0.9930555555555556 0.4597222222222222 0.9982638888888888 0.44166666666666665 0.9982638888888888 0.44166666666666665 0.984375 0.4527777777777778 0.9756944444444444 0.46111111111111114 0.9739583333333334
0 0.5916666666666667 0.4722222222222222 0.5958333333333333 0.4756944444444444 0.5986111111111111 0.4826388888888889 0.5986111111111111 0.4965277777777778 0.5944444444444444 0.4982638888888889 0.5805555555555556 0.4965277777777778 0.5736111111111111 0.4809027777777778 0.5736111111111111 0.4756944444444444 0.5763888888888888 0.4704861111111111 0.5902777777777778 0.4722222222222222
0 0.8729166666666667 0.5477430555555556 0.02638888888888889 0.022569444444444444
0 0.25972222222222224 0.125 0.2638888888888889 0.1284722222222222 0.2638888888888889 0.13368055555555555 0.2513888888888889 0.14930555555555555 0.24583333333333332 0.14583333333333334 0.24583333333333332 0.13194444444444445 0.2513888888888889 0.125 0.25833333333333336 0.125
0 0.4597222222222222 0.7118055555555556 0.4652777777777778 0.7135416666666666 0.46944444444444444 0.71875 0.4708333333333333 0.7239583333333334 0.46944444444444444 0.7430555555555556 0.4638888888888889 0.7465277777777778 0.45416666666666666 0.7395833333333334 0.4513888888888889 0.71875 0.4527777777777778 0.7152777777777778 0.4583333333333333 0.7135416666666666
0 0.8486111111111111 0.5416666666666666 0.8555555555555555 0.5503472222222222 0.8541666666666666 0.5572916666666666 0.8458333333333333 0.5642361111111112 0.8388888888888889 0.5572916666666666 0.8402777777777778 0.5486111111111112 0.8472222222222222 0.5434027777777778
0 0.8416666666666667 0.5208333333333334 0.8486111111111111 0.5260416666666666 0.85 0.5451388888888888 0.8444444444444444 0.546875 0.8402777777777778 0.5555555555555556 0.8319444444444445 0.5555555555555556 0.8236111111111111 0.5486111111111112 0.8222222222222222 0.5451388888888888 0.8236111111111111 0.53125 0.8305555555555556 0.5243055555555556 0.8402777777777778 0.5225694444444444
0 0.4527777777777778 0.7395833333333334 0.46805555555555556 0.7447916666666666 0.4625 0.7586805555555556 0.45416666666666666 0.7586805555555556 0.45 0.75 0.4527777777777778 0.7413194444444444
0 0.3159722222222222 0.1501736111111111 0.015277777777777777 0.043402777777777776
0 0.5840277777777778 0.53125 0.015277777777777777 0.041666666666666664
0 0.22847222222222222 0.5034722222222222 0.03194444444444444 0.04513888888888889
0 0.775 0.3472222222222222 0.7805555555555556 0.3506944444444444 0.7805555555555556 0.3663194444444444 0.7763888888888889 0.3697916666666667 0.7694444444444445 0.3680555555555556 0.7666666666666667 0.3645833333333333 0.7666666666666667 0.3506944444444444 0.7694444444444445 0.3472222222222222 0.7736111111111111 0.3472222222222222
0 0.7076388888888889 0.4149305555555556 0.0125 0.017361111111111112
0 0.7902777777777777 0.3680555555555556 0.7944444444444444 0.3732638888888889 0.7944444444444444 0.3819444444444444 0.7972222222222223 0.3871527777777778 0.7944444444444444 0.3940972222222222 0.7833333333333333 0.3940972222222222 0.7791666666666667 0.3888888888888889 0.7777777777777778 0.3697916666666667 0.7888888888888889 0.3680555555555556